         MJD         m       dm   uJy  duJy F  err  chi/N       RA       Dec        x        y   maj   min   phi  apfit  mag5sig   Sky            Obs    Mask    duJy_new
57317.458118 19.051202      NaN     2    28 c    0   1.01 68.13022 -32.43066  5732.56  5235.43  4.41  4.02 -65.3 -0.432    18.71 20.23 02a57317o0360c       0   32.034114
57317.475389 19.183773      NaN     7    23 c    0   1.13 68.13022 -32.43066  7186.00  3801.08  4.44  4.31  28.8 -0.424    19.03 20.80 02a57317o0387c       0   27.770208
57317.491421 19.102305      NaN    16    22 c    0   0.94 68.13022 -32.43066  7178.12  3803.29  4.45  4.33  15.4 -0.418    19.23 21.19 02a57317o0412c       0   26.947810
57370.381278 19.631075      NaN   -12    17 c    0   1.00 68.13022 -32.43066  5423.19  5567.85  3.94  3.65 -74.7 -0.433    19.52 21.54 02a57370o0323c       0   23.047439
57370.399077 19.631075      NaN     8    14 c    0   1.53 68.13022 -32.43066  5792.78  5459.61  3.98  3.81 -65.1 -0.413    19.49 21.53 02a57370o0349c       0   20.932856
57370.416799 19.631075      NaN    -4    17 c    0   0.99 68.13022 -32.43066  4942.95  4303.10  4.10  3.81 -37.1 -0.411    19.53 21.56 02a57370o0374c       0   23.047439
57370.435786 19.631075      NaN   -23    17 c    0   0.99 68.13022 -32.43066  4647.48  6040.51  4.17  3.85 -61.6 -0.393    19.46 21.52 02a57370o0403c       0   23.047439
57373.393685 19.510313      NaN    -2    19 c    0   0.89 68.13022 -32.43066  5504.36  4881.53  4.89  4.58 -48.8 -0.371    19.37 21.67 02a57373o0065c       0   24.559814
57373.408739 19.491430      NaN     6    17 c    0   1.15 68.13022 -32.43066  5800.28  5464.49  4.56  4.21 -58.4 -0.412    19.47 21.74 02a57373o0090c       0   23.047439
57373.421007 19.569016      NaN   -65    18 c    0   1.11 68.13022 -32.43066  4947.23  4303.70  5.11  4.65 -32.7 -0.378    19.44 21.80 02a57373o0109c       0   23.794631
57397.305459 19.696897      NaN   -47    16 c    0   0.83 68.13022 -32.43066  5290.12  5363.06  3.90  3.67 -76.0 -0.420    19.55 21.55 02a57397o0180c    8192   22.320046
57423.265598 19.510313      NaN   -31    19 c    0   1.21 68.13022 -32.43066  4480.92  5520.03  4.13  4.01 -88.7 -0.387    19.22 21.06 02a57423o0092c       0   24.559814
57423.280998 19.454622      NaN   -18    20 c    0   0.93 68.13022 -32.43066  4223.28  4942.85  4.37  4.21 -62.4 -0.374    19.19 21.09 02a57423o0117c       0   25.341358
57423.296416 19.436675      NaN     6    18 c    0   1.09 68.13022 -32.43066  5410.39  4373.03  4.01  3.91 -82.1 -0.398    19.27 21.11 02a57423o0142c       0   23.794631
57423.311859 19.491430      NaN     0    19 c    0   0.85 68.13022 -32.43066  5668.56  4489.18  3.97  3.87  82.3 -0.399    19.30 21.17 02a57423o0167c       0   24.559814
57429.250267 19.454622      NaN   -33    20 c    0   0.93 68.13022 -32.43066  4601.94  5565.61  4.13  4.01 -69.3 -0.440    19.40 21.39 02a57429o0142c       0   25.341358
57429.265574 19.454622      NaN   -25    20 c    0   0.97 68.13022 -32.43066  4340.41  4988.89  4.07  3.91 -67.3 -0.443    19.44 21.42 02a57429o0167c       0   25.341358
57429.281015 19.569016      NaN   -16    18 c    0   1.01 68.13022 -32.43066  5527.02  4419.29  4.03  3.90 -46.2 -0.449    19.45 21.45 02a57429o0192c       0   23.794631
57429.296429 19.766969      NaN   -11    15 c    0   1.38 68.13022 -32.43066  5654.25  4496.28  3.90  3.84 -63.5 -0.459    19.48 21.45 02a57429o0217c       0   21.614450
57430.251071 19.401649      NaN   -23    21 c    0   1.23 68.13022 -32.43066  4464.89  5359.71  3.86  3.84 -66.9 -0.487    19.28 21.09 02a57430o0106c       0   26.137797
57430.265905 19.351140      NaN   -37    22 c    0   0.94 68.13022 -32.43066  4204.92  4782.43  3.94  3.80 -42.5 -0.487    19.32 21.12 02a57430o0130c       0   26.947810
57430.281346 19.510313      NaN   -20    19 c    0   0.98 68.13022 -32.43066  5392.42  4212.05  4.00  3.93 -44.7 -0.456    19.31 21.15 02a57430o0155c       0   24.559814
57430.296766 19.569016      NaN   -20    18 c    0   1.09 68.13022 -32.43066  5648.57  4482.56  3.76  3.69 -67.9 -0.469    19.35 21.14 02a57430o0180c       0   23.794631
57453.233539 19.089302      NaN   -69    28 c    0   0.93 68.13022 -32.43066  4719.09  5724.30  4.16  3.68 -78.8 -0.503    19.06 20.85 02a57453o0033c       0   32.034114
57453.244838 19.212347      NaN   -21    25 c    0   1.18 68.13022 -32.43066  4444.85  5137.72  4.11  3.64 -66.8 -0.486    19.14 21.01 02a57453o0055c       0   29.447996
57453.260311 19.212347      NaN   -57    25 c    0   0.97 68.13022 -32.43066  5607.42  4560.68  4.10  3.59 -63.6 -0.500    19.08 20.96 02a57453o0086c       0   29.447996
57453.277785 19.351140      NaN    -8    22 c    0   0.96 68.13022 -32.43066  5595.08  4504.83  3.86  3.73 -84.3 -0.513    19.23 21.03 02a57453o0121c       0   26.947810
57457.225773 18.336727      NaN   -25    56 c    0   0.99 68.13022 -32.43066  4785.44  5666.28  4.20  3.72 -73.2 -0.521    18.30 19.64 02a57457o0043c       0   58.122151
57457.234614 18.878500      NaN    -5    34 c    0   0.96 68.13022 -32.43066  4495.11  5082.01  4.06  3.06 -59.9 -0.430    18.72 20.49 02a57457o0061c       0   37.392305
57457.250621 19.197966      NaN     0    25 c    0   1.22 68.13022 -32.43066  5661.04  4508.22  4.39  3.91 -57.4 -0.498    19.03 20.98 02a57457o0091c       0   29.447996
57457.269100 18.786693      NaN   -61    37 c    0   0.79 68.13022 -32.43066  5597.13  4507.58  4.68  3.60 -48.3 -0.441    18.72 20.72 02a57457o0127c       0   40.139562
57461.224883 18.298627      NaN   -64    58 c    0   1.09 68.13022 -32.43066  4724.02  5761.34  3.96  3.69  86.8 -0.515    18.16 18.98 02a57461o0031c       0   60.051515
57461.230392 18.847027      NaN   -19    35 c    0   0.91 68.13022 -32.43066  4447.96  5176.63  3.97  3.75 -76.0 -0.514    18.65 19.88 02a57461o0042c       0   38.303844
57461.240228 17.821591      NaN    89    60 c    0   1.31 68.13022 -32.43066  5611.29  4601.85  4.03  3.96  64.5 -0.519    17.98 19.47 02a57461o0062c       0   61.985357
57461.254571 15.114960      NaN   307   986 c    0   0.88 68.13022 -32.43066  5597.72  4504.20  3.85  3.68 -70.4 -0.517    15.64 16.61 02a57461o0091c       2  986.122804
57659.633609 19.510313      NaN    -6    19 c    0   0.92 68.13022 -32.43066  6507.38  6703.97  3.48  3.27 -57.7 -0.437    19.40 21.13 02a57659o0761c    8192   24.559814
57659.648435 16.440934      NaN   -93   321 c    0   1.44 68.13022 -32.43066  6492.59  6666.72  3.55  3.43 -56.4 -0.493    17.47 17.46 02a57659o0790c       2  321.377013
57663.623080 18.582238      NaN    25    36 c    0   0.88 68.13022 -32.43066  3926.80  6651.21  3.73  3.62  59.3 -0.400    18.67 20.38 02a57663o0399c    8192   39.219695
57663.639056 17.685696      NaN   -86   102 c    0   0.96 68.13022 -32.43066  3911.84  6611.55  3.64  3.56  66.4 -0.410    17.59 18.96 02a57663o0430c       2  103.180349
57667.607795 19.169763      NaN   -57    26 c    0   1.25 68.13022 -32.43066  3144.48  6485.41  3.70  3.58  63.0 -0.406    18.89 20.68 02a57667o0772c       0   30.301559
57667.623729 18.317510      NaN   -19    57 c    0   1.00 68.13022 -32.43066  3112.91  6445.31  3.63  3.55  43.1 -0.411    18.07 19.77 02a57667o0803c       0   59.086246
57667.639651 18.298627      NaN  -133    58 c    0   0.91 68.13022 -32.43066  3180.74  6542.64  3.60  3.50  63.1 -0.414    18.01 19.46 02a57667o0834c       0   60.051515
57687.520540 19.631075      NaN     2    16 c    0   1.23 68.13022 -32.43066  5974.45  6928.21  3.68  3.60 -79.6 -0.426    19.49 21.31 02a57687o0669c       0   22.320046
57687.533883 19.766969      NaN   -14    15 c    0   1.31 68.13022 -32.43066  5958.38  6890.19  3.66  3.55 -87.7 -0.426    19.50 21.30 02a57687o0696c       0   21.614450
57687.547157 19.569016      NaN   -10    18 c    0   0.75 68.13022 -32.43066  6007.39  6970.55  3.67  3.54 -83.5 -0.430    19.48 21.27 02a57687o0723c       0   23.794631
57687.560543 19.063754      NaN    31    18 c    0   1.08 68.13022 -32.43066  6027.62  6854.24  3.65  3.53 -80.4 -0.435    19.44 21.18 02a57687o0750c       0   23.794631
57687.573579 19.631075      NaN   -20    17 c    0   1.33 68.13022 -32.43066  5997.31  6911.09  3.65  3.54 -85.1 -0.432    19.40 21.09 02a57687o0776c       0   23.047439
57691.547136 19.631075      NaN    -9    17 c    0   1.01 68.13022 -32.43066  4709.14  4684.57  4.17  4.01  87.3 -0.359    19.48 21.50 02a57691o0299c       0   23.047439
57691.560540 19.696897      NaN   -10    16 c    0   1.30 68.13022 -32.43066  4744.80  4568.55  4.25  4.09  86.8 -0.354    19.46 21.47 02a57691o0325c       0   22.320046
57691.574432 19.472870      NaN     7    17 c    0   1.02 68.13022 -32.43066  4697.67  4624.79  4.06  3.92 -88.2 -0.359    19.46 21.40 02a57691o0352c       0   23.047439
57699.493961 19.089302      NaN    26    19 c    0   1.05 68.13022 -32.43066  5222.96  6967.55  3.59  3.55  67.7 -0.430    19.36 21.04 02a57699o0600c       0   24.559814
57699.509866 13.621088      NaN  4279  2883 c    0   1.02 68.13022 -32.43066  5209.18  6927.77  3.69  3.63  51.2 -0.404    13.85 15.55 02a57699o0631c       2 2883.042002
57699.525766 19.351140      NaN     5    20 c    0   1.10 68.13022 -32.43066  5274.32  7003.55  3.94  3.80  64.3 -0.392    19.24 21.00 02a57699o0662c       0   25.341358
57699.541228 18.878500      NaN   -23    34 c    0   1.18 68.13022 -32.43066  5292.75  6886.85  3.75  3.66  67.4 -0.415    18.64 20.29 02a57699o0692c       0   37.392305
57699.556172 18.806434      NaN    36    24 c    0   1.18 68.13022 -32.43066  5261.89  6942.84  3.54  3.48 -82.7 -0.446    18.92 20.50 02a57699o0721c       0   28.603924
57715.461432 19.696897      NaN   -32    16 c    0   1.13 68.13022 -32.43066  3335.14  4870.17  4.30  4.20  69.2 -0.351    19.50 21.65 02a57715o0548c       0   22.320046
57715.474870 18.298627      NaN    -4    58 c    0   0.90 68.13022 -32.43066  3321.04  4831.37  4.44  4.35  86.9 -0.345    18.10 20.16 02a57715o0574c       0   60.051515
57715.488826 19.569016      NaN   -29    18 c    0   1.08 68.13022 -32.43066  3388.78  4911.11  4.37  4.27  68.7 -0.347    19.27 21.37 02a57715o0601c       0   23.794631
57747.376374 19.384550      NaN     9    18 c    0   0.79 68.13022 -32.43066  3381.33  5131.96  3.99  3.88  72.6 -0.369    19.53 21.49 02a57747o0380c       0   23.794631
57747.389442 19.318728      NaN    16    17 c    0   1.09 68.13022 -32.43066  3349.61  5093.42  4.14  4.02  64.6 -0.363    19.49 21.49 02a57747o0406c       0   23.047439
57747.402482 19.367717      NaN    10    18 c    0   1.03 68.13022 -32.43066  3414.95  5172.61  4.11  4.02  54.6 -0.363    19.49 21.48 02a57747o0432c       0   23.794631
57747.415458 19.472870      NaN    10    16 c    0   1.46 68.13022 -32.43066  3433.64  5056.26  4.43  4.03   5.8 -0.366    19.41 21.44 02a57747o0458c       0   22.320046
57747.428399 19.183773      NaN    22    18 c    0   0.92 68.13022 -32.43066  3403.44  5112.77  4.40  4.07   2.8 -0.361    19.42 21.48 02a57747o0484c       0   23.794631
57755.361607 19.609992      NaN     3    16 c    0   0.84 68.13022 -32.43066  5565.02  6442.51  3.70  3.56  76.1 -0.398    19.71 21.68 02a57755o0325c       0   22.320046
57755.374020 19.652575      NaN     7    14 c    0   1.48 68.13022 -32.43066  5549.96  6404.42  3.71  3.56  71.7 -0.397    19.71 21.71 02a57755o0349c       0   20.932856
57755.387921 19.766969      NaN   -46    15 c    0   1.11 68.13022 -32.43066  5598.74  6483.56  3.73  3.56  74.9 -0.402    19.70 21.70 02a57755o0375c       0   21.614450
57755.401644 19.766969      NaN   -39    15 c    0   0.90 68.13022 -32.43066  5618.15  6365.69  3.69  3.53  81.6 -0.399    19.69 21.67 02a57755o0401c       0   21.614450
57755.414931 19.549093      NaN     3    17 c    0   0.86 68.13022 -32.43066  5587.41  6422.44  3.71  3.55  84.2 -0.401    19.65 21.63 02a57755o0426c       0   23.047439
57779.310337 19.696897      NaN   -17    16 c    0   0.81 68.13022 -32.43066  5048.09  6783.14  3.91  3.74  76.1 -0.389    19.68 21.78 02a57779o0185c       0   22.320046
57779.323297 19.589310      NaN     7    15 c    0   1.08 68.13022 -32.43066  5016.87  6742.90  4.03  3.78  81.2 -0.384    19.64 21.72 02a57779o0210c       0   21.614450
57779.337522 19.491430      NaN     9    16 c    0   1.05 68.13022 -32.43066  5084.56  6819.90  3.92  3.73  78.5 -0.408    19.62 21.65 02a57779o0237c       0   22.320046
57783.304179 19.569016      NaN    -3    18 c    0   0.98 68.13022 -32.43066  4120.06  4954.71  3.97  3.82 -89.9 -0.419    19.61 21.66 02a57783o0171c       0   23.794631
57783.318670 19.569016      NaN   -22    18 c    0   1.03 68.13022 -32.43066  4090.59  4913.57  3.95  3.81 -83.9 -0.412    19.55 21.56 02a57783o0197c       0   23.794631
57783.332373 19.226921      NaN    16    19 c    0   0.85 68.13022 -32.43066  4158.76  4990.77  4.08  3.99 -26.1 -0.389    19.47 21.49 02a57783o0223c       0   24.559814
57787.256410 19.169763      NaN   -39    26 c    0   0.97 68.13022 -32.43066  3296.34  3747.30  4.17  4.03  75.2 -0.366    18.96 20.47 02a57787o0077c       0   30.301559
57787.268455 19.169763      NaN   -14    26 c    0   1.04 68.13022 -32.43066  3280.41  3709.66  4.36  4.27  71.8 -0.362    18.90 20.46 02a57787o0101c       0   30.301559
57787.279736 18.967180      NaN     9    28 c    0   0.95 68.13022 -32.43066  3346.75  3788.56  4.09  3.99  76.6 -0.369    18.97 20.46 02a57787o0124c       0   32.034114
57787.296603 18.967180      NaN    15    26 c    0   0.86 68.13022 -32.43066  3365.36  3672.73  4.05  3.94 -85.7 -0.381    19.00 20.49 02a57787o0157c       0   30.301559
57787.310492 19.169763      NaN   -17    26 c    0   0.97 68.13022 -32.43066  3335.91  3728.47  4.11  4.08 -16.2 -0.365    18.95 20.48 02a57787o0185c       0   30.301559
57803.286236 19.674510      NaN     0    16 c    0   0.80 68.13022 -32.43066  6130.99  5180.99  3.93  3.73  85.1 -0.380    19.52 21.47 02a57803o0126c       0   22.320046
57803.308986 19.696897      NaN    -9    16 c    0   1.18 68.13022 -32.43066  6166.59  5217.86  3.85  3.68  86.7 -0.383    19.51 21.45 02a57803o0171c       0   22.320046
57803.321371 19.472870      NaN     4    18 c    0   1.09 68.13022 -32.43066  6185.17  5099.78  3.92  3.77  84.7 -0.374    19.46 21.42 02a57803o0195c       0   23.794631
57803.333075 19.569016      NaN   -27    18 c    0   1.15 68.13022 -32.43066  6154.86  5155.47  3.94  3.72  88.9 -0.379    19.40 21.32 02a57803o0217c       0   23.794631
57807.269826 19.631075      NaN    -9    17 c    0   0.93 68.13022 -32.43066  3396.36  6865.42  3.82  3.70  66.6 -0.387    19.54 21.51 02a57807o0082c       0   23.047439
57807.283809 19.401649      NaN    11    17 c    0   1.08 68.13022 -32.43066  3381.86  6824.85  3.85  3.72  64.4 -0.381    19.49 21.44 02a57807o0109c       0   23.047439
57807.298167 19.287255      NaN    15    18 c    0   1.00 68.13022 -32.43066  3433.29  6900.95  3.78  3.69  73.7 -0.389    19.46 21.38 02a57807o0137c       0   23.794631
57807.313189 19.384550 0.322328    63    19 c    0   0.98 68.13022 -32.43066  3469.59  6781.05  3.87  3.77  87.2 -0.375    19.38 21.31 02a57807o0166c       0   24.559814
57811.260883 17.170087      NaN    62   143 c    0   1.20 68.13022 -32.43066  3698.67  4530.44  4.10  3.88  78.2 -0.404    17.34 19.15 02a57811o0072c       2  143.844306
57811.275813 18.280067      NaN   -55    59 c    0   1.17 68.13022 -32.43066  3684.49  4488.25  4.15  3.96  85.6 -0.398    18.08 19.99 02a57811o0101c    8192   61.017903
57811.290456 17.527492      NaN  -142   118 c    0   1.13 68.13022 -32.43066  3737.62  4564.12  4.03  3.84  89.3 -0.400    17.59 19.43 02a57811o0129c       2  119.021781
57811.304957 19.569016      NaN   -22    18 c    0   1.13 68.13022 -32.43066  3756.11  4445.01  3.99  3.81 -85.5 -0.404    19.45 21.43 02a57811o0157c    8192   23.794631
58013.583787 20.321591      NaN    -3     9 c    0   1.06 68.13022 -32.43066  3575.55  1200.66  2.52  2.43  76.1 -0.422    19.68 21.50 02a58013o0798c       0   17.977332
58013.592910 20.321591      NaN     2     8 c    0   1.37 68.13022 -32.43066  3590.12  1240.72  2.63  2.55  73.4 -0.412    19.66 21.50 02a58013o0818c       0   17.498127
58013.604819 20.207197      NaN   -11    10 c    0   0.92 68.13022 -32.43066  3537.71  1165.48  2.61  2.49  73.9 -0.410    19.70 21.53 02a58013o0844c       0   18.498228
58013.617276 20.103715      NaN     2    10 c    0   1.05 68.13022 -32.43066  3516.99  1284.81  2.72  2.63  78.9 -0.405    19.64 21.48 02a58013o0871c       0   18.498228
58017.589642 20.207197      NaN    -4    10 c    0   1.36 68.13022 -32.43066 10250.84  9815.08  2.79  2.73  65.4 -0.438    19.62 21.51 02a58017o0670c       0   18.498228
58017.599007 20.009244      NaN   -11    12 c    0   1.03 68.13022 -32.43066 10268.74  9855.79  2.80  2.67  87.3 -0.442    19.69 21.51 02a58017o0690c       0   19.651576
58017.602660 14.422880      NaN  2817  1120 c    0   9.86 68.13022 -32.43066  3208.83    31.91  2.97  2.51  47.8 -0.416    19.62 21.44 02a58017o0698c       2 1120.108113
58017.604027 19.696897      NaN    14    11 c    0   1.13 68.13022 -32.43066 10214.81  9775.81  2.70  2.64  44.1 -0.451    19.69 21.50 02a58017o0701c       0   19.057399
58017.608603 19.922338      NaN   -15    13 c    0   0.81 68.13022 -32.43066   877.48  9778.25  2.96  2.44  42.6 -0.423    19.69 21.50 02a58017o0711c       0   20.277684
58017.613169 19.719755      NaN    13    11 c    0   1.32 68.13022 -32.43066 10196.00  9894.99  2.76  2.68  75.4 -0.441    19.68 21.51 02a58017o0721c       0   19.057399
58017.615480 20.009244      NaN   -15    12 c    0   1.11 68.13022 -32.43066   829.74  9741.19  2.93  2.40  41.0 -0.441    19.70 21.51 02a58017o0726c       0   19.651576
58017.617307 19.922338      NaN   -10    13 c    0   0.87 68.13022 -32.43066   892.17  9818.46  3.03  2.48  43.7 -0.431    19.68 21.51 02a58017o0730c       0   20.277684
58017.625096 20.207197      NaN    -7    10 c    0   1.44 68.13022 -32.43066   807.20  9860.04  2.93  2.43  42.1 -0.428    19.73 21.51 02a58017o0747c       0   18.498228
58017.625552 20.207197      NaN   -15    10 c    0   1.35 68.13022 -32.43066  3119.40    74.68  2.88  2.48  49.2 -0.420    19.65 21.46 02a58017o0748c       0   18.498228
58021.596188 19.631075      NaN    17    11 c    0   0.77 68.13022 -32.43066  7604.41  8483.06  2.46  2.39  40.6 -0.433    19.81 21.57 02a58021o0819c       0   19.057399
58021.598926 19.766969      NaN    14    10 c    0   1.00 68.13022 -32.43066  7620.48  8522.95  2.45  2.40  44.6 -0.431    19.74 21.56 02a58021o0825c       0   18.498228
58021.609553 19.491430      NaN    27    10 c    0   0.97 68.13022 -32.43066  2883.88  1997.42  2.71  2.42  51.2 -0.419    19.72 21.53 02a58021o0847c       0   18.498228
58021.620445 20.009244      NaN     8     9 c    0   1.18 68.13022 -32.43066  2908.23  1877.57  2.64  2.37  53.4 -0.416    19.78 21.54 02a58021o0870c       0   17.977332
58049.506595 18.330283 0.205583   168    32 c    0   4.11 68.13022 -32.43066 10350.67  9272.19  2.65  2.55 -76.8 -0.460    19.59 21.13 02a58049o0498c    4096   35.583486
58049.512072 18.186107      NaN    48    48 c    0   0.93 68.13022 -32.43066 10369.34  9313.35  2.95  2.90 -86.3 -0.426    18.22 19.75 02a58049o0510c       0   50.459731
58049.518678 19.652575      NaN    13    12 c    0   1.04 68.13022 -32.43066   158.09  1090.11  2.95  2.40  48.6 -0.514    19.60 21.08 02a58049o0524c       0   19.651576
58049.521415 19.979496      NaN     3    11 c    0   1.35 68.13022 -32.43066   141.29  1208.21  2.91  2.33  44.7 -0.529    19.58 21.07 02a58049o0530c       0   19.057399
58049.523416 19.589310      NaN    10    14 c    0   0.75 68.13022 -32.43066  1006.60  9267.97  2.80  2.39  36.6 -0.440    19.58 21.09 02a58049o0534c       0   20.932856
58049.525241 20.103715      NaN    -4    11 c    0   1.41 68.13022 -32.43066   986.33  9229.17  2.84  2.39  38.7 -0.450    19.59 21.08 02a58049o0538c       0   19.057399
58049.533467 18.978793      NaN     8    28 c    0   0.96 68.13022 -32.43066   938.43  9192.99  2.84  2.41  40.7 -0.453    19.05 20.53 02a58049o0556c       0   32.034114
58049.536659 17.095473 0.224564   526   109 c    0   1.91 68.13022 -32.43066   921.22  9309.47  2.84  2.47  38.5 -0.430    17.16 18.65 02a58049o0563c       2  110.105333
58073.450630 20.103715      NaN   -13    11 c    0   0.88 68.13022 -32.43066 10074.50  8203.34  3.01  2.82  73.6 -0.404    19.62 21.66 02a58073o0245c       0   19.057399
58073.453368 19.436675      NaN    24    12 c    0   1.42 68.13022 -32.43066   739.19  8175.92  3.24  2.77  51.1 -0.427    19.62 21.65 02a58073o0251c       0   19.651576
58073.457932 20.103715      NaN   -12    11 c    0   1.24 68.13022 -32.43066 10042.90  8161.63  3.60  3.28  59.7 -0.427    19.51 21.65 02a58073o0261c       0   19.057399
58073.459469 19.743105      NaN     9    12 c    0   0.75 68.13022 -32.43066   358.54  2196.66  3.16  2.65  43.7 -0.452    19.63 21.60 02a58073o0264c       0   19.651576
58073.463285 19.922338      NaN   -20    13 c    0   1.11 68.13022 -32.43066   756.28  8211.72  3.73  3.32  56.4 -0.401    19.43 21.61 02a58073o0272c       0   20.277684
58073.467126 19.743105      NaN    15    10 c    0   1.29 68.13022 -32.43066   418.31  2157.48  3.52  2.94  47.9 -0.433    19.57 21.58 02a58073o0280c       0   18.498228
58081.408024 19.529530      NaN    13    14 c    0   1.11 68.13022 -32.43066 10431.61 10433.61  3.31  3.11 -30.2 -0.423    19.52 21.52 02a58081o0298c       0   20.932856
58081.423079 19.318728      NaN    31    12 c    0   1.28 68.13022 -32.43066 10395.90 10393.85  3.16  2.96 -42.0 -0.448    19.56 21.52 02a58081o0331c       0   19.651576
58081.424448 19.868040      NaN     7    11 c    0   0.90 68.13022 -32.43066  3379.97   640.04  3.21  2.67  42.4 -0.424    19.53 21.45 02a58081o0334c       0   19.057399
58081.425817 19.589310      NaN    19    11 c    0   1.14 68.13022 -32.43066  3363.99   601.90  3.19  2.63  43.0 -0.426    19.56 21.44 02a58081o0337c       0   19.057399
58081.426273 19.894850      NaN     0    13 c    0   1.01 68.13022 -32.43066  1044.95 10384.09  3.39  2.71  40.1 -0.406    19.57 21.50 02a58081o0338c       0   20.277684
58081.432672 19.791368      NaN     4    13 c    0   1.27 68.13022 -32.43066  1060.39 10424.16  3.40  2.79  37.6 -0.399    19.58 21.53 02a58081o0352c       0   20.277684
58081.434955 19.589310      NaN    19    11 c    0   1.27 68.13022 -32.43066  3327.68   563.50  3.22  2.68  45.0 -0.420    19.57 21.47 02a58081o0357c       0   19.057399
58081.436336 18.910912      NaN  -133    33 c    0   0.62 68.13022 -32.43066 10378.81 10513.62  3.14  2.83 -35.2 -0.460    19.59 21.54 02a58081o0360c    4096   36.485400
58081.438161 20.071303      NaN     3    10 c    0   1.06 68.13022 -32.43066  3311.28   680.56  3.23  2.68  48.1 -0.421    19.56 21.48 02a58081o0364c       0   18.498228
58081.438618 19.696897      NaN   -40    16 c    0   1.15 68.13022 -32.43066   974.30 10464.93  3.36  2.77  40.0 -0.392    19.61 21.54 02a58081o0365c       0   22.320046
58081.441362 19.529530      NaN    13    14 c    0   0.95 68.13022 -32.43066   991.26 10346.39  3.29  2.66  38.0 -0.422    19.62 21.53 02a58081o0371c       0   20.932856
58109.364655 19.569016      NaN   -33    18 c    0   1.13 68.13022 -32.43066  2865.24   874.93  5.36  4.75  24.0 -0.326    18.99 21.86 02a58109o0005c       0   23.794631
58109.371507 19.631075      NaN     8    14 c    0   1.32 68.13022 -32.43066  2831.68   835.31  4.67  3.96  30.0 -0.532    19.38 22.15 02a58109o0020c       0   20.932856
58109.378379 19.491430      NaN    18    13 c    0   1.48 68.13022 -32.43066  2898.86   915.98  4.88  4.20  25.5 -0.418    19.30 22.18 02a58109o0035c       0   20.277684
58109.384692 19.367717      NaN    22    14 c    0   1.25 68.13022 -32.43066  2910.57   796.01  4.32  3.81  47.5 -0.597    19.33 22.19 02a58109o0048c       0   20.932856
58109.397015 18.410251 0.325029   156    47 c    0   0.96 68.13022 -32.43066 10139.11 10521.58  3.70  3.45  58.7 -0.565    19.30 22.14 02a58109o0075c       0   49.509438
58161.296062 19.922338      NaN     8    10 c    0   1.26 68.13022 -32.43066   149.16  1111.12  2.91  2.44  39.6 -0.429    19.70 21.57 02a58161o0191c       0   18.498228
58161.304432 19.569016      NaN    20    11 c    0   1.31 68.13022 -32.43066   133.55  1070.24  2.90  2.40  38.8 -0.466    19.71 21.52 02a58161o0209c       0   19.057399
58161.308116 20.009244      NaN    -6    12 c    0   1.29 68.13022 -32.43066  9527.36  1161.83  2.78  2.73  47.7 -0.426    19.71 21.59 02a58161o0217c       0   19.651576
58161.312716 20.207197      NaN    -5    10 c    0   1.41 68.13022 -32.43066   202.41  1151.10  2.90  2.46  38.9 -0.459    19.66 21.47 02a58161o0227c       0   18.498228
58161.316473 19.922338      NaN    -7    13 c    0   1.01 68.13022 -32.43066  9512.68  1121.70  2.83  2.72  29.9 -0.427    19.70 21.53 02a58161o0235c       0   20.277684
58161.321081 19.696897      NaN     2    15 c    0   0.83 68.13022 -32.43066   220.97  1032.42  2.94  2.45  36.8 -0.469    19.63 21.40 02a58161o0245c       0   21.614450
58161.324314 20.009244      NaN   -11    12 c    0   1.22 68.13022 -32.43066  9563.09  1198.49  2.88  2.76  32.0 -0.427    19.66 21.47 02a58161o0252c       0   19.651576
58161.332668 19.743105      NaN     3    14 c    0   1.20 68.13022 -32.43066  9582.35  1081.24  2.87  2.74  32.2 -0.420    19.61 21.44 02a58161o0270c       0   20.932856
58193.236205 19.766969      NaN     8    12 c    0   1.05 68.13022 -32.43066  3297.96  1887.08  2.74  2.58  81.9 -0.397    19.37 20.99 02a58193o0012c       0   19.651576
58193.243253 19.674510      NaN    15    11 c    0   1.16 68.13022 -32.43066  3345.07  1964.34  2.66  2.50  71.6 -0.402    19.49 21.16 02a58193o0027c       0   19.057399
58193.250294 19.894850      NaN    12     9 c    0   1.29 68.13022 -32.43066  3361.99  1847.70  2.60  2.44  72.3 -0.407    19.53 21.15 02a58193o0042c       0   17.977332
58337.634283 17.414019      NaN  -101   131 c    0   1.09 68.13022 -32.43066  7982.57 10129.69  2.81  2.56  33.0 -0.410    17.26 18.18 02a58337o0863c 8388610  131.921130
58341.636444 16.610182      NaN   343   160 c    0   1.02 68.13022 -32.43066  1245.22  9553.61  2.57  2.43   4.1 -0.501    16.88 17.85 02a58341o0876c 8388610  160.755045
58341.637828 17.069016      NaN   -99   180 c    0   1.22 68.13022 -32.43066  1277.67  9591.71  2.60  2.43  14.0 -0.457    16.56 17.47 02a58341o0879c 8388610  180.671482
58345.631778 18.729535      NaN   -25    39 c    0   0.97 68.13022 -32.43066  3636.38  1227.16  2.51  2.40  60.0 -0.410    18.03 19.09 02a58345o0866c    8192   41.990290
58345.639766 13.552665      NaN -3682  4590 c    0   1.01 68.13022 -32.43066  3667.73  1265.73 27.96 10.79   1.4 -0.136    14.95 15.88 02a58345o0883c       2 4590.026382
58397.637936 19.472870      NaN    16    14 c    0   0.78 68.13022 -32.43066  9668.20  9219.94  2.90  2.66  56.9 -0.391    19.43 20.83 02a58397o0055c    8192   20.932856
58397.648594 16.971031      NaN  -239   197 c    0   1.01 68.13022 -32.43066  9650.59  9182.27  2.84  2.65  59.5 -0.494    17.39 18.01 02a58397o0078c       2  197.613725
58401.499532 19.979496      NaN     3    11 c    0   1.14 68.13022 -32.43066  8411.25 10425.64  2.85  2.56  40.8 -0.420    19.62 21.43 02a58401o0657c       0   19.057399
58401.514243 19.841877      NaN   -33    14 c    0   1.29 68.13022 -32.43066  8424.05 10467.40  2.87  2.53  49.1 -0.410    19.61 21.42 02a58401o0689c       0   20.932856
58401.515628 19.950541      NaN     4    11 c    0   1.21 68.13022 -32.43066  1224.03   688.01  2.75  2.42  48.5 -0.456    19.59 21.33 02a58401o0692c       0   19.057399
58401.522125 19.549093      NaN    21    11 c    0   1.01 68.13022 -32.43066  8354.32 10385.24  2.72  2.45  47.1 -0.408    19.67 21.44 02a58401o0706c       0   19.057399
58401.523508 19.743105      NaN    18     9 c    0   1.19 68.13022 -32.43066  1253.42   726.09  2.66  2.45  58.8 -0.452    19.58 21.35 02a58401o0709c       0   17.977332
58401.529980 19.351140      NaN  -105    22 c    0   0.95 68.13022 -32.43066  8337.50 10505.62  2.74  2.45  48.9 -0.431    19.64 21.45 02a58401o0723c    4096   26.947810
58401.531364 19.950541 0.257148    37     9 c    0   1.26 68.13022 -32.43066  1184.79   647.86  2.64  2.38  51.5 -0.451    19.63 21.37 02a58401o0726c       0   17.977332
58401.539200 20.009244      NaN     5    10 c    0   1.35 68.13022 -32.43066  1167.32   765.46  2.66  2.45  55.1 -0.461    19.59 21.38 02a58401o0743c       0   18.498228
58405.592531 19.318728      NaN    19    16 c    0   1.03 68.13022 -32.43066    68.19  9638.61  2.60  2.28   4.3 -0.427    19.64 21.44 02a58405o0793c       0   22.320046
58405.602770 19.696897      NaN   -11    16 c    0   1.10 68.13022 -32.43066    52.79  9599.45  2.60  2.27   3.4 -0.426    19.65 21.42 02a58405o0815c       0   22.320046
58405.609264 20.103715      NaN    -6    11 c    0   1.17 68.13022 -32.43066 10203.84  9686.81  2.64  2.55  36.5 -0.423    19.65 21.43 02a58405o0829c       0   19.057399
58405.612552 19.922338      NaN     5    11 c    0   0.99 68.13022 -32.43066   102.28  9679.17  2.57  2.46 -20.8 -0.419    19.58 21.38 02a58405o0836c       0   19.057399
58405.619501 19.868040      NaN    10    10 c    0   1.14 68.13022 -32.43066 10170.74  9648.96  2.83  2.57  44.1 -0.421    19.61 21.38 02a58405o0851c       0   18.498228
58405.622757 19.816329      NaN    12    10 c    0   1.41 68.13022 -32.43066   122.66  9562.53  2.55  2.19   2.9 -0.444    19.63 21.33 02a58405o0858c       0   18.498228
58405.629255 20.103715      NaN   -24    11 c    0   1.16 68.13022 -32.43066 10238.35  9728.00  2.87  2.60  48.1 -0.425    19.59 21.34 02a58405o0872c       0   19.057399
58405.639456 19.816329      NaN     0    14 c    0   1.01 68.13022 -32.43066 10254.48  9612.10  2.60  2.52   3.2 -0.438    19.33 20.67 02a58405o0894c       0   20.932856
58429.537856 20.321591      NaN    -9     9 c    0   1.11 68.13022 -32.43066   403.39  1497.33  2.77  2.43  42.5 -0.488    19.72 21.59 02a58429o0756c       0   17.977332
58429.548057 20.009244      NaN     1    10 c    0   1.00 68.13022 -32.43066   387.88  1457.24  2.74  2.42  47.0 -0.488    19.68 21.59 02a58429o0778c       0   18.498228
58429.554147 19.609992      NaN     5    14 c    0   0.96 68.13022 -32.43066  9758.80  1530.28  2.72  2.57 -83.2 -0.442    19.30 21.18 02a58429o0791c       0   20.932856
58429.558292 18.110074      NaN   -32    69 c    0   0.72 68.13022 -32.43066   439.63  1538.48  2.86  2.51  45.2 -0.452    17.34 19.15 02a58429o0800c       2   70.733192
58429.564303 19.436675      NaN    23    11 c    0   0.79 68.13022 -32.43066  9743.21  1492.54  2.77  2.61 -76.5 -0.438    19.59 21.57 02a58429o0813c       0   19.057399
58429.568473 20.207197      NaN   -29    10 c    0   1.35 68.13022 -32.43066   456.70  1421.41  2.75  2.46  44.9 -0.495    19.66 21.58 02a58429o0822c       0   18.498228
58429.574466 20.039830      NaN     0    10 c    0   1.44 68.13022 -32.43066  9810.33  1570.22  2.74  2.69 -62.8 -0.441    19.67 21.60 02a58429o0835c       0   18.498228
58429.584806 19.868040      NaN     0    12 c    0   0.97 68.13022 -32.43066  9829.12  1453.00  2.72  2.67 -68.2 -0.451    19.66 21.60 02a58429o0857c       0   19.651576
58433.545053 17.170087      NaN   -49   164 c    0   0.97 68.13022 -32.43066  9602.32  9649.76  2.94  2.70  51.1 -0.406    15.84 17.51 02a58433o0748c 8388610  164.736713
58433.564580 16.503590      NaN   160   248 c    0   0.89 68.13022 -32.43066  9653.17  9690.27  3.07  2.84  53.3 -0.381    16.24 17.95 02a58433o0790c 8388610  248.487795
58485.385644 20.009244 0.361912    31    12 c    0   0.80 68.13022 -32.43066  2600.97   527.23  2.70  2.41  55.5 -0.425    19.59 21.59 02a58485o0416c       0   19.651576
58485.394402 20.103715      NaN   -15    11 c    0   1.00 68.13022 -32.43066  7999.81 10272.07  2.89  2.68  52.4 -0.399    19.57 21.55 02a58485o0435c       0   19.057399
58485.394860 19.674510      NaN     8    12 c    0   0.94 68.13022 -32.43066  2585.02   489.03  2.69  2.41  56.9 -0.424    19.59 21.60 02a58485o0436c       0   19.651576
58485.403646 20.009244      NaN   -13    12 c    0   1.00 68.13022 -32.43066  7982.72 10235.38  2.93  2.73  55.3 -0.391    19.56 21.55 02a58485o0455c       0   19.651576
58485.404103 19.979496      NaN     5     9 c    0   1.47 68.13022 -32.43066  2650.99   571.07  2.68  2.43  59.5 -0.418    19.57 21.59 02a58485o0456c       0   17.977332
58485.412841 19.367717      NaN    27    11 c    0   0.96 68.13022 -32.43066  8033.64 10314.53  2.90  2.70  54.4 -0.390    19.53 21.54 02a58485o0475c       0   19.057399
58485.413299 19.696897      NaN    10    11 c    0   0.93 68.13022 -32.43066  2668.88   453.73  2.65  2.40  59.5 -0.415    19.61 21.58 02a58485o0476c       0   19.057399
58485.422050 19.922338      NaN   -19    13 c    0   0.84 68.13022 -32.43066  8068.13 10196.76  2.99  2.86  59.0 -0.387    19.49 21.53 02a58485o0495c       0   20.277684
58493.355864 19.894850      NaN    -1    12 c    0   0.88 68.13022 -32.43066  9680.26  8295.29  2.75  2.61  62.6 -0.430    19.57 21.58 02a58493o0345c       0   19.651576
58493.364136 20.103715      NaN   -25    11 c    0   0.79 68.13022 -32.43066  9665.28  8256.84  2.83  2.68  63.3 -0.427    19.54 21.58 02a58493o0363c       0   19.057399
58493.369257 19.631075      NaN    -6    17 c    0   2.36 68.13022 -32.43066    40.75  8159.64  2.59  2.58 -13.6 -0.365    19.50 21.52 02a58493o0374c       0   23.047439
58493.372011 20.071303      NaN    -4    11 c    0   1.02 68.13022 -32.43066  9714.59  8334.61  2.94  2.73  58.0 -0.394    19.50 21.55 02a58493o0380c       0   19.057399
58493.380362 20.009244      NaN   -13    12 c    0   1.12 68.13022 -32.43066  9730.38  8218.63  2.93  2.72  63.6 -0.403    19.46 21.54 02a58493o0398c       0   19.651576
58705.608554 18.757738      NaN    10    33 c    0   0.87 68.13022 -32.43066   951.73  8857.00  2.39  2.36 -40.0 -0.431    18.42 20.40 02a58705o0815c    8192   36.485400
58705.611372 18.115332      NaN    21    60 c    0   1.12 68.13022 -32.43066   969.90  8895.06  2.35  2.31  12.6 -0.422    17.69 19.76 02a58705o0821c    8192   61.985357
58705.618590 18.125925      NaN     4    65 c    0   0.93 68.13022 -32.43066   910.69  8819.82  2.37  2.29 -26.1 -0.431    17.51 19.18 02a58705o0835c       2   66.836999
58705.623349 17.797727      NaN  -166    92 c    0   0.96 68.13022 -32.43066   890.21  8936.76  2.43  2.32 -32.1 -0.423    16.92 18.36 02a58705o0845c       2   93.306937
58705.633006 16.752154      NaN  -188   241 c    0   1.10 68.13022 -32.43066   926.54  8874.20  2.52  2.45 -12.7 -0.465    16.54 17.45 02a58705o0865c       2  241.501935
58721.588899 17.821591      NaN    25    80 c    0   0.95 68.13022 -32.43066  8773.45  6905.50  3.13  2.53  37.6 -0.366    17.61 19.04 02a58721o0764c       2   81.499598
58721.592251 17.797727      NaN  -267    92 c    0   1.39 68.13022 -32.43066  8792.24  6946.46  3.03  2.50  38.6 -0.386    17.55 18.96 02a58721o0771c       2   93.306937
58721.597743 18.729535      NaN   -21    39 c    0   1.25 68.13022 -32.43066  8734.61  6864.72  2.99  2.46  37.5 -0.381    18.20 19.79 02a58721o0782c    8192   41.990290
58721.607639 19.169763      NaN   -24    26 c    0   0.92 68.13022 -32.43066  8714.80  6982.12  2.99  2.45  37.4 -0.376    18.37 19.93 02a58721o0803c    8192   30.301559
58729.569629 19.719755      NaN     0    14 c    0   0.78 68.13022 -32.43066  9473.79   901.28  2.57  2.33 -60.4 -0.414    19.38 21.15 02a58729o0765c       0   20.932856
58729.572898 20.103715      NaN   -10    11 c    0   1.22 68.13022 -32.43066  9494.41   940.31  2.48  2.24 -58.5 -0.429    19.45 21.20 02a58729o0772c       0   19.057399
58729.579336 20.103715      NaN    -5    11 c    0   1.22 68.13022 -32.43066  9432.45   860.88  2.46  2.22 -58.4 -0.418    19.47 21.23 02a58729o0785c       0   19.057399
58729.592397 20.039830      NaN     0    10 c    0   1.65 68.13022 -32.43066  9410.48   977.05  2.45  2.20 -62.0 -0.419    19.48 21.20 02a58729o0812c       0   18.498228
58753.611577 20.009244      NaN    -2    11 c    0   0.63 68.13022 -32.43066  7108.44  5923.25  2.96  2.36  41.1 -0.367    19.58 21.48 02a58753o0727c       0   19.057399
58753.614779 19.894850      NaN    -1    12 c    0   0.81 68.13022 -32.43066  7089.22  5885.63  3.05  2.38  40.3 -0.371    19.55 21.49 02a58753o0734c       0   19.651576
58753.620339 20.207197      NaN   -23    10 c    0   0.96 68.13022 -32.43066  7147.76  5962.98  2.95  2.34  41.2 -0.374    19.63 21.53 02a58753o0746c       0   18.498228
58753.627283 20.009244      NaN     1    10 c    0   1.13 68.13022 -32.43066  7167.95  5847.64  2.93  2.35  41.5 -0.376    19.62 21.49 02a58753o0761c       0   18.498228
58761.454559 19.549093      NaN    11    13 c    0   0.94 68.13022 -32.43066  7344.59  4462.22  2.98  2.48  36.4 -0.366    19.33 21.09 02a58761o0177c       0   20.277684
58761.457405 19.674510      NaN     8    12 c    0   1.00 68.13022 -32.43066  7361.27  4501.16  2.96  2.43  35.1 -0.367    19.40 21.08 02a58761o0183c       0   19.651576
58761.467208 20.009244      NaN   -12    12 c    0   0.80 68.13022 -32.43066  7297.06  4425.94  2.79  2.41  39.0 -0.376    19.44 21.12 02a58761o0203c       0   19.651576
58761.489732 20.449472      NaN    -9     8 c    0   1.92 68.13022 -32.43066  7277.37  4539.82  2.50  2.34  42.7 -0.386    19.52 21.24 02a58761o0247c       0   17.498127
58761.650685 16.938457      NaN    64   180 c    0   1.43 68.13022 -32.43066  3246.57  6079.67  2.71  2.50  44.4 -0.434    16.46 17.34 02a58761o0591c       2  180.671482
58781.506647 19.841877      NaN     7    10 c    0   1.45 68.13022 -32.43066  3025.62  9204.78  2.46  2.31 -55.7 -0.402    19.60 21.26 02a58781o0700c       0   18.498228
58781.516175 19.950541      NaN     6     9 c    0   2.25 68.13022 -32.43066  3041.80  9244.69  2.42  2.29 -52.4 -0.406    19.63 21.25 02a58781o0720c       0   17.977332
58781.518964 20.103715      NaN   -13    11 c    0   1.15 68.13022 -32.43066  2983.94  9163.88  2.50  2.32  40.3 -0.385    19.56 21.24 02a58781o0726c       0   19.057399
58785.559039 19.696897      NaN    16     9 c    0   1.32 68.13022 -32.43066  7529.15  1358.83  2.49  2.15 -63.1 -0.409    19.62 21.30 02a58785o0660c       0   17.977332
58785.561869 20.009244      NaN     4     9 c    0   1.37 68.13022 -32.43066  7510.03  1322.53  2.41  2.21 -75.0 -0.402    19.60 21.28 02a58785o0666c       0   17.977332
58785.568827 19.696897      NaN    10    11 c    0   0.87 68.13022 -32.43066  7566.64  1399.29  2.44  2.18 -67.5 -0.403    19.63 21.24 02a58785o0681c       0   19.057399
58785.580775 19.696897      NaN    13    10 c    0   1.23 68.13022 -32.43066  7587.14  1284.57  2.49  2.18 -63.8 -0.405    19.55 21.18 02a58785o0707c       0   18.498228
58789.405038 20.207197      NaN   -20    10 c    0   1.13 68.13022 -32.43066  5300.57  2610.08  2.44  2.32  37.9 -0.396    19.38 21.03 02a58789o0380c       0   18.498228
58789.408328 20.103715 0.361912    28    11 c    0   1.21 68.13022 -32.43066  5321.57  2648.20  2.62  2.38  34.0 -0.390    19.39 21.05 02a58789o0387c       0   19.057399
58789.415000 20.207197      NaN    -5    10 c    0   1.03 68.13022 -32.43066  5262.45  2570.68  2.52  2.26  39.0 -0.391    19.46 21.10 02a58789o0401c       0   18.498228
58789.425866 19.868040      NaN     6    10 c    0   0.81 68.13022 -32.43066  5241.44  2684.53  2.33  2.31 -88.1 -0.394    19.53 21.16 02a58789o0424c       0   18.498228
58813.522264 20.594452      NaN   -16     7 c    0   1.56 68.13022 -32.43066  5643.03  1468.78  2.44  2.30 -86.4 -0.399    19.66 21.67 02a58813o0274c       0   17.064128
58813.525538 20.171596 0.350237    26    10 c    0   0.83 68.13022 -32.43066  5622.97  1433.89  2.44  2.27 -89.4 -0.400    19.66 21.66 02a58813o0281c       0   18.498228
58813.531225 19.719755      NaN    18     8 c    0   1.22 68.13022 -32.43066  5679.69  1507.67  2.43  2.28 -81.1 -0.400    19.69 21.66 02a58813o0293c       0   17.498127
58813.541493 20.207197      NaN    -2     9 c    0   1.16 68.13022 -32.43066  5701.81  1391.63  2.51  2.27 -68.6 -0.404    19.68 21.60 02a58813o0315c       0   17.977332
58817.491229 18.566153      NaN    29    34 c    0   1.16 68.13022 -32.43066  5637.32  1465.33  2.63  2.50 -88.0 -0.382    18.07 20.08 02a58817o0509c    8192   37.392305
58841.381059 20.207197      NaN    -2     9 c    0   1.00 68.13022 -32.43066  7211.22  7846.98  2.88  2.44  39.9 -0.387    19.71 21.72 02a58841o0423c       0   17.977332
58841.384258 19.491430 0.224635    53    12 c    0   0.97 68.13022 -32.43066  7192.44  7808.99  2.86  2.39  42.4 -0.392    19.64 21.65 02a58841o0430c       0   19.651576
58841.390664 18.921935 0.132947    93    12 c    0   1.23 68.13022 -32.43066  7253.24  7885.43  2.85  2.41  43.7 -0.386    18.97 20.92 02a58841o0444c    4096   19.651576
58841.404179 20.171596      NaN    -1     9 c    0   1.07 68.13022 -32.43066  7281.76  7768.26  2.67  2.57  57.9 -0.397    19.65 21.67 02a58841o0471c       0   17.977332
58845.376377 19.979496      NaN     2    10 c    0   1.17 68.13022 -32.43066  9182.81  7730.08  2.85  2.75  82.8 -0.393    19.66 21.82 02a58845o0407c       0   18.498228
58845.380054 20.071303      NaN    -1    10 c    0   0.84 68.13022 -32.43066  9164.13  7692.16  2.90  2.81  76.8 -0.389    19.66 21.82 02a58845o0415c       0   18.498228
58845.386137 19.609992      NaN    17    10 c    0   1.00 68.13022 -32.43066  9225.18  7770.59  2.79  2.68  67.8 -0.394    19.68 21.78 02a58845o0428c       0   18.498228
58845.397251 20.282105      NaN    -4     9 c    0   1.17 68.13022 -32.43066  9248.29  7655.40  2.83  2.72  68.2 -0.391    19.69 21.77 02a58845o0452c       0   17.977332
58869.259140 19.922338      NaN     7     9 c    0   1.01 68.13022 -32.43066  7467.04   963.87  2.30  2.18 -55.5 -0.409    19.75 21.76 02a58869o0133c       0   17.977332
58869.263689 20.207197 0.325721    25     9 c    0   1.17 68.13022 -32.43066  7486.05  1002.82  2.45  2.32 -49.3 -0.413    19.75 21.79 02a58869o0142c       0   17.977332
58869.267786 20.321591      NaN    -7     9 c    0   0.78 68.13022 -32.43066  7427.50   922.72  2.43  2.29 -55.3 -0.411    19.74 21.82 02a58869o0150c       0   17.977332
58869.281033 20.039830      NaN     9     7 c    0   2.22 68.13022 -32.43066  7407.76  1041.39  2.42  2.25 -60.4 -0.409    19.77 21.91 02a58869o0176c       0   17.064128
58873.224943 19.609992      NaN    17    10 c    0   1.13 68.13022 -32.43066  7464.86   961.72  2.36  2.18 -63.9 -0.412    19.69 21.40 02a58873o0057c       0   18.498228
58873.232772 19.743105      NaN    14     9 c    0   0.99 68.13022 -32.43066  7483.99  1002.83  2.38  2.18 -53.3 -0.413    19.69 21.51 02a58873o0073c       0   17.977332
58873.237253 20.449472      NaN   -19     8 c    0   1.61 68.13022 -32.43066  7423.63   925.16  2.53  2.26 -55.0 -0.410    19.68 21.53 02a58873o0082c       0   17.498127
58873.249970 20.137125      NaN    -3    10 c    0   0.93 68.13022 -32.43066  7401.25  1045.93  2.63  2.41 -60.3 -0.402    19.60 21.54 02a58873o0108c       0   18.498228
58905.261485 20.103715      NaN     1    11 c    0   1.26 68.13022 -32.43066  9593.76  1706.53  2.99  2.34 -59.4 -0.410    19.59 21.55 02a58905o0116c       0   19.057399
58905.262864 20.009244      NaN     9    10 c    0   0.97 68.13022 -32.43066  9574.59  1670.28  2.86  2.31 -60.2 -0.409    19.61 21.56 02a58905o0119c       0   18.498228
58905.266065 19.841877      NaN     9    12 c    0   0.85 68.13022 -32.43066  9632.36  1745.54  3.13  2.42 -58.7 -0.402    19.56 21.55 02a58905o0126c       0   19.651576
58905.274759 19.696897      NaN    18    11 c    0   1.14 68.13022 -32.43066  9652.55  1628.76  3.22  2.55 -57.5 -0.401    19.52 21.53 02a58905o0145c       0   19.057399
59077.608068 20.207197      NaN     3    10 c    0   1.27 68.13022 -32.43066  9531.58  4886.97  2.79  2.46  32.4 -0.384    19.47 21.40 02a59077o0817c       0   18.498228
59077.619622 20.321591      NaN    -7     9 c    0   1.39 68.13022 -32.43066  9550.13  4925.63  2.77  2.38  29.7 -0.381    19.50 21.32 02a59077o0842c       0   17.977332
59077.631601 18.910912      NaN   -18    33 c    0   0.86 68.13022 -32.43066  9494.62  4844.62  2.73  2.47  34.3 -0.378    18.48 19.68 02a59077o0868c       0   36.485400
59109.577757 19.841877      NaN    15    10 c    0   0.94 68.13022 -32.43066  7256.83  2513.88  2.53  2.45  54.0 -0.392    19.60 21.48 02a59109o0798c       0   18.498228
59109.579589 20.449472      NaN     1     8 c    0   1.83 68.13022 -32.43066  7275.99  2552.97  2.56  2.48  55.8 -0.390    19.60 21.50 02a59109o0802c       0   17.498127
59109.582332 20.449472      NaN   -21     8 c    0   1.43 68.13022 -32.43066  7216.58  2474.27  2.53  2.36  38.2 -0.389    19.64 21.49 02a59109o0808c       0   17.498127
59109.599389 20.321591      NaN   -34     9 c    0   1.09 68.13022 -32.43066  7191.38  2592.18  2.50  2.38  35.7 -0.395    19.61 21.49 02a59109o0844c       0   17.977332
59113.589653 20.321591      NaN    -2     9 c    0   1.41 68.13022 -32.43066  7255.04  2515.02  2.63  2.62  73.6 -0.386    19.42 21.45 02a59113o0764c       0   17.977332
59113.591946 20.321591      NaN   -19     9 c    0   1.22 68.13022 -32.43066  7275.00  2554.24  2.64  2.60  23.1 -0.386    19.46 21.49 02a59113o0769c       0   17.977332
59113.596085 20.103715      NaN   -11    11 c    0   1.38 68.13022 -32.43066  7216.55  2475.15  2.58  2.56  77.5 -0.390    19.24 21.17 02a59113o0778c       0   19.057399
59113.601577 19.743105      NaN     7    14 c    0   1.14 68.13022 -32.43066  7196.72  2591.53  2.65  2.54  33.9 -0.390    19.15 21.12 02a59113o0790c       0   20.932856
59117.561202 20.009244      NaN    -3    12 c    0   0.83 68.13022 -32.43066  8773.03  6904.39  2.78  2.58 -72.1 -0.396    19.49 21.35 02a59117o0667c       0   19.651576
59117.564019 19.950541      NaN     5    12 c    0   1.09 68.13022 -32.43066  8791.82  6944.29  2.80  2.70 -87.5 -0.389    19.48 21.33 02a59117o0673c       0   19.651576
59117.569080 20.321591      NaN   -22     9 c    0   1.65 68.13022 -32.43066  8733.39  6865.14  2.72  2.58 -85.1 -0.392    19.52 21.36 02a59117o0684c       0   17.977332
59117.574127 20.103715      NaN     0    11 c    0   1.26 68.13022 -32.43066  8713.64  6980.93  2.68  2.50 -75.9 -0.401    19.56 21.37 02a59117o0695c       0   19.057399
59137.571665 20.321591      NaN   -19     9 c    0   1.35 68.13022 -32.43066  7529.54  3404.07  2.51  2.40  50.4 -0.384    19.60 21.51 02a59137o0823c       0   17.977332
59137.599132 20.207197      NaN   -15    10 c    0   1.16 68.13022 -32.43066  7513.85  3367.70  2.71  2.39  40.1 -0.372    19.56 21.46 02a59137o0882c       0   18.498228
59137.619185 20.207197      NaN    -6    10 c    0   1.14 68.13022 -32.43066  7570.55  3447.46  2.87  2.60  42.4 -0.366    19.51 21.36 02a59137o0925c       0   18.498228
59137.644324 19.631075      NaN   -22    17 c    0   1.78 68.13022 -32.43066  7594.71  3332.92  2.68  2.52  35.6 -0.366    18.70 19.84 02a59137o0979c       0   23.047439
59141.519773 20.321591      NaN    -2     9 c    0   1.52 68.13022 -32.43066  3279.33   648.92  2.50  2.38  73.0 -0.403    19.00 20.85 02a59141o0586c       0   17.977332
59141.521602 19.454622      NaN     9    18 c    0   0.71 68.13022 -32.43066  3299.29   688.08  2.45  2.34  87.8 -0.407    18.58 20.33 02a59141o0590c       0   23.794631
59141.524345 18.921935      NaN    29    24 c    0   0.90 68.13022 -32.43066  3237.84   609.75  2.41  2.30  73.1 -0.408    18.58 20.28 02a59141o0596c       0   28.603924
59141.529383 19.169763      NaN    -6    26 c    0   1.12 68.13022 -32.43066  3218.30   725.48  2.51  2.34  53.7 -0.404    17.63 19.40 02a59141o0607c       0   30.301559
59145.510086 20.321591      NaN    -1     9 c    0   1.11 68.13022 -32.43066  3282.06   647.22  2.32  2.21  80.4 -0.417    19.63 21.46 02a59145o0694c       0   17.977332
59145.511913 20.362567      NaN     5     8 c    0   1.73 68.13022 -32.43066  3301.58   687.26  2.33  2.24  78.8 -0.416    19.59 21.48 02a59145o0698c       0   17.498127
59145.514657 20.137125      NaN     8     9 c    0   0.84 68.13022 -32.43066  3242.40   607.57  2.34  2.20 -78.5 -0.422    19.66 21.51 02a59145o0704c       0   17.977332
59145.529616 19.766969      NaN    18    10 c    0   1.21 68.13022 -32.43066  7326.46  9818.40  2.94  2.59  37.3 -0.387    19.50 21.47 02a59145o0736c       0   18.498228
59169.431284 19.922338      NaN    -5    13 c    0   0.78 68.13022 -32.43066  6832.56  9007.80  3.04  2.75  48.9 -0.374    19.55 21.53 02a59169o0548c       0   20.277684
59169.433112 20.103715      NaN     0    11 c    0   1.11 68.13022 -32.43066  6851.47  9046.79  2.99  2.73  50.3 -0.371    19.53 21.53 02a59169o0552c       0   19.057399
59169.435858 20.207197      NaN     0    10 c    0   1.63 68.13022 -32.43066  6796.15  8968.20  2.96  2.60  46.7 -0.370    19.57 21.52 02a59169o0558c       0   18.498228
59169.442261 20.321591      NaN   -14     9 c    0   2.46 68.13022 -32.43066  6775.55  9083.15  2.77  2.47  48.9 -0.387    19.60 21.50 02a59169o0572c       0   17.977332
59173.417968 20.103715      NaN     6    10 c    0   1.08 68.13022 -32.43066  9383.33  2943.53  2.68  2.42 -65.8 -0.394    19.63 21.63 02a59173o0492c       0   18.498228
59173.420712 20.071303      NaN     7    10 c    0   1.04 68.13022 -32.43066  9403.66  2981.71  2.66  2.46 -64.7 -0.390    19.65 21.63 02a59173o0498c       0   18.498228
59173.423454 20.171596      NaN     4    10 c    0   1.04 68.13022 -32.43066  9345.44  2902.19  2.67  2.44 -64.5 -0.391    19.66 21.62 02a59173o0504c       0   18.498228
59173.429401 19.631075      NaN    24    10 c    0   1.20 68.13022 -32.43066  9324.17  3018.24  2.62  2.42 -66.3 -0.397    19.66 21.64 02a59173o0517c       0   18.498228
59193.403120 20.321591      NaN     1     9 c    0   1.14 68.13022 -32.43066  5260.55  7949.32  2.67  2.53  29.9 -0.407    19.64 21.70 02a59193o0483c       0   17.977332
59193.406322 20.137125      NaN     5    10 c    0   0.93 68.13022 -32.43066  5241.29  7910.66  2.61  2.47  33.9 -0.411    19.70 21.71 02a59193o0490c       0   18.498228
59193.413654 19.816329      NaN    19     9 c    0   1.43 68.13022 -32.43066  5300.51  7988.20  2.76  2.49  39.4 -0.398    19.65 21.71 02a59193o0506c       0   17.977332
59193.447473 20.207197      NaN    -3    10 c    0   1.21 68.13022 -32.43066  5323.17  7873.94  2.77  2.66  39.3 -0.402    19.62 21.73 02a59193o0579c       0   18.498228
59195.402646 20.207197      NaN     0    10 c    0   1.14 68.13022 -32.43066   994.19  8886.46  2.66  2.44 -55.4 -0.384    19.80 22.13 01a59195o0477c       0   18.498228
59195.405871 20.321591      NaN    -1     9 c    0   1.12 68.13022 -32.43066  1013.61  8924.65  2.95  2.66 -40.6 -0.365    19.71 22.13 01a59195o0484c       0   17.977332
59195.412315 20.321591      NaN    -3     9 c    0   1.29 68.13022 -32.43066   956.28  8848.21  3.03  2.70 -36.4 -0.361    19.63 22.14 01a59195o0498c       0   17.977332
59195.447023 20.449472      NaN     1     8 c    0   1.22 68.13022 -32.43066   939.35  8962.46  2.92  2.62 -43.8 -0.366    19.70 22.06 01a59195o0572c       0   17.498127
59197.390009 20.321591      NaN     0     9 c    0   1.22 68.13022 -32.43066  3687.68  3584.54  2.48  2.40  70.1 -0.402    19.67 21.61 02a59197o0425c       0   17.977332
59197.422941 20.207197      NaN    -7    10 c    0   1.16 68.13022 -32.43066  3672.89  3543.78  2.54  2.42  76.0 -0.400    19.62 21.57 02a59197o0496c       0   18.498228
59197.426143 20.207197      NaN     2    10 c    0   1.19 68.13022 -32.43066  3730.50  3623.77  2.53  2.40  64.9 -0.399    19.61 21.57 02a59197o0503c       0   18.498228
59197.432116 20.321591      NaN    -9     9 c    0   1.32 68.13022 -32.43066  3748.42  3510.85  2.55  2.40  65.6 -0.400    19.62 21.57 02a59197o0516c       0   17.977332
59219.328183 20.071303      NaN     7    10 c    0   0.84 68.13022 -32.43066  9428.94   865.38  3.25  2.95 -38.8 -0.326    19.70 21.92 01a59219o0297c       0   18.498228
59219.331408 20.244005      NaN     5     9 c    0   1.19 68.13022 -32.43066  9448.69   905.57  2.86  2.57 -37.5 -0.359    19.82 21.91 01a59219o0304c       0   17.977332
59219.337397 19.979496      NaN    10    10 c    0   1.07 68.13022 -32.43066  9388.09   825.57  3.16  2.87 -37.2 -0.338    19.75 21.91 01a59219o0317c       0   18.498228
59219.348000 20.207197      NaN     0    10 c    0   1.24 68.13022 -32.43066  9367.46   941.96  3.24  3.05 -37.7 -0.365    19.60 21.83 01a59219o0340c       0   18.498228
59221.333388 20.207197      NaN   -13    10 c    0   1.16 68.13022 -32.43066  9047.74  5791.68  2.76  2.63 -76.0 -0.397    19.63 21.72 02a59221o0306c       0   18.498228
59221.336164 20.103715      NaN    -1    11 c    0   0.67 68.13022 -32.43066  9028.61  5751.82  2.72  2.62 -82.4 -0.394    19.68 21.72 02a59221o0312c       0   19.057399
59221.343505 20.103715      NaN    -8    11 c    0   0.96 68.13022 -32.43066  9087.63  5831.44  2.71  2.58 -73.5 -0.400    19.71 21.72 02a59221o0328c       0   19.057399
59221.356388 20.449472      NaN   -11     8 c    0   1.45 68.13022 -32.43066  9109.99  5717.76  2.76  2.57 -69.9 -0.399    19.67 21.74 02a59221o0356c       0   17.498127
59223.316975 19.841877      NaN    -2    14 c    0   0.65 68.13022 -32.43066  9429.10   867.11  2.91  2.66 -60.5 -0.360    19.36 21.62 01a59223o0268c       0   20.932856
59223.320199 19.979496      NaN    10    10 c    0   1.15 68.13022 -32.43066  9449.19   906.36  2.75  2.59 -59.7 -0.356    19.57 21.83 01a59223o0275c       0   18.498228
59223.330373 19.696897      NaN     9    14 c    0   1.42 68.13022 -32.43066  9388.82   826.47  2.76  2.51 -37.8 -0.347    19.13 21.22 01a59223o0297c       0   20.932856
59223.336373 18.280067      NaN    18    54 c    0   1.12 68.13022 -32.43066  9368.58   943.30  2.77  2.49 -23.1 -0.347    17.54 19.60 01a59223o0310c       0   56.197726
59227.351235 19.674510 0.177263    52     8 c    0   0.86 68.13022 -32.43066  3044.87  7179.49  2.40  2.21 -36.2 -0.384    19.81 22.13 01a59227o0283c       0   17.498127
59227.354922 19.841877      NaN    18     9 c    0   0.92 68.13022 -32.43066  3064.20  7217.51  2.40  2.22 -40.4 -0.381    19.78 22.13 01a59227o0291c       0   17.977332
59227.362312 20.449472 0.361912    27     8 c    0   1.20 68.13022 -32.43066  3003.80  7141.18  2.28  2.09 -72.4 -0.402    19.87 22.14 01a59227o0307c       0   17.498127
59227.376159 19.674510      NaN    25     9 c    0   1.10 68.13022 -32.43066  2985.79  7256.96  2.57  2.39 -51.4 -0.383    19.74 22.15 01a59227o0337c       0   17.977332
59229.336539 19.419021      NaN    32    11 c    0   1.39 68.13022 -32.43066  9275.63  9786.30  2.85  2.75  68.9 -0.372    19.60 21.39 02a59229o0306c       0   19.057399
59229.339739 20.071303 0.319334    37    10 c    0   1.36 68.13022 -32.43066  9256.27  9747.65  2.86  2.73  59.9 -0.376    19.61 21.41 02a59229o0313c       0   18.498228
59229.346148 19.922338 0.306233    42    11 c    0   1.39 68.13022 -32.43066  9318.29  9825.90  2.89  2.76  69.0 -0.373    19.61 21.43 02a59229o0327c       0   19.057399
59229.357131 19.868040 0.317776    44    12 c    0   1.08 68.13022 -32.43066  9338.94  9708.89  2.96  2.79  63.3 -0.368    19.57 21.43 02a59229o0351c       0   19.651576
59231.346032 19.894850 0.244291    43     9 c    0   1.08 68.13022 -32.43066  3040.45  7178.46  2.92  2.51 -76.0 -0.386    19.63 21.66 01a59231o0195c       0   17.977332
59231.349293 19.631075      NaN    27     9 c    0   1.09 68.13022 -32.43066  3060.11  7216.27  3.02  2.54 -76.5 -0.387    19.64 21.66 01a59231o0202c       0   17.977332
59231.354843 20.171596 0.315214    34     9 c    0   1.27 68.13022 -32.43066  3001.53  7140.02  2.99  2.60 -77.6 -0.379    19.60 21.63 01a59231o0214c       0   17.977332
59231.365905 19.589310      NaN    26    10 c    0   1.38 68.13022 -32.43066  2982.45  7255.22  3.11  2.85 -67.0 -0.365    19.53 21.65 01a59231o0238c       0   18.498228
59251.312100 17.821591 0.040212   273    10 c    0   2.07 68.13022 -32.43066  7333.27  4439.34  2.93  2.47  82.5 -0.385    19.53 21.58 01a59251o0229c       0   18.498228
59251.315786 17.913871 0.043780   251    10 c    0   2.15 68.13022 -32.43066  7352.91  4480.09  2.84  2.40 -89.4 -0.389    19.55 21.59 01a59251o0237c       0   18.498228
59251.322695 17.759085 0.045555   289    12 c    0   0.95 68.13022 -32.43066  7294.56  4402.49  2.74  2.39 -87.8 -0.396    19.54 21.56 01a59251o0252c       0   19.651576
59251.336528 17.841885 0.049165   268    12 c    0   1.03 68.13022 -32.43066  7275.07  4519.85  2.85  2.44 -86.7 -0.393    19.51 21.50 01a59251o0282c       0   19.651576
59255.285908 18.039019 0.054041   224    11 c    0   1.39 68.13022 -32.43066  7332.34  4453.92  2.71  2.61  82.0 -0.367    19.47 21.29 01a59255o0156c       0   19.057399
59255.289135 18.158337 0.076769   201    14 c    0   1.11 68.13022 -32.43066  7351.10  4493.05  3.04  2.68 -88.1 -0.374    19.41 21.33 01a59255o0163c       0   20.932856
59255.295122 18.053859 0.054785   221    11 c    0   1.15 68.13022 -32.43066  7292.86  4413.92  2.78  2.68  84.0 -0.359    19.43 21.33 01a59255o0176c       0   19.057399
59255.306183 18.232071 0.070426   188    12 c    0   1.46 68.13022 -32.43066  7272.44  4528.85  2.90  2.68  77.9 -0.351    19.41 21.33 01a59255o0200c       0   19.651576
59257.284731 18.073966 0.055809   217    11 c    0   1.19 68.13022 -32.43066  1813.03  1600.11  2.66  2.50 -78.6 -0.408    19.60 21.61 02a59257o0170c       0   19.057399
59257.288862 18.255804 0.065984   184    11 c    0   0.99 68.13022 -32.43066  1793.95  1562.74  2.66  2.48 -75.8 -0.413    19.60 21.59 02a59257o0179c       0   19.057399
59257.295303 18.053859 0.054785   221    11 c    0   1.10 68.13022 -32.43066  1850.60  1643.88  2.65  2.50  78.7 -0.404    19.55 21.57 02a59257o0193c       0   19.057399
59257.306810 18.273950 0.067096   181    11 c    0   1.41 68.13022 -32.43066  1872.29  1528.31  2.65  2.50 -89.3 -0.410    19.54 21.58 02a59257o0218c       0   19.057399
59259.324457 18.147425 0.054287   203    10 c    0   1.21 68.13022 -32.43066  6862.93  8999.75  2.46  2.36 -82.6 -0.355    19.65 21.58 01a59259o0071c       0   18.498228
59259.328158 18.208845 0.051702   192     9 c    0   2.19 68.13022 -32.43066  6882.51  9037.90  2.38  2.23 -84.9 -0.354    19.69 21.57 01a59259o0079c       0   17.977332
59259.333700 18.110074 0.057696   210    11 c    0   0.88 68.13022 -32.43066  6824.97  8959.68  2.60  2.49 -82.4 -0.344    19.54 21.52 01a59259o0091c       0   19.057399
59259.344771 18.000411 0.042671   232     9 c    0   1.79 68.13022 -32.43066  6805.87  9075.87  2.51  2.37 -81.8 -0.342    19.55 21.45 01a59259o0115c       0   17.977332
59261.259728 18.292405 0.093063   178    15 c    0   0.80 68.13022 -32.43066  5159.13  6014.84  2.69  2.29  45.4 -0.381    19.41 21.01 02a59261o0113c       0   21.614450
59261.263429 18.343209 0.097521   170    15 c    0   0.98 68.13022 -32.43066  5139.49  5975.72  2.61  2.30  46.0 -0.386    19.42 21.03 02a59261o0121c       0   21.614450
59261.270796 18.403357 0.089333   161    13 c    0   1.01 68.13022 -32.43066  5198.64  6054.65  2.68  2.29  46.8 -0.386    19.43 21.08 02a59261o0137c       0   20.277684
59261.281372 18.323878 0.089414   173    14 c    0   0.77 68.13022 -32.43066  5218.88  5940.11  2.64  2.32  47.3 -0.382    19.50 21.11 02a59261o0160c       0   20.932856
59277.258747 18.806434 0.139452   112    14 c    0   0.93 68.13022 -32.43066  1011.24  5655.68  2.74  2.60  50.7 -0.388    19.39 21.24 02a59277o0101c       0   20.932856
59277.261972 18.438271 0.099348   156    14 c    0   1.37 68.13022 -32.43066   992.65  5619.42  2.89  2.76  57.8 -0.386    19.29 21.20 02a59277o0108c       0   20.932856
59277.267467 18.867907 0.126494   106    12 c    0   1.20 68.13022 -32.43066  1050.64  5694.67  2.67  2.51  52.1 -0.392    19.37 21.12 02a59277o0120c       0   19.651576
59277.278507 18.836735 0.143399   109    14 c    0   1.12 68.13022 -32.43066  1073.39  5579.07  2.76  2.60  51.0 -0.383    19.25 21.05 02a59277o0144c       0   20.932856
59461.607773 20.207197      NaN    -1    10 c    0   1.27 68.13022 -32.43066  5391.61  4538.31  2.53  2.37  41.1 -0.394    19.59 21.42 02a59461o0837c       0   18.498228
59461.614674 19.816329      NaN    16    10 c    0   0.93 68.13022 -32.43066  5412.62  4574.48  2.46  2.26  36.2 -0.392    19.60 21.44 02a59461o0852c       0   18.498228
59461.632477 19.979496      NaN     7    11 c    0   1.20 68.13022 -32.43066  5350.90  4496.95  2.54  2.39  38.8 -0.389    19.29 20.72 02a59461o0890c       0   19.057399
59461.637062 19.226921      NaN     8    23 c    0   1.19 68.13022 -32.43066  5330.27  4615.22  2.57  2.34  34.0 -0.384    18.58 19.79 02a59461o0900c       0   27.770208
59465.597752 19.894850      NaN    13    10 c    0   1.36 68.13022 -32.43066  5390.24  4534.94  2.55  2.25  36.2 -0.387    19.65 21.48 02a59465o0825c       0   18.498228
59465.600956 20.009244      NaN     9    10 c    0   1.08 68.13022 -32.43066  5408.67  4573.14  2.57  2.30  38.0 -0.390    19.63 21.49 02a59465o0832c       0   18.498228
59465.619715 19.743105      NaN    25     8 c    0   1.61 68.13022 -32.43066  5348.92  4494.11  2.63  2.30  39.0 -0.387    19.61 21.59 02a59465o0872c       0   17.498127
59465.632000 19.384550      NaN    34    11 c    0   1.26 68.13022 -32.43066  5329.56  4612.75  2.59  2.32  38.8 -0.388    19.49 21.08 02a59465o0898c       0   19.057399
59525.502964 19.816329      NaN    10    12 c    0   0.95 68.13022 -32.43066  1065.60  9650.09  2.43  2.34 -48.1 -0.436    19.50 21.12 02a59525o0136c       0   19.651576
59525.506166 20.009244      NaN    -9    12 c    0   1.02 68.13022 -32.43066  1046.53  9610.48  2.48  2.36 -47.9 -0.431    19.46 21.13 02a59525o0143c       0   19.651576
59525.512124 19.894850      NaN     7    12 c    0   1.14 68.13022 -32.43066  1106.71  9691.31  2.58  2.42 -53.2 -0.429    19.42 21.13 02a59525o0156c       0   19.651576
59525.523144 19.922338      NaN    -5    13 c    0   0.80 68.13022 -32.43066  1129.51  9574.10  2.90  2.66 -55.8 -0.433    19.35 21.11 02a59525o0180c       0   20.277684
59529.450552 20.321591 0.361912    30     9 c    0   1.09 68.13022 -32.43066  9485.38   897.04  2.55  2.16 -59.8 -0.421    19.66 21.63 02a59529o0580c       0   17.977332
59529.452511 20.321591      NaN     6     8 c    0   1.73 68.13022 -32.43066  9501.66   938.92  2.54  2.22 -57.5 -0.412    19.66 21.64 02a59529o0584c       0   17.498127
59529.456170 19.950541      NaN    17     8 c    0   1.21 68.13022 -32.43066  9440.94   855.18  2.47  2.17 -59.0 -0.415    19.70 21.64 02a59529o0592c       0   17.498127
59529.461254 19.791368      NaN    17    10 c    0   0.98 68.13022 -32.43066  9419.86   973.42  2.51  2.15 -60.2 -0.419    19.69 21.66 02a59529o0603c       0   18.498228
59585.391655 20.009244      NaN    -8    12 c    0   1.12 68.13022 -32.43066  7522.83  1368.99  2.77  2.53 -75.5 -0.408    19.37 21.28 02a59585o0352c       0   19.651576
59585.394859 20.009244      NaN   -11    12 c    0   1.55 68.13022 -32.43066  7504.90  1327.79  2.77  2.46 -71.1 -0.400    19.34 21.27 02a59585o0359c       0   19.651576
59585.431297 19.696897      NaN    21    10 c    0   1.86 68.13022 -32.43066  7562.75  1410.43  2.67  2.42 -72.1 -0.403    19.29 21.14 02a59585o0371c       0   18.498228
59585.436986 19.894850      NaN     4    13 c    0   1.13 68.13022 -32.43066  7582.75  1292.67  2.79  2.47 -68.5 -0.405    19.28 21.14 02a59585o0383c       0   20.277684
59603.884947 20.039830      NaN     5    11 c    0   0.96 68.13022 -32.43066  3298.62   661.10  3.20  2.36  84.8 -0.392    19.53 21.89 03a59604o0219c       0   19.057399
59603.887743 19.894850      NaN    10    11 c    0   1.26 68.13022 -32.43066  3315.53   697.96  3.25  2.40  85.3 -0.393    19.51 21.86 03a59604o0225c       0   19.057399
59603.901620 19.979496      NaN     4    12 c    0   1.00 68.13022 -32.43066  3256.87   621.91  3.28  2.41  88.1 -0.393    19.49 21.70 03a59604o0254c       0   19.651576
59603.911806 19.766969      NaN     9    13 c    0   1.12 68.13022 -32.43066  3238.07   741.67  3.44  2.60  86.0 -0.372    19.30 21.33 03a59604o0275c       0   20.277684
59606.868450 20.009244      NaN     9    10 c    0   1.41 68.13022 -32.43066  3290.89   652.33  3.34  2.41  87.8 -0.395    19.55 22.01 03a59607o0195c       0   18.498228
59606.872309 20.321591      NaN     2     9 c    0   1.50 68.13022 -32.43066  3310.17   692.60  3.27  2.42  86.3 -0.394    19.58 21.97 03a59607o0203c       0   17.977332
59606.882299 19.696897      NaN    18    11 c    0   1.36 68.13022 -32.43066  3250.47   613.31  3.30  2.41  87.2 -0.394    19.57 21.97 03a59607o0224c       0   19.057399
59606.901364 19.674510      NaN    16    12 c    0   0.84 68.13022 -32.43066  3232.94   733.37  3.24  2.37  86.0 -0.392    19.59 21.95 03a59607o0262c       0   19.651576
59614.851246 19.816329      NaN    16    10 c    0   1.08 68.13022 -32.43066  3413.35  4623.94  3.18  2.62 -88.7 -0.380    19.48 22.13 03a59615o0195c       0   18.498228
59614.861110 19.979496      NaN     7    11 c    0   1.32 68.13022 -32.43066  3433.25  4663.41  3.52  2.97 -84.9 -0.367    19.36 22.08 03a59615o0216c       0   19.057399
59614.871950 19.979496      NaN     7    11 c    0   1.18 68.13022 -32.43066  3378.17  4585.14  3.72  3.22 -85.5 -0.371    19.30 22.06 03a59615o0239c       0   19.057399
59614.875143 19.696897      NaN    12    13 c    0   1.08 68.13022 -32.43066  3357.52  4701.08  3.78  3.26 -81.6 -0.379    19.25 22.04 03a59615o0246c       0   20.277684
59634.017577 19.529530      NaN    14    15 c    0   1.01 68.13022 -32.43066  4992.21  7075.12  3.02  2.62 -82.6 -0.390    19.02 20.82 04a59634o0031c       0   21.614450
59634.020513 19.766969      NaN    -8    15 c    0   0.91 68.13022 -32.43066  5011.09  7110.38  3.15  2.72 -75.7 -0.387    19.16 21.21 04a59634o0037c       0   21.614450
59634.025750 19.510313      NaN    21    13 c    0   0.65 68.13022 -32.43066  4952.74  7030.25  2.84  2.41 -83.1 -0.403    19.38 21.57 04a59634o0047c       0   20.277684
59634.036450 20.103715      NaN     1    11 c    0   0.84 68.13022 -32.43066  4929.77  7140.20  2.85  2.34 -77.9 -0.393    19.42 21.72 04a59634o0070c       0   19.057399
59645.004215 18.796518      NaN    35    26 c    0   1.09 68.13022 -32.43066  4982.30  9094.94  3.15  2.36 -79.0 -0.380    18.48 19.62 04a59645o0027c       0   30.301559
59645.006919 19.212347      NaN    12    22 c    0   0.94 68.13022 -32.43066  5000.45  9132.10  3.18  2.38 -76.4 -0.385    18.82 20.20 04a59645o0033c       0   26.947810
59645.026798 20.103715      NaN    -1    11 c    0   1.22 68.13022 -32.43066  4936.58  9043.95  2.92  2.14 -79.9 -0.396    19.41 21.42 04a59645o0074c       0   19.057399
59645.031363 20.103715      NaN    -8    11 c    0   1.11 68.13022 -32.43066  4915.56  9159.07  3.10  2.29 -78.2 -0.379    19.39 21.39 04a59645o0084c       0   19.057399
59662.788449 20.039830      NaN    11     9 c    0   1.27 68.13022 -32.43066  6766.72  7009.63  2.57  2.33 -53.4 -0.399    19.65 21.58 03a59663o0056c       0   17.977332
59662.791636 20.449472      NaN    -6     8 c    0   1.25 68.13022 -32.43066  6784.73  7049.27  2.62  2.34 -53.9 -0.396    19.61 21.58 03a59663o0063c       0   17.498127
59662.801227 19.894850      NaN    13    10 c    0   0.78 68.13022 -32.43066  6731.77  6967.36  2.66  2.34 -54.4 -0.393    19.59 21.54 03a59663o0084c       0   18.498228
59662.812208 19.719755      NaN    20    10 c    0   1.14 68.13022 -32.43066  6713.04  7080.60  2.64  2.37 -50.4 -0.390    19.57 21.47 03a59663o0108c       0   18.498228
59675.752508 19.696897      NaN   -25    16 c    0   1.12 68.13022 -32.43066  4807.87  9085.71  4.87  4.18 -40.1 -0.244    18.82 20.99 03a59676o0041c       0   22.320046
59675.755702 19.241693      NaN    28    16 c    0   1.07 68.13022 -32.43066  4826.82  9123.95  4.35  3.77 -37.2 -0.303    18.95 21.00 03a59676o0048c       0   22.320046
59675.760711 19.302877      NaN   -55    23 c    0   1.13 68.13022 -32.43066  4773.88  9043.49  4.15  3.56 -44.4 -0.315    18.57 20.52 03a59676o0059c       0   27.770208
59789.406017 18.978793      NaN   -47    31 c    0   1.26 68.13022 -32.43066  3278.37  6124.84  2.21  1.93 -79.9 -0.376    18.23 20.02 04a59789o0778c    8192   34.686949
59792.154360 20.321591      NaN     1     9 c    0   1.10 68.13022 -32.43066  7534.40  3419.01  2.40  2.28  20.5 -0.439    19.80 21.67 03a59792o0822c       0   17.977332
59792.171843 19.816329      NaN    22     8 c    0   1.09 68.13022 -32.43066  7517.80  3379.73  2.42  2.37  14.8 -0.423    19.75 21.60 03a59792o0856c       0   17.498127
59792.182418 19.652575      NaN    11    14 c    0   0.89 68.13022 -32.43066  7571.57  3458.54  2.43  2.33  29.9 -0.437    19.37 20.60 03a59792o0878c       0   20.932856
59814.394069 20.594452      NaN   -14     7 c    0   1.49 68.13022 -32.43066  7578.60  1374.69  2.57  2.09 -23.6 -0.387    19.79 21.80 04a59814o0915c       0   17.064128
59814.397222 20.594452      NaN     3     7 c    0   1.26 68.13022 -32.43066  7561.04  1336.15  2.47  2.10 -22.7 -0.388    19.80 21.79 04a59814o0922c       0   17.064128
59814.405145 20.449472      NaN    -3     8 c    0   1.23 68.13022 -32.43066  7621.83  1413.32  2.50  2.08 -22.6 -0.386    19.78 21.76 04a59814o0939c       0   17.498127
59814.411073 20.244005      NaN     8     8 c    0   1.32 68.13022 -32.43066  7646.10  1295.70  2.58  2.18 -23.2 -0.379    19.77 21.73 04a59814o0952c       0   17.498127
59851.023959 19.816329      NaN    16    10 c    0   1.03 68.13022 -32.43066  5149.65  7900.22  2.41  2.15 -54.0 -0.391    19.68 21.49 03a59851o0636c       0   18.498228
59851.026723 19.631075      NaN    15    13 c    0   1.05 68.13022 -32.43066  5129.95  7861.84  2.43  2.19 -51.4 -0.383    19.21 21.00 03a59851o0642c       0   20.277684
59851.029882 20.207197      NaN     0    10 c    0   1.08 68.13022 -32.43066  5185.83  7940.61  2.47  2.19 -52.2 -0.378    19.69 21.52 03a59851o0649c       0   18.498228
59851.035753 20.321591      NaN   -18     9 c    0   1.02 68.13022 -32.43066  5207.46  7824.98  2.45  2.20 -54.5 -0.382    19.79 21.69 03a59851o0662c       0   17.977332
59855.045551 20.449472      NaN    -1     8 c    0   1.10 68.13022 -32.43066  5143.98  7901.43  2.57  2.31 -32.8 -0.381    19.83 21.90 03a59855o0661c       0   17.498127
59855.048262 20.594452 0.361912    24     7 c    0   1.54 68.13022 -32.43066  5123.05  7862.53  2.66  2.35 -40.4 -0.374    19.82 21.91 03a59855o0667c       0   17.064128
59855.051434 20.321591      NaN     6     8 c    0   1.04 68.13022 -32.43066  5179.05  7941.59  2.59  2.32 -42.6 -0.377    19.83 21.90 03a59855o0674c       0   17.498127
59855.056637 20.071303      NaN    10     9 c    0   0.87 68.13022 -32.43066  5200.28  7827.21  2.57  2.25 -45.3 -0.382    19.85 21.87 03a59855o0685c       0   17.977332
59855.136892 19.384550      NaN    16    17 c    0   0.74 68.13022 -32.43066  5263.22  2613.47  2.40  2.17 -49.4 -0.395    19.13 20.01 03a59855o0844c       0   23.047439
59873.252838 20.449472      NaN   -11     8 c    0   1.18 68.13022 -32.43066  9290.61  7742.69  2.57  2.29 -42.4 -0.422    19.81 21.77 04a59873o0579c       0   17.498127
59873.255098 19.743105      NaN    19    10 c    0   1.04 68.13022 -32.43066  9271.98  7704.49  2.63  2.30 -38.4 -0.415    19.76 21.76 04a59873o0584c       0   18.498228
59873.258252 19.922338      NaN    12    10 c    0   0.89 68.13022 -32.43066  9334.02  7781.39  2.49  2.27 -47.6 -0.423    19.84 21.76 04a59873o0591c       0   18.498228
59873.266726 20.207197      NaN    -3    10 c    0   0.90 68.13022 -32.43066  9360.31  7665.41  2.51  2.20 -35.5 -0.432    19.81 21.73 04a59873o0609c       0   18.498228
59873.370054 19.454622      NaN    27    12 c    0   0.78 68.13022 -32.43066  1407.96  2850.75  2.33  1.83  46.3 -0.397    19.57 21.08 04a59873o0821c       0   19.651576
59874.232213 20.449472      NaN    -6     8 c    0   1.39 68.13022 -32.43066  9274.89  7742.55  2.50  2.16 -42.7 -0.441    19.80 21.81 04a59874o0514c       0   17.498127
59874.235365 20.207197      NaN     1    10 c    0   0.82 68.13022 -32.43066  9257.02  7704.31  2.60  2.22 -41.4 -0.436    19.80 21.79 04a59874o0521c       0   18.498228
59874.238605 19.652575      NaN    26     9 c    0   1.67 68.13022 -32.43066  9318.55  7780.98  2.58  2.26 -36.2 -0.439    19.80 21.83 04a59874o0528c       0   17.977332
59874.248950 20.207197      NaN     0    10 c    0   1.20 68.13022 -32.43066  9347.38  7663.12  2.58  2.29 -40.5 -0.434    19.81 21.82 04a59874o0546c       0   18.498228
59877.231979 20.207197      NaN     1    10 c    0   1.07 68.13022 -32.43066  9282.27  7740.54  2.78  2.51 -36.9 -0.397    19.68 21.71 04a59877o0515c       0   18.498228
59877.234904 20.207197      NaN   -11    10 c    0   1.13 68.13022 -32.43066  9263.76  7703.20  2.68  2.42 -43.8 -0.413    19.73 21.70 04a59877o0521c       0   18.498228
59877.237812 19.631075      NaN    21    11 c    0   0.90 68.13022 -32.43066  9324.61  7779.31  2.82  2.53 -42.3 -0.389    19.68 21.69 04a59877o0526c       0   19.057399
59877.243904 20.207197      NaN    -4    10 c    0   1.26 68.13022 -32.43066  9348.47  7663.53  2.84  2.61 -41.9 -0.383    19.70 21.67 04a59877o0539c       0   18.498228
59878.238667 20.207197      NaN     3    10 c    0   0.84 68.13022 -32.43066  9294.01  7745.45  2.85  2.61 -37.7 -0.373    19.58 21.63 04a59878o0544c       0   18.498228
59878.240959 20.207197      NaN    -1    10 c    0   1.00 68.13022 -32.43066  9275.74  7707.33  2.80  2.49 -41.8 -0.381    19.67 21.61 04a59878o0549c       0   18.498228
59878.244554 20.207197      NaN    -8    10 c    0   0.88 68.13022 -32.43066  9339.61  7784.92  2.91  2.64 -40.3 -0.365    19.65 21.61 04a59878o0556c       0   18.498228
59878.251390 20.207197      NaN     2    10 c    0   1.05 68.13022 -32.43066  9363.22  7668.59  2.85  2.54 -37.8 -0.379    19.67 21.66 04a59878o0571c       0   18.498228
59878.367628 19.743105      NaN    10    13 c    0   0.94 68.13022 -32.43066  1410.00  2843.62  2.49  2.03  46.9 -0.385    19.46 20.99 04a59878o0802c       0   20.277684
59881.239676 20.137125      NaN    11     8 c    0   1.06 68.13022 -32.43066  1887.10  1637.84  2.44  1.90  41.4 -0.406    19.77 21.77 04a59881o0526c       0   17.498127
59881.251467 20.009244      NaN    12     9 c    0   1.07 68.13022 -32.43066  1879.34  1598.57  2.49  1.87  44.7 -0.400    19.81 21.74 04a59881o0551c       0   17.977332
59881.254169 20.321591      NaN    -1     9 c    0   1.01 68.13022 -32.43066  1940.48  1677.79  2.40  1.81  46.6 -0.412    19.83 21.75 04a59881o0557c       0   17.977332
59881.257327 20.449472      NaN    -1     8 c    0   1.89 68.13022 -32.43066  1961.78  1560.87  2.44  1.84  45.4 -0.406    19.84 21.72 04a59881o0564c       0   17.498127
59882.201800 20.594452      NaN    -7     7 c    0   1.52 68.13022 -32.43066  1859.77  1639.46  2.56  2.09  44.8 -0.395    19.73 21.84 04a59882o0439c       0   17.064128
59882.203840 20.321591      NaN     9     7 c    0   1.27 68.13022 -32.43066  1842.46  1600.31  2.68  2.08  39.4 -0.393    19.72 21.86 04a59882o0443c       0   17.064128
59882.206666 20.321591      NaN     1     9 c    0   0.87 68.13022 -32.43066  1902.58  1679.41  2.74  2.22  43.2 -0.387    19.70 21.86 04a59882o0449c       0   17.977332
59882.228586 20.321591      NaN    -6     9 c    0   0.98 68.13022 -32.43066  1938.81  1560.34  2.50  2.04  42.2 -0.414    19.77 21.87 04a59882o0491c       0   17.977332
59898.917524 20.039830      NaN    14     8 c    0   1.38 68.13022 -32.43066  7100.38  7831.33  2.78  2.46 -53.6 -0.398    19.77 21.90 03a59899o0346c       0   17.498127
59898.920230 20.071303      NaN    10     9 c    0   0.88 68.13022 -32.43066  7081.32  7793.10  2.81  2.47 -48.2 -0.393    19.75 21.90 03a59899o0352c       0   17.977332
59898.924752 21.514394      NaN  -459     3 c    0  18.71 68.13022 -32.43066  7137.26  7872.50  2.80  2.42 -50.1 -0.396    19.72 21.89 03a59899o0362c    4096   15.848800
59898.934315 20.594452      NaN    -3     7 c    0   1.16 68.13022 -32.43066  7156.78  7758.82  2.74  2.41 -51.8 -0.391    19.77 21.91 03a59899o0383c       0   17.064128
59899.983280 20.449472      NaN    -1     8 c    0   1.00 68.13022 -32.43066  3339.22  2656.80  2.41  2.23 -60.1 -0.401    19.84 21.84 03a59900o0494c       0   17.498127
59899.986784 19.719755      NaN    23     9 c    0   0.95 68.13022 -32.43066  3357.38  2696.63  2.38  2.16 -60.6 -0.402    19.84 21.83 03a59900o0501c       0   17.977332
59899.991460 20.449472      NaN   -15     8 c    0   1.23 68.13022 -32.43066  3298.45  2618.53  2.35  2.16 -65.2 -0.406    19.84 21.78 03a59900o0511c       0   17.498127
59899.994203 20.449472      NaN     3     8 c    0   0.99 68.13022 -32.43066  3275.32  2734.91  2.48  2.35 -58.9 -0.402    19.76 21.75 03a59900o0517c       0   17.498127
59902.972336 18.967180      NaN    46    17 c    0   1.09 68.13022 -32.43066  3341.30  2657.50  2.63  2.51 -33.5 -0.495    19.35 21.63 03a59903o0477c       0   23.047439
59902.977631 20.449472      NaN    -2     8 c    0   0.94 68.13022 -32.43066  3358.09  2698.22  2.63  2.44 -52.2 -0.401    19.80 22.06 03a59903o0488c       0   17.498127
59902.985639 20.321591      NaN     2     9 c    0   1.03 68.13022 -32.43066  3298.89  2622.13  2.53  2.33 -53.3 -0.406    19.69 21.89 03a59903o0505c       0   17.977332
59903.010764 18.757738      NaN    54    21 c    0   0.88 68.13022 -32.43066  3269.64  2744.98  2.71  2.49 -37.5 -0.470    19.13 21.36 03a59903o0560c       0   26.137797
59903.894474 20.207197      NaN   -20    10 c    0   0.66 68.13022 -32.43066  9041.43  7717.80  2.64  2.21 -57.2 -0.394    19.83 21.75 03a59904o0301c       0   18.498228
59903.899045 20.449472      NaN    -3     8 c    0   1.23 68.13022 -32.43066  9097.57  7796.57  2.61  2.20 -55.0 -0.395    19.84 21.76 03a59904o0311c       0   17.498127
59903.904903 20.449472      NaN   -13     8 c    0   1.09 68.13022 -32.43066  9118.81  7680.64  2.55  2.15 -57.9 -0.401    19.82 21.76 03a59904o0324c       0   17.498127
59906.882280 20.449472      NaN    -3     8 c    0   1.37 68.13022 -32.43066  9072.62  7755.09  2.70  2.25 -44.0 -0.425    19.79 21.94 03a59907o0258c       0   17.498127
59906.885062 20.449472      NaN    -3     8 c    0   0.89 68.13022 -32.43066  9053.64  7716.53  2.72  2.23 -49.1 -0.396    19.87 22.04 03a59907o0264c       0   17.498127
59906.888217 20.071303      NaN    10     9 c    0   0.79 68.13022 -32.43066  9111.13  7794.30  2.74  2.28 -49.2 -0.394    19.87 22.05 03a59907o0271c       0   17.977332
59906.909776 19.868040      NaN    17     9 c    0   1.10 68.13022 -32.43066  9126.94  7678.75  2.91  2.47 -46.3 -0.387    19.80 22.09 03a59907o0314c       0   17.977332
59907.974090 20.449472      NaN     0     8 c    0   1.29 68.13022 -32.43066  1365.83  2731.45  2.44  2.23 -57.3 -0.406    19.88 22.10 03a59908o0474c       0   17.498127
59907.977442 19.816329      NaN    16    10 c    0   0.83 68.13022 -32.43066  1384.63  2771.53  2.54  2.44 -70.5 -0.405    19.82 22.08 03a59908o0481c       0   18.498228
59907.983271 20.449472      NaN     3     8 c    0   1.09 68.13022 -32.43066  1325.10  2694.36  2.56  2.46 -50.7 -0.400    19.80 22.09 03a59908o0493c       0   17.498127
59910.981153 20.009244      NaN     9    10 c    0   0.93 68.13022 -32.43066  1359.83  2736.23  2.97  2.81 -61.3 -0.381    19.64 21.99 03a59911o0470c    8192   18.498228
59910.984780 20.207197      NaN    -3    10 c    0   0.79 68.13022 -32.43066  1377.60  2776.28  2.99  2.83 -63.6 -0.385    19.63 22.00 03a59911o0478c    8192   18.498228
59911.011131 18.208845      NaN   -14    63 c    0   1.25 68.13022 -32.43066  1312.71  2698.90  2.87  2.60 -70.3 -0.382    17.34 19.36 03a59911o0531c 8388610   64.893640
59911.016539 16.195732      NaN    76   378 c    0   0.97 68.13022 -32.43066  1288.98  2814.72  3.01  2.76 -79.8 -0.379    15.49 17.54 03a59911o0543c 8388610  378.320214
59929.185072 19.894850      NaN    13    10 c    0   1.07 68.13022 -32.43066  1048.95  8879.50  3.25  2.42 -84.4 -0.332    19.67 21.96 04a59929o0365c       0   18.498228
59929.188675 20.009244      NaN    12     9 c    0   1.24 68.13022 -32.43066  1067.71  8914.31  2.95  2.19 -80.4 -0.350    19.75 21.96 04a59929o0373c       0   17.977332
59929.192279 19.841877      NaN    18     9 c    0   1.31 68.13022 -32.43066  1009.72  8835.20  2.97  2.18 -82.4 -0.347    19.77 21.93 04a59929o0381c       0   17.977332
59929.204829 20.449472      NaN     0     8 c    0   1.35 68.13022 -32.43066   989.00  8943.26  3.02  2.25 -84.8 -0.343    19.74 21.85 04a59929o0405c       0   17.498127
59930.160011 20.009244      NaN     3    12 c    0   1.10 68.13022 -32.43066  1047.74  8905.35  3.16  2.57 -89.4 -0.329    19.60 21.85 04a59930o0180c       0   19.651576
59930.163294 19.979496      NaN    10    10 c    0   0.85 68.13022 -32.43066  1068.18  8940.79  3.15  2.55 -85.1 -0.332    19.61 21.86 04a59930o0187c       0   18.498228
59930.169851 20.137125      NaN     8     9 c    0   1.22 68.13022 -32.43066  1009.88  8858.08  3.04  2.41  89.2 -0.335    19.63 21.86 04a59930o0201c       0   17.977332
59930.204040 19.719755      NaN    17    11 c    0   0.88 68.13022 -32.43066   996.52  8943.23  3.22  2.51 -83.9 -0.337    19.58 21.76 04a59930o0272c       0   19.057399
59933.148582 19.569016      NaN   -10    18 c    0   1.03 68.13022 -32.43066  1050.33  8911.85  3.33  2.41 -88.5 -0.367    18.93 22.03 04a59933o0059c       0   23.794631
59933.152106 19.302877      NaN    18    18 c    0   1.25 68.13022 -32.43066  1068.91  8945.47  3.39  2.39 -88.7 -0.372    18.97 22.03 04a59933o0066c       0   23.794631
59933.157506 19.212347      NaN    24    18 c    0   1.08 68.13022 -32.43066  1011.22  8862.81  3.25  2.27 -84.9 -0.390    19.03 22.05 04a59933o0077c       0   23.794631
59933.167871 19.922338      NaN   -74    13 c    0   1.54 68.13022 -32.43066   991.39  8969.40  3.27  2.21 -88.3 -0.400    19.01 22.07 04a59933o0098c    4096   20.277684
59934.175559 20.321591      NaN     6     8 c    0   1.21 68.13022 -32.43066  1049.53  8877.90  2.99  2.26 -84.8 -0.347    19.74 21.99 04a59934o0340c       0   17.498127
59934.178712 20.071303      NaN     7    10 c    0   0.87 68.13022 -32.43066  1068.65  8912.98  2.94  2.35 -85.7 -0.341    19.76 22.00 04a59934o0347c       0   18.498228
59934.185018 20.362567      NaN     5     8 c    0   1.61 68.13022 -32.43066  1010.93  8830.26  3.08  2.28 -84.1 -0.342    19.76 21.98 04a59934o0361c       0   17.498127
59934.195863 20.449472      NaN   -14     8 c    0   1.10 68.13022 -32.43066   988.31  8940.21  3.04  2.20 -76.4 -0.350    19.75 21.99 04a59934o0384c       0   17.498127
59938.146751 20.449472      NaN     2     8 c    0   0.85 68.13022 -32.43066  7341.47  2560.01  2.75  2.23 -25.5 -0.382    19.67 22.10 04a59938o0267c       0   17.498127
59938.149906 20.449472      NaN     1     8 c    0   1.16 68.13022 -32.43066  7359.96  2597.07  2.75  2.14 -19.9 -0.380    19.73 22.07 04a59938o0274c       0   17.498127
59938.155396 20.103715      NaN     6    10 c    0   1.04 68.13022 -32.43066  7302.94  2512.97  2.84  2.42 -29.9 -0.387    19.59 22.00 04a59938o0286c       0   18.498228
59938.187322 20.449472      NaN    -4     8 c    0   0.94 68.13022 -32.43066  7280.40  2608.55  2.40  2.07 -27.6 -0.398    19.73 22.02 04a59938o0354c       0   17.498127
59941.212511 19.950541      NaN    11    10 c    0   0.83 68.13022 -32.43066  7326.91  2515.49  2.30  1.89 -21.0 -0.407    19.76 21.77 04a59941o0312c       0   18.498228
59941.228709 20.244005 0.336953    32     9 c    0   0.95 68.13022 -32.43066  7347.33  2552.55  2.38  1.91 -18.4 -0.400    19.69 21.72 04a59941o0347c       0   17.977332
59941.231811 19.950541      NaN    17     8 c    0   1.12 68.13022 -32.43066  7284.66  2471.63  2.35  1.87 -22.1 -0.401    19.74 21.73 04a59941o0353c       0   17.498127
59941.236150 19.766969      NaN    21     9 c    0   1.11 68.13022 -32.43066  7261.53  2585.86  2.27  1.87 -23.0 -0.404    19.71 21.69 04a59941o0361c       0   17.977332
59958.869867 20.071303      NaN    13     8 c    0   1.13 68.13022 -32.43066  4074.57  6669.95  2.61  2.26 -57.7 -0.376    19.78 21.91 03a59959o0213c       0   17.498127
59958.873076 20.594452      NaN     6     6 c    0   1.85 68.13022 -32.43066  4091.96  6700.10  2.51  2.21 -56.9 -0.382    19.80 21.89 03a59959o0220c       0   16.678862
59958.879440 20.071303      NaN    19     6 c    0   2.15 68.13022 -32.43066  4040.60  6607.21  2.44  2.19 -60.8 -0.383    19.84 21.89 03a59959o0234c       0   16.678862
59958.889529 20.009244      NaN    15     8 c    0   1.41 68.13022 -32.43066  4019.17  6692.57  2.61  2.33 -61.2 -0.373    19.77 21.90 03a59959o0256c       0   17.498127
59959.830153 20.207197      NaN     1    10 c    0   1.30 68.13022 -32.43066  4035.32  4838.46  3.10  2.90 -72.1 -0.370    19.56 21.90 03a59960o0126c       0   18.498228
59959.833772 20.137125      NaN     8     9 c    0   1.19 68.13022 -32.43066  4051.21  4868.16  2.83  2.62 -57.2 -0.362    19.67 21.90 03a59960o0134c       0   17.977332
59959.843580 19.922338      NaN    15     9 c    0   1.07 68.13022 -32.43066  3993.82  4763.92  2.72  2.53 -68.1 -0.373    19.69 21.89 03a59960o0154c       0   17.977332
59959.853649 19.766969      NaN    18    10 c    0   0.98 68.13022 -32.43066  3968.43  4851.43  2.86  2.68 -49.9 -0.360    19.65 21.95 03a59960o0176c       0   18.498228
59963.871083 20.103715      NaN     3    11 c    0   1.24 68.13022 -32.43066 10491.52  9113.76  2.78  2.23 -59.0 -0.428    19.83 21.79 03a59964o0214c       0   19.057399
59963.873849 20.321591      NaN   -15     9 c    0   1.12 68.13022 -32.43066   882.69  8734.14  2.55  2.28 -41.5 -0.391    19.84 21.82 03a59964o0220c       0   17.977332
59963.877082 20.282105      NaN     4     9 c    0   1.03 68.13022 -32.43066   900.16  8773.17  2.50  2.20 -41.2 -0.387    19.83 21.78 03a59964o0227c       0   17.977332
59963.882650 20.449472      NaN    -7     8 c    0   1.71 68.13022 -32.43066   843.75  8694.33  2.59  2.26 -39.1 -0.389    19.84 21.81 03a59964o0239c       0   17.498127
59963.894140 20.244005      NaN     5     9 c    0   1.21 68.13022 -32.43066   821.88  8812.65  2.64  2.30 -43.2 -0.384    19.83 21.80 03a59964o0264c       0   17.977332
59967.007858 19.719755      NaN    14    12 c    0   1.10 68.13022 -32.43066   902.70  8747.60  2.88  2.53 -32.8 -0.369    19.46 21.36 03a59967o0085c       0   19.651576
59967.011128 20.009244      NaN    -4    12 c    0   1.22 68.13022 -32.43066   921.52  8786.57  2.97  2.61 -32.6 -0.365    19.40 21.34 03a59967o0092c       0   19.651576
59967.031105 19.696897      NaN   -28    16 c    0   1.07 68.13022 -32.43066   872.43  8710.89  3.62  3.19 -28.7 -0.335    19.11 21.19 03a59967o0134c       0   22.320046
59967.034738 19.631075      NaN   -16    17 c    0   1.10 68.13022 -32.43066   850.57  8829.51  3.59  3.20 -26.3 -0.332    19.08 21.18 03a59967o0142c       0   23.047439
59967.821939 19.922338      NaN    18     8 c    0   1.06 68.13022 -32.43066  7302.65  2577.95  2.55  2.21 -58.6 -0.407    19.78 21.89 03a59968o0114c       0   17.498127
59967.825092 19.868040      NaN    14    10 c    0   0.88 68.13022 -32.43066  7321.51  2617.79  2.46  2.15 -58.8 -0.542    19.82 21.89 03a59968o0121c       0   18.498228
59967.830569 20.321591      NaN   -15     9 c    0   0.99 68.13022 -32.43066  7264.82  2538.08  2.52  2.20 -59.8 -0.407    19.79 21.84 03a59968o0132c       0   17.977332
59967.840695 20.761819      NaN     1     6 c    0   1.91 68.13022 -32.43066  7239.92  2653.78  2.48  2.17 -55.3 -0.406    19.76 21.79 03a59968o0154c       0   16.678862
59987.041650 20.321591      NaN    -3     9 c    0   1.62 68.13022 -32.43066  7418.75  4467.19  2.79  2.50 -24.1 -0.360    19.38 21.50 04a59987o0070c       0   17.977332
59987.045259 19.816329      NaN    16    10 c    0   1.28 68.13022 -32.43066  7437.77  4503.50  2.72  2.39 -30.9 -0.375    19.39 21.51 04a59987o0078c       0   18.498228
59987.052089 20.009244      NaN    12     9 c    0   1.52 68.13022 -32.43066  7378.94  4421.81  2.72  2.40 -33.2 -0.376    19.38 21.54 04a59987o0093c       0   17.977332
59987.062598 20.449472      NaN   -14     8 c    0   1.39 68.13022 -32.43066  7357.26  4531.94  2.59  2.28 -24.6 -0.384    19.47 21.54 04a59987o0116c       0   17.498127
59991.057493 20.171596      NaN    10     8 c    0   1.69 68.13022 -32.43066  7416.53  4455.90  2.51  2.15 -23.2 -0.398    19.55 21.66 04a59991o0111c       0   17.498127
59991.063000 19.868040 0.264814    44    10 c    0   1.19 68.13022 -32.43066  7435.44  4491.72  2.62  2.22 -24.6 -0.391    19.49 21.64 04a59991o0123c       0   18.498228
59991.066626 20.321591      NaN   -26     9 c    0   1.41 68.13022 -32.43066  7376.52  4412.08  2.54  2.19 -30.7 -0.390    19.54 21.64 04a59991o0131c       0   17.977332
59991.081162 19.979496      NaN    10    10 c    0   1.19 68.13022 -32.43066  7352.97  4521.74  2.54  2.15 -31.9 -0.392    19.49 21.63 04a59991o0163c       0   18.498228
59995.022975 19.766969      NaN     9    13 c    0   0.97 68.13022 -32.43066  6913.71  9011.55  3.03  2.36 -71.2 -0.361    19.33 20.97 04a59995o0038c       0   20.277684
59995.025765 19.569016      NaN    24    11 c    0   1.27 68.13022 -32.43066  6932.25  9048.85  2.94  2.30 -74.3 -0.373    19.45 21.27 04a59995o0044c       0   19.057399
59995.032577 19.719755 0.254108    50    11 c    0   1.01 68.13022 -32.43066  6875.07  8964.75  2.90  2.24 -76.7 -0.378    19.60 21.60 04a59995o0057c       0   19.057399
59995.042693 19.609992      NaN    19    12 c    0   0.66 68.13022 -32.43066  6852.66  9074.80  2.89  2.25 -77.8 -0.374    19.61 21.63 04a59995o0079c       0   19.651576
60021.754614 18.504094      NaN    36    37 c    0   1.43 68.13022 -32.43066  7350.68  4533.68  2.75  2.37 -59.6 -0.385    18.02 19.88 03a60022o0055c       0   40.139562
60021.758238 17.120482      NaN   182   112 c    0   1.13 68.13022 -32.43066  7368.03  4572.53  2.83  2.42 -57.8 -0.389    16.87 18.76 03a60022o0063c       2  113.076012
60021.763681 19.454622      NaN    -6    20 c    0   1.09 68.13022 -32.43066  7313.62  4494.11  2.77  2.39 -56.5 -0.387    18.80 20.73 03a60022o0075c       0   25.341358
60021.780507 19.491430      NaN     4    19 c    0   0.85 68.13022 -32.43066  7287.64  4609.32  2.81  2.42 -59.4 -0.390    18.99 20.99 03a60022o0112c       0   24.559814
60045.980557 19.051202      NaN    21    23 c    0   1.21 68.13022 -32.43066  1023.22  8822.74  3.35  2.63 -84.2 -0.347    18.84 20.34 04a60046o0038c       0   27.770208
60045.983830 19.569016      NaN    -6    18 c    0   1.16 68.13022 -32.43066  1040.83  8861.59  3.37  2.63 -80.5 -0.353    18.95 20.70 04a60046o0045c       0   23.794631
60045.989029 19.115465      NaN    34    17 c    0   1.00 68.13022 -32.43066   979.01  8783.99  3.27  2.56 -86.1 -0.344    19.11 20.91 04a60046o0056c       0   23.047439
60045.999690 19.197966      NaN    28    17 c    0   0.97 68.13022 -32.43066   953.45  8904.30  3.27  2.49 -87.0 -0.354    19.16 20.98 04a60046o0078c       0   23.047439
60048.973836 18.944322      NaN     9    30 c    0   0.98 68.13022 -32.43066  7302.36  2504.59  2.97  2.69 -22.5 -0.351    18.43 19.41 04a60049o0029c       0   33.796219
60048.977036 19.212347      NaN   -12    25 c    0   1.05 68.13022 -32.43066  7320.00  2542.79  3.13  2.77 -26.3 -0.350    18.68 20.08 04a60049o0036c       0   29.447996
60048.984514 19.472870      NaN    11    17 c    0   1.02 68.13022 -32.43066  7255.87  2464.44  3.06  2.67 -18.6 -0.375    19.01 20.86 04a60049o0052c       0   23.047439
60048.994633 19.696897      NaN   -21    16 c    0   0.83 68.13022 -32.43066  7229.41  2583.37  2.96  2.61 -26.7 -0.349    19.13 21.00 04a60049o0073c       0   22.320046
60051.972139 18.847027      NaN   -55    35 c    0   0.91 68.13022 -32.43066  9516.85   882.44  3.84  2.86 -28.7 -0.308    18.34 19.44 04a60052o0030c       0   38.303844
60051.974962 19.183773      NaN    11    23 c    0   1.54 68.13022 -32.43066  9534.42   921.78  3.81  2.84 -27.9 -0.318    18.60 19.99 04a60052o0036c       0   27.770208
60051.983388 18.836735      NaN    52    19 c    0   0.93 68.13022 -32.43066  9466.94   842.76  3.71  2.63 -28.9 -0.329    18.98 20.72 04a60052o0054c       0   24.559814
60051.994520 19.287255      NaN    13    20 c    0   0.74 68.13022 -32.43066  9438.60   964.35  3.56  2.38 -28.4 -0.364    19.06 20.79 04a60052o0077c       0   25.341358
60057.967933 18.474346      NaN    55    32 c    0   0.94 68.13022 -32.43066  3501.63  4619.49  2.56  2.40  79.7 -0.350    18.25 19.18 04a60058o0030c       0   35.583486
60057.971133 19.155932      NaN    16    22 c    0   1.37 68.13022 -32.43066  3519.64  4657.89  2.49  2.34  79.1 -0.364    18.56 19.69 04a60058o0037c       0   26.947810
60057.978529 19.212347      NaN    21    19 c    0   1.02 68.13022 -32.43066  3457.54  4582.52  2.52  2.28  86.1 -0.357    18.83 20.19 04a60058o0053c       0   24.559814
60057.989329 19.510313      NaN   -12    19 c    0   1.02 68.13022 -32.43066  3429.61  4703.15  2.66  2.48  63.5 -0.355    18.75 20.28 04a60058o0076c       0   24.559814