         MJD         m       dm     uJy  duJy F  err   chi/N        RA     Dec        x        y  maj  min   phi  apfit  mag5sig   Sky            Obs  Mask    duJy_new
57396.547529 19.089302      NaN    32.0    18 c    0    0.88 185.18754 49.5513  2330.92  1767.15 4.79 3.77 -23.1 -0.432    19.65 21.73 02a57396o0541c     0   26.609128
57396.556089 19.569016      NaN    -7.0    18 c    0    0.90 185.18754 49.5513  2041.73  1170.17 4.96 3.71 -24.4 -0.462    19.67 21.70 02a57396o0555c     0   26.609128
57396.582454 19.841877      NaN   -18.0    14 c    0    1.14 185.18754 49.5513  7372.06 10288.35 3.82 3.71  19.1 -0.412    19.67 21.69 02a57396o0598c     0   24.084138
57396.589168 19.841877      NaN   -40.0    14 c    0    1.19 185.18754 49.5513  2846.11  2370.87 4.42 3.67 -24.1 -0.419    19.69 21.70 02a57396o0609c     0   24.084138
57396.600178 19.631075      NaN   -66.0    17 c    0    1.19 185.18754 49.5513  3100.78   617.81 4.90 3.68 -17.9 -0.466    19.68 21.68 02a57396o0627c     0   25.943124
57424.536426 19.569016      NaN    -4.0    18 c    0    0.97 185.18754 49.5513  2838.16  1112.08 5.15 3.86 -21.6 -0.455    19.73 21.87 02a57424o0545c     0   26.609128
57424.567853 19.115465      NaN    39.0    15 c    0    1.12 185.18754 49.5513  7397.92  8780.63 3.98 3.61  85.5 -0.418    19.71 21.82 02a57424o0590c     0   24.678851
57424.581980 19.696897      NaN   -29.0    16 c    0    0.97 185.18754 49.5513  1931.31  2236.42 4.77 3.77 -25.9 -0.433    19.73 21.83 02a57424o0610c     0   25.299124
57424.593455 19.609992      NaN    12.0    14 c    0    1.15 185.18754 49.5513  8609.43  8151.05 4.00 3.57  80.5 -0.418    19.70 21.80 02a57424o0626c     0   24.084138
57448.490647 19.401649      NaN   -63.0    21 c    0    1.10 185.18754 49.5513  2511.09  1324.60 4.68 3.63 -16.7 -0.463    19.33 20.99 02a57448o0404c     0   28.723609
57448.513664 19.510313      NaN   -23.0    19 c    0    1.09 185.18754 49.5513  7871.93  8793.27 3.90 3.51  82.5 -0.431    19.29 20.90 02a57448o0445c     0   27.295525
57448.526912 19.419021      NaN    10.0    18 c    0    1.22 185.18754 49.5513  9005.11  8250.72 4.03 3.44  80.6 -0.430    19.27 20.86 02a57448o0468c     0   26.609128
57448.550766 19.351140      NaN    11.0    19 c    0    1.26 185.18754 49.5513  8753.94  8343.61 4.18 3.68  79.8 -0.412    19.16 20.77 02a57448o0510c     0   27.295525
57449.477696 19.766969      NaN   -38.0    15 c    0    1.39 185.18754 49.5513  2749.56  1275.37 4.67 3.65 -15.6 -0.461    19.68 21.69 02a57449o0543c     0   24.678851
57449.496989 19.569016      NaN   -10.0    18 c    0    0.97 185.18754 49.5513  3035.80  1873.50 4.44 3.62 -14.8 -0.444    19.55 21.40 02a57449o0577c     0   26.609128
57449.520008 19.674510      NaN     6.0    15 c    0    1.20 185.18754 49.5513  8754.55  8282.39 3.94 3.38  80.5 -0.437    19.47 21.23 02a57449o0618c     0   24.678851
57449.543892 19.318728      NaN    22.0    16 c    0    0.89 185.18754 49.5513  8757.25  8344.10 3.93 3.36  80.6 -0.434    19.40 21.09 02a57449o0661c     0   25.299124
57458.466091 19.454622      NaN   -44.0    20 c    0    0.85 185.18754 49.5513  2823.23  1119.70 5.26 4.07 -11.0 -0.428    19.63 21.85 02a57458o0527c     0   28.000816
57458.485824 19.922338      NaN   -45.0    13 c    0    1.51 185.18754 49.5513  7539.81  8972.41 4.27 3.99  86.5 -0.389    19.61 21.77 02a57458o0563c     0   23.516923
57458.507780 19.529530      NaN    13.0    15 c    0    1.17 185.18754 49.5513  8665.49  8432.86 4.18 3.63  78.4 -0.416    19.63 21.72 02a57458o0602c     0   24.678851
57458.519736 19.401649      NaN   -14.0    21 c    0    1.07 185.18754 49.5513  8751.25  8341.55 4.33 3.66 -89.8 -0.391    19.35 21.46 02a57458o0624c     0   28.723609
57482.411970 19.766969      NaN   -26.0    15 c    0    1.19 185.18754 49.5513  7681.80  9493.56 4.40 4.01  83.4 -0.394    19.61 21.76 02a57482o0409c  8192   24.678851
57488.390877 19.766969      NaN   -20.0    15 c    0    1.18 185.18754 49.5513  7672.45  9458.80 4.14 3.66  85.5 -0.434    19.62 21.63 02a57488o0305c     0   24.678851
57488.408617 19.766969      NaN   -14.0    15 c    0    1.10 185.18754 49.5513  7384.50  8863.74 4.09 3.63  82.9 -0.420    19.57 21.57 02a57488o0338c     0   24.678851
57488.417867 19.696897      NaN    -4.0    16 c    0    0.97 185.18754 49.5513  8503.54  8322.33 4.18 3.52  81.9 -0.440    19.60 21.59 02a57488o0356c     0   25.299124
57488.436822 19.631075      NaN    -4.0    17 c    0    0.88 185.18754 49.5513  8731.61  8330.45 4.27 3.53  83.1 -0.439    19.58 21.60 02a57488o0392c     0   25.943124
57512.332647 19.631075      NaN   -32.0    17 c    0    1.06 185.18754 49.5513  6374.29  8177.46 4.22 4.12 -86.5 -0.402    19.50 21.62 02a57512o0244c     0   25.943124
57512.347222 19.212347      NaN    23.0    18 c    0    1.03 185.18754 49.5513  6352.77  8142.09 4.43 4.34  -3.4 -0.381    19.42 21.59 02a57512o0274c     0   26.609128
57512.355685 19.569016      NaN   -32.0    18 c    0    1.02 185.18754 49.5513  6414.95  8224.70 4.92 4.39  -4.9 -0.362    19.37 21.60 02a57512o0291c     0   26.609128
57512.360539 19.419021      NaN    19.0    15 c    0    1.15 185.18754 49.5513  6429.90  8109.74 4.13 3.77 -87.9 -0.424    19.55 21.62 02a57512o0301c     0   24.678851
57512.374570 19.766969      NaN   -22.0    15 c    0    1.49 185.18754 49.5513  9034.65  9185.63 4.48 4.13  74.1 -0.398    19.51 21.62 02a57512o0329c     0   24.678851
57515.333630 19.510313      NaN   -23.0    19 c    0    1.08 185.18754 49.5513  4400.80  1103.16 5.16 3.75  -5.3 -0.494    19.56 21.71 02a57515o0243c     0   27.295525
57515.344303 19.510313      NaN   -11.0    19 c    0    1.24 185.18754 49.5513  4379.87  1067.26 5.18 3.69  -4.4 -0.468    19.55 21.67 02a57515o0265c     0   27.295525
57515.346727 18.990530      NaN    43.0    17 c    0    1.26 185.18754 49.5513  4444.52  1145.79 5.18 3.74  -4.1 -0.481    19.55 21.67 02a57515o0270c     0   25.943124
57515.368477 19.696897      NaN   -43.0    16 c    0    1.34 185.18754 49.5513  4475.33  1031.86 4.96 3.72  -4.5 -0.494    19.57 21.67 02a57515o0314c     0   25.299124
57515.378905 19.351140      NaN    14.0    18 c    0    0.96 185.18754 49.5513  4425.93  1092.66 4.90 3.70  -5.4 -0.493    19.57 21.63 02a57515o0335c     0   26.609128
57545.308023 19.696897      NaN     1.0    16 c    0    1.37 185.18754 49.5513  6534.25  8506.86 4.12 3.72 -88.8 -0.439    19.58 21.65 02a57545o0146c     0   25.299124
57545.315813 19.696897      NaN   -11.0    16 c    0    1.52 185.18754 49.5513  6521.82  8467.56 4.09 3.70  89.3 -0.434    19.58 21.64 02a57545o0162c     0   25.299124
57545.321138 19.367717      NaN    16.0    17 c    0    1.28 185.18754 49.5513  6571.64  8546.03 4.18 3.80  87.4 -0.433    19.54 21.62 02a57545o0173c     0   25.943124
57545.331341 19.510313      NaN   -46.0    19 c    0    0.94 185.18754 49.5513  6598.99  8430.11 4.22 3.72 -88.1 -0.438    19.56 21.64 02a57545o0194c     0   27.295525
57545.344421 19.696897      NaN     1.0    16 c    0    1.27 185.18754 49.5513  6561.15  8487.34 4.08 3.66  87.6 -0.442    19.55 21.60 02a57545o0221c     0   25.299124
57549.320409 19.351140      NaN   -61.0    22 c    0    1.20 185.18754 49.5513  3651.14   507.67 4.84 3.62  -8.0 -0.507    19.29 21.03 02a57549o0054c     0   29.462615
57549.327666 19.256669      NaN   -60.0    24 c    0    1.10 185.18754 49.5513  3671.02   386.68 4.90 3.60  -7.3 -0.510    19.29 21.05 02a57549o0069c     0   30.984604
57549.329114 19.510313      NaN    -3.0    19 c    0    1.39 185.18754 49.5513  7893.50 10067.28 4.25 3.84  85.7 -0.432    19.33 21.11 02a57549o0072c     0   27.295525
57549.336965 19.631075      NaN   -36.0    17 c    0    1.47 185.18754 49.5513  7859.28 10124.74 4.26 3.86  82.9 -0.438    19.34 21.13 02a57549o0088c     0   25.943124
57549.337935 19.256669      NaN   -35.0    24 c    0    1.11 185.18754 49.5513  3635.84   445.99 4.96 3.67  -7.0 -0.496    19.29 21.07 02a57549o0090c     0   30.984604
57572.283122 19.454622      NaN   -16.0    20 c    0    1.36 185.18754 49.5513  4540.12  1286.59 5.33 4.46  -7.6 -0.409    19.07 21.19 02a57572o0050c  8192   28.000816
57581.276608 19.002397      NaN     6.0    29 c    0    1.18 185.18754 49.5513  9187.27  7495.03 4.49 3.64  82.5 -0.451    18.92 20.43 02a57581o0055c     0   35.000653
57581.287638 18.967180      NaN     9.0    29 c    0    1.15 185.18754 49.5513  9211.16  7379.33 4.50 3.63  81.5 -0.464    18.90 20.40 02a57581o0077c     0   35.000653
57581.298327 19.089302      NaN    -2.0    28 c    0    1.50 185.18754 49.5513  9173.72  7435.47 4.47 3.52  85.4 -0.463    18.87 20.36 02a57581o0098c     0   34.176683
57718.629522 19.351140      NaN   -27.0    22 c    0    1.35 185.18754 49.5513  2423.36  2345.95 4.57 4.31  79.7 -0.360    19.06 21.07 02a57718o0837c     0   29.462615
57718.641514 19.256669      NaN   -12.0    24 c    0    0.80 185.18754 49.5513  2449.28  2386.98 4.22 3.98  78.7 -0.366    19.16 21.07 02a57718o0860c     0   30.984604
57718.653470 18.094452      NaN    80.0    44 c    0    0.97 185.18754 49.5513  2385.80  2308.50 4.73 4.54  86.8 -0.395    18.39 20.10 02a57718o0883c     0   48.166853
57718.663326 17.131075      NaN   -68.0   170 c    0    1.15 185.18754 49.5513  2374.86  2426.93 5.00 4.75 -87.8 -0.373    17.13 17.78 02a57718o0902c     2  171.125818
57746.579829 19.766969      NaN   -16.0    15 c    0    1.00 185.18754 49.5513  4213.65  2034.57 4.19 4.15 -52.8 -0.363    19.65 21.79 02a57746o0754c     0   24.678851
57746.591393 19.271854      NaN    34.0    13 c    0    1.30 185.18754 49.5513  4225.37  2075.02 4.01 3.96 -68.3 -0.373    19.71 21.81 02a57746o0776c     0   23.516923
57746.602942 19.766969      NaN    -3.0    15 c    0    1.13 185.18754 49.5513  4175.16  1997.00 4.23 4.19 -59.4 -0.361    19.66 21.81 02a57746o0798c     0   24.678851
57746.614477 19.766969      NaN   -14.0    15 c    0    0.92 185.18754 49.5513  4150.53  2114.18 4.29 4.24 -78.9 -0.351    19.64 21.78 02a57746o0820c     0   24.678851
57746.625980 19.766969      NaN   -10.0    15 c    0    1.13 185.18754 49.5513  4189.20  2057.87 4.28 4.24 -79.1 -0.363    19.60 21.76 02a57746o0842c     0   24.678851
57750.569230 18.889197      NaN    37.0    22 c    0    0.98 185.18754 49.5513  6339.62  9878.35 4.79 4.66  47.2 -0.355    19.28 21.50 02a57750o0566c     0   29.462615
57750.574344 19.287255      NaN    18.0    18 c    0    1.01 185.18754 49.5513  2151.61   180.50 4.61 4.59 -48.9 -0.339    19.48 21.61 02a57750o0576c     0   26.609128
57750.580746 17.976960      NaN    92.0    48 c    0    1.06 185.18754 49.5513  6363.29  9918.39 3.88 3.83  -3.3 -0.422    18.87 20.87 02a57750o0588c     0   51.846366
57750.585752 19.609992      NaN     9.0    15 c    0    1.66 185.18754 49.5513  2176.09   221.53 4.06 3.99 -54.0 -0.383    19.72 21.77 02a57750o0598c     0   24.678851
57778.528577 19.766969      NaN    -6.0    15 c    0    1.29 185.18754 49.5513  6669.97  9609.89 3.87 3.73 -84.7 -0.435    19.81 21.87 02a57778o0491c     0   24.678851
57778.547831 19.841877      NaN    -7.0    14 c    0    1.15 185.18754 49.5513  6694.17  9648.78 3.89 3.75  88.3 -0.429    19.84 21.92 02a57778o0527c     0   24.084138
57778.557034 19.922338      NaN   -12.0    13 c    0    1.46 185.18754 49.5513  6633.12  9573.91 3.84 3.72  84.3 -0.436    19.84 21.91 02a57778o0543c     0   23.516923
57778.569184 19.436675      NaN    24.0    13 c    0    1.43 185.18754 49.5513  6621.64  9692.46 3.85 3.71  86.1 -0.440    19.86 21.94 02a57778o0565c     0   23.516923
57778.582565 19.841877      NaN   -27.0    14 c    0    1.37 185.18754 49.5513  6656.70  9634.15 3.77 3.66  85.4 -0.441    19.84 21.89 02a57778o0589c     0   24.084138
57782.527902 19.401649      NaN    23.0    14 c    0    1.45 185.18754 49.5513  2913.61   963.26 3.90 3.85 -64.1 -0.417    19.83 21.93 02a57782o0648c     0   24.084138
57782.537654 19.841877      NaN   -18.0    14 c    0    1.18 185.18754 49.5513  2929.09   999.03 3.88 3.80 -76.6 -0.420    19.85 21.95 02a57782o0665c     0   24.084138
57782.555564 20.009244      NaN   -26.0    12 c    0    1.43 185.18754 49.5513  2879.04   921.78 3.79 3.72 -68.8 -0.425    19.90 22.00 02a57782o0699c     0   22.979245
57782.570155 19.841877      NaN   -19.0    14 c    0    1.00 185.18754 49.5513  2857.28  1040.87 3.84 3.77 -78.7 -0.417    19.88 22.02 02a57782o0725c     0   24.084138
57782.584021 19.696897      NaN   -30.0    16 c    0    1.05 185.18754 49.5513  2896.36   984.42 4.17 4.11 -69.0 -0.393    19.81 22.04 02a57782o0751c     0   25.299124
57786.516210 19.609992      NaN    12.0    14 c    0    1.49 185.18754 49.5513  6892.87  9334.34 3.60 3.49 -76.9 -0.456    19.81 21.85 02a57786o0417c     0   24.084138
57786.534563 19.696897      NaN   -48.0    16 c    0    1.01 185.18754 49.5513  6914.14  9374.98 3.67 3.57 -86.1 -0.441    19.76 21.80 02a57786o0452c     0   25.299124
57786.545737 19.569016      NaN   -20.0    18 c    0    0.87 185.18754 49.5513  6853.02  9297.73 3.68 3.57  78.7 -0.443    19.66 21.69 02a57786o0473c     0   26.609128
57786.559429 19.472870      NaN    16.0    15 c    0    1.45 185.18754 49.5513  6845.31  9417.60 3.63 3.56  70.1 -0.453    19.73 21.78 02a57786o0499c     0   24.678851
57786.572160 19.766969      NaN   -24.0    15 c    0    0.97 185.18754 49.5513  6882.41  9359.45 3.68 3.57  68.7 -0.444    19.86 21.97 02a57786o0523c     0   24.678851
57806.500164 19.115465      NaN    39.0    15 c    0    1.02 185.18754 49.5513  3786.88   941.96 3.91 3.75 -14.3 -0.425    19.79 21.84 02a57806o0526c     0   24.678851
57806.512305 19.256669      NaN    32.0    14 c    0    1.24 185.18754 49.5513  3817.26   981.36 3.96 3.84 -14.7 -0.421    19.76 21.84 02a57806o0549c     0   24.084138
57806.513296 21.514394      NaN  -750.0     3 c    0 7771.46 185.18754 49.5513  8108.13 10526.39 4.37 4.19  72.1 -0.385    19.66 21.82 02a57806o0551c  4096   19.825380
57806.514291 19.841877      NaN   -26.0    14 c    0    1.44 185.18754 49.5513  3753.70   901.98 3.91 3.86 -10.4 -0.419    19.77 21.85 02a57806o0553c     0   24.084138
57806.539927 19.609992      NaN     6.0    16 c    0    1.18 185.18754 49.5513  6740.33  9428.23 4.13 3.87  89.2 -0.406    19.75 21.84 02a57806o0600c     0   25.299124
57806.552269 19.569016      NaN     8.0    16 c    0    0.88 185.18754 49.5513  6700.60  9485.75 4.22 3.94  87.2 -0.399    19.73 21.87 02a57806o0623c     0   25.299124
57834.452040 19.631075      NaN   -26.0    17 c    0    0.98 185.18754 49.5513  7803.00  7534.44 3.76 3.54 -77.5 -0.447    19.10 21.11 02a57834o0366c     0   25.943124
57834.460882 19.436675      NaN     9.0    18 c    0    1.01 185.18754 49.5513  7776.02  7491.01 3.94 3.72  88.9 -0.408    19.07 21.12 02a57834o0383c     0   26.609128
57834.485042 19.076453      NaN    36.0    17 c    0    1.03 185.18754 49.5513  7836.20  7575.62 3.95 3.73  90.0 -0.410    19.07 21.14 02a57834o0428c     0   25.943124
57834.497126 19.569016      NaN   -48.0    18 c    0    1.02 185.18754 49.5513  7850.06  7458.27 3.91 3.85  80.1 -0.410    19.06 21.16 02a57834o0451c     0   26.609128
57834.509269 19.510313      NaN   -31.0    19 c    0    0.92 185.18754 49.5513  7812.33  7517.72 3.82 3.66  88.3 -0.423    19.09 21.14 02a57834o0473c     0   27.295525
57838.449610 19.631075      NaN     0.0    17 c    0    0.87 185.18754 49.5513  2589.29  1137.89 4.17 4.11 -36.9 -0.396    19.04 21.21 02a57838o0373c     0   25.943124
57838.452220 19.102305      NaN    34.0    17 c    0    1.12 185.18754 49.5513  2565.37  1101.78 4.36 4.32 -23.2 -0.380    18.97 21.21 02a57838o0378c     0   25.943124
57838.463755 19.569016      NaN    -3.0    18 c    0    1.02 185.18754 49.5513  2630.35  1175.37 4.54 4.25 -12.3 -0.368    18.99 21.21 02a57838o0400c     0   26.609128
57838.479691 19.155932      NaN    21.0    20 c    0    0.81 185.18754 49.5513  2639.58  1062.06 4.49 4.41 -19.6 -0.368    18.92 21.18 02a57838o0430c     0   28.000816
57838.501328 19.631075      NaN   -17.0    17 c    0    1.16 185.18754 49.5513  2604.56  1119.69 4.15 4.10 -68.4 -0.387    19.02 21.12 02a57838o0471c     0   25.943124
57842.474115 19.197966      NaN    12.0    22 c    0    1.01 185.18754 49.5513  9225.24  7252.81 4.34 4.13  25.7 -0.373    18.81 20.91 02a57842o0403c     0   29.462615
57842.477355 18.649074      NaN  -114.0    42 c    0    1.55 185.18754 49.5513  9289.10  7333.39 4.08 3.69  87.4 -0.426    17.97 19.90 02a57842o0408c     0   46.347014
57842.519120 19.051202      NaN    32.0    19 c    0    1.06 185.18754 49.5513  9261.05  7275.42 4.19 3.91  82.4 -0.405    18.96 21.00 02a57842o0434c     0   27.295525
57862.452789 19.334813      NaN    15.0    18 c    0    1.07 185.18754 49.5513  8921.14  7490.63 3.99 3.52  87.0 -0.426    19.05 20.88 02a57862o0472c     0   26.609128
57862.462925 19.155932      NaN    24.0    19 c    0    1.11 185.18754 49.5513  8908.20  7450.86 4.45 4.04  77.8 -0.384    18.88 20.76 02a57862o0493c     0   27.295525
57862.470835 19.014394      NaN    32.0    20 c    0    1.21 185.18754 49.5513  8959.98  7530.67 4.25 3.89  80.6 -0.404    18.81 20.54 02a57862o0509c     0   28.000816
57862.484377 19.454622      NaN   -16.0    20 c    0    1.13 185.18754 49.5513  8986.82  7414.28 3.96 3.49  87.6 -0.432    18.78 20.25 02a57862o0537c     0   28.000816
57862.489377 19.002397      NaN    30.0    21 c    0    1.05 185.18754 49.5513  8948.75  7470.01 4.03 3.56  84.2 -0.427    18.72 20.19 02a57862o0547c     0   28.723609
57870.448489 20.009244      NaN   -18.0    12 c    0    1.05 185.18754 49.5513  7309.84  9031.57 2.59 2.39  45.9 -0.491    19.56 20.74 02a57870o0357c     0   22.979245
57870.457369 20.207197      NaN   -13.0    10 c    0    1.61 185.18754 49.5513  7283.10  8990.07 2.65 2.44  43.7 -0.488    19.52 20.68 02a57870o0374c     0   22.001038
57870.465874 19.696897      NaN    17.0    11 c    0    1.06 185.18754 49.5513  7347.12  9070.76 2.65 2.46  43.0 -0.480    19.49 20.66 02a57870o0390c     0   22.473222
57870.479468 20.207197      NaN     0.0    10 c    0    1.32 185.18754 49.5513  7361.10  8952.03 2.64 2.42  49.8 -0.486    19.48 20.62 02a57870o0416c     0   22.001038
57870.501094 20.009244      NaN    -3.0    12 c    0    1.41 185.18754 49.5513  7323.17  9009.46 2.68 2.48  43.8 -0.488    19.37 20.46 02a57870o0457c     0   22.979245
57894.343970 20.137125      NaN     4.0    10 c    0    1.14 185.18754 49.5513  2396.95   497.66 3.64 2.52  23.9 -0.452    19.81 21.68 02a57894o0211c     0   22.001038
57894.354488 20.103715      NaN   -19.0    11 c    0    1.36 185.18754 49.5513  2372.57   454.99 3.64 2.51  23.0 -0.459    19.68 21.51 02a57894o0231c     0   22.473222
57894.363477 19.922338      NaN    -8.0    13 c    0    0.93 185.18754 49.5513  6746.54 10136.43 2.66 2.57  -0.9 -0.460    19.58 21.39 02a57894o0248c     0   23.516923
57894.374039 20.009244      NaN     5.0    11 c    0    1.19 185.18754 49.5513  6734.48 10099.26 2.66 2.60   4.6 -0.453    19.73 21.60 02a57894o0268c     0   22.473222
57894.377196 19.529530      NaN    25.0    11 c    0    1.19 185.18754 49.5513  2440.14   528.72 3.65 2.49  24.0 -0.464    19.72 21.58 02a57894o0274c     0   22.473222
57894.391576 19.743105      NaN     6.0    14 c    0    1.33 185.18754 49.5513  2464.85   409.02 3.72 2.54  23.4 -0.449    19.54 21.27 02a57894o0301c     0   24.084138
57894.392627 19.791368      NaN    13.0    11 c    0    1.17 185.18754 49.5513  6787.82 10176.04 2.70 2.60   5.0 -0.452    19.59 21.38 02a57894o0303c     0   22.473222
57894.400959 20.207197      NaN     0.0    10 c    0    1.42 185.18754 49.5513  6799.75 10056.48 2.69 2.61   5.0 -0.451    19.63 21.45 02a57894o0319c     0   22.001038
57894.410629 19.510313      NaN    29.0    10 c    0    1.30 185.18754 49.5513  6762.10 10115.40 2.68 2.56   7.9 -0.453    19.77 21.60 02a57894o0337c     0   22.001038
57894.412176 19.609992      NaN    18.0    12 c    0    1.21 185.18754 49.5513  2416.07   467.90 3.73 2.51  22.4 -0.456    19.72 21.53 02a57894o0340c     0   22.979245
57898.345865 19.766969      NaN    17.0    10 c    0    1.13 185.18754 49.5513  7277.83  9146.12 2.88 2.63  82.2 -0.467    19.68 21.65 02a57898o0056c     0   22.001038
57898.357998 20.207197      NaN    -9.0    10 c    0    1.23 185.18754 49.5513  7252.16  9108.61 2.82 2.58  79.0 -0.463    19.71 21.61 02a57898o0079c     0   22.001038
57898.380690 20.207197      NaN    -7.0    10 c    0    1.29 185.18754 49.5513  7315.94  9184.97 2.87 2.68  82.5 -0.448    19.75 21.62 02a57898o0122c     0   22.001038
57898.392876 20.103715      NaN   -14.0    11 c    0    0.94 185.18754 49.5513  7328.79  9067.37 2.95 2.63  76.3 -0.440    19.72 21.59 02a57898o0145c     0   22.473222
57898.412508 20.039830 0.341231    37.0    11 c    0    1.38 185.18754 49.5513  7291.86  9124.88 2.77 2.54  70.9 -0.455    19.72 21.52 02a57898o0182c     0   22.473222
57902.326217 20.171596 0.315214    33.0     9 c    0    1.40 185.18754 49.5513   368.72  8106.39 2.51 2.48  22.4 -0.424    19.68 21.36 02a57902o0180c     0   21.564918
57902.337951 19.894850      NaN    12.0    10 c    0    1.89 185.18754 49.5513   344.28  8064.70 2.72 2.55  15.9 -0.395    19.60 21.24 02a57902o0203c     0   22.001038
57902.346177 19.529530      NaN    19.0    13 c    0    1.38 185.18754 49.5513  9810.75  8110.67 2.72 2.57  30.6 -0.427    19.40 21.03 02a57902o0219c     0   23.516923
57902.354895 20.137125      NaN     4.0    10 c    0    0.97 185.18754 49.5513  9785.56  8070.58 2.75 2.59  21.9 -0.432    19.73 21.46 02a57902o0236c     0   22.001038
57902.359964 20.103715      NaN   -12.0    11 c    0    0.99 185.18754 49.5513   406.54  8136.32 2.61 2.50  33.2 -0.416    19.46 21.13 02a57902o0246c     0   22.473222
57902.371320 19.816329 0.353496    45.0    14 c    0    1.30 185.18754 49.5513   419.49  8018.37 2.66 2.51  14.1 -0.421    19.17 20.73 02a57902o0268c     0   24.084138
57902.373858 20.009244      NaN    -6.0    12 c    0    1.23 185.18754 49.5513  9851.46  8151.44 2.76 2.60  24.6 -0.421    19.48 21.18 02a57902o0273c     0   22.979245
57902.381969 20.207197      NaN    -1.0    10 c    0    1.27 185.18754 49.5513  9876.65  8034.78 2.79 2.63  20.2 -0.422    19.74 21.51 02a57902o0289c     0   22.001038
57902.382983 19.894850      NaN    15.0     9 c    0    1.05 185.18754 49.5513   381.92  8076.19 2.45 2.37  13.6 -0.439    19.73 21.41 02a57902o0291c     0   21.564918
57902.404573 19.841877      NaN    14.0    10 c    0    1.21 185.18754 49.5513  9824.92  8089.38 2.71 2.56  18.3 -0.436    19.73 21.43 02a57902o0333c     0   22.001038
58194.458682 19.589310      NaN    28.0     9 c    0    1.62 185.18754 49.5513  7681.65  9344.78 2.48 2.41  38.6 -0.428    19.83 21.74 02a58194o0525c     0   21.564918
58194.475111 20.449472      NaN    -8.0     8 c    0    1.19 185.18754 49.5513  7665.23  9304.57 2.59 2.52  27.5 -0.428    19.75 21.72 02a58194o0558c     0   21.167090
58194.478306 19.894850      NaN    18.0     8 c    0    1.39 185.18754 49.5513  7713.42  9383.90 2.57 2.45  43.8 -0.424    19.78 21.71 02a58194o0565c     0   21.167090
58194.493100 20.761819      NaN   -26.0     6 c    0    3.46 185.18754 49.5513  7736.33  9268.35 2.52 2.40  27.3 -0.438    19.82 21.70 02a58194o0595c     0   20.495016
58196.491493 19.351140      NaN   -28.0    22 c    0    1.35 185.18754 49.5513  9308.18  4313.34 2.64 2.43  68.0 -0.430    18.74 20.74 02a58196o0571c     0   29.462615
58196.498837 20.137125      NaN    10.0     8 c    0    1.18 185.18754 49.5513  9295.61  4275.78 2.59 2.42  65.8 -0.439    19.86 21.97 02a58196o0587c     0   21.167090
58196.508592 19.529530      NaN    22.0    12 c    0    1.33 185.18754 49.5513  9360.27  4356.52 2.64 2.46  66.6 -0.435    19.48 21.59 02a58196o0608c     0   22.979245
58196.517802 17.105824      NaN  -247.0   174 c    0    0.86 185.18754 49.5513  9371.75  4240.93 2.73 2.57  64.1 -0.448    17.14 19.13 02a58196o0628c     2  175.100102
58224.453842 16.437557      NaN  -163.0   322 c    0    1.29 185.18754 49.5513  7495.74  4529.54 2.92 2.75 -52.0 -0.426    17.26 19.23 02a58224o0103c     2  322.595793
58224.459777 20.009244 0.271434    38.0     9 c    0    1.39 185.18754 49.5513  7484.70  4488.81 2.62 2.50 -35.6 -0.405    19.73 21.54 02a58224o0116c  8192   21.564918
58224.469649 20.103715      NaN    -6.0    11 c    0    1.38 185.18754 49.5513  7546.01  4567.04 2.63 2.55 -72.2 -0.406    19.64 21.49 02a58224o0137c  8192   22.473222
58251.515087 20.321591      NaN   -11.0     9 c    0    1.75 185.18754 49.5513  8492.44  4347.97 2.71 2.51 -42.7 -0.402    19.50 21.25 02a58251o0609c     0   21.564918
58251.521943 19.674510      NaN    12.0    13 c    0    1.31 185.18754 49.5513  8491.47  4350.67 2.90 2.65 -39.7 -0.390    19.42 21.20 02a58251o0622c     0   23.516923
58251.529657 19.589310      NaN    16.0    13 c    0    1.09 185.18754 49.5513  8490.43  4354.82 2.73 2.56 -40.7 -0.403    19.45 21.17 02a58251o0637c     0   23.516923
58251.538703 20.009244      NaN     1.0    12 c    0    1.56 185.18754 49.5513  8488.79  4378.29 2.71 2.55 -40.5 -0.406    19.40 21.11 02a58251o0655c     0   22.979245
58252.480896 19.652575      NaN    22.0    10 c    0    1.96 185.18754 49.5513  8498.70  4340.99 2.66 2.53 -40.9 -0.406    19.58 21.32 02a58252o0511c     0   22.001038
58252.493344 20.207197      NaN     2.0    10 c    0    1.88 185.18754 49.5513  8496.70  4342.45 2.59 2.49 -39.9 -0.412    19.56 21.26 02a58252o0535c     0   22.001038
58252.507044 19.454622      NaN    29.0    11 c    0    1.04 185.18754 49.5513  8493.44  4345.56 2.67 2.56 -40.5 -0.415    19.50 21.18 02a58252o0561c     0   22.473222
58252.520281 19.791368      NaN    10.0    12 c    0    1.37 185.18754 49.5513  8491.18  4370.42 2.60 2.50 -38.4 -0.417    19.45 21.09 02a58252o0586c     0   22.979245
58256.382057 20.449472      NaN   -14.0     8 c    0    1.22 185.18754 49.5513  7559.37  5909.50 2.62 2.60 -47.6 -0.405    19.74 21.75 02a58256o0179c     0   21.167090
58256.394229 20.449472      NaN     1.0     8 c    0    1.62 185.18754 49.5513  7548.30  5870.42 2.60 2.57  45.5 -0.410    19.76 21.73 02a58256o0205c     0   21.167090
58256.411457 20.321591      NaN     8.0     7 c    0    2.23 185.18754 49.5513  7600.18  5949.01 2.67 2.59  40.8 -0.415    19.68 21.66 02a58256o0242c     0   20.809750
58256.422018 20.282105      NaN     3.0     9 c    0    1.43 185.18754 49.5513  7625.02  5832.14 2.62 2.53  29.9 -0.419    19.70 21.62 02a58256o0265c     0   21.564918
58280.351294 19.631075      NaN     5.0    16 c    0    1.46 185.18754 49.5513  9732.54  5543.31 2.61 2.50  24.6 -0.431    19.27 21.10 02a58280o0234c     0   25.299124
58280.367146 19.979496      NaN    15.0     8 c    0    2.27 185.18754 49.5513  9770.85  5584.68 2.64 2.47  49.4 -0.440    19.58 21.35 02a58280o0266c     0   21.167090
58280.378703 19.719755      NaN    13.0    12 c    0    1.24 185.18754 49.5513  9795.13  5468.32 2.76 2.57  47.2 -0.436    19.43 21.25 02a58280o0291c     0   22.979245
58284.340460 20.321591      NaN   -11.0     9 c    0    1.09 185.18754 49.5513  7198.67  6169.59 2.74 2.72 -27.9 -0.398    19.67 21.62 02a58284o0209c     0   21.564918
58284.347979 20.405150      NaN     3.0     8 c    0    1.67 185.18754 49.5513  7187.31  6130.15 2.97 2.87  44.3 -0.395    19.53 21.63 02a58284o0225c     0   21.167090
58284.357649 19.922338      NaN    14.0     9 c    0    1.59 185.18754 49.5513  7247.55  6207.77 2.67 2.52  37.0 -0.421    19.66 21.58 02a58284o0246c     0   21.564918
58284.363421 20.207197      NaN    -7.0    10 c    0    1.27 185.18754 49.5513  7259.59  6092.14 2.88 2.78  46.1 -0.411    19.57 21.54 02a58284o0258c     0   22.001038
58312.285627 18.900000      NaN     6.0    32 c    0    1.22 185.18754 49.5513  9487.47  4585.83 2.71 2.55 -33.1 -0.402    18.41 19.88 02a58312o0093c     0   37.523935
58312.295616 20.207197      NaN    -1.0    10 c    0    1.65 185.18754 49.5513  9477.07  4543.58 2.55 2.49  49.3 -0.437    19.62 21.24 02a58312o0114c     0   22.001038
58312.305718 20.282105      NaN     3.0     9 c    0    1.52 185.18754 49.5513  9525.99  4622.72 2.55 2.49  34.3 -0.432    19.62 21.28 02a58312o0135c     0   21.564918
58312.315733 20.009244      NaN   -30.0    12 c    0    1.47 185.18754 49.5513  9551.68  4507.40 2.62 2.58  26.2 -0.424    19.44 21.17 02a58312o0156c     0   22.979245
58316.285330 19.454622      NaN    17.0    15 c    0    1.10 185.18754 49.5513  7649.44  3979.59 3.54 3.47 -52.1 -0.369    19.10 20.92 02a58316o0093c     0   24.678851
58316.295401 19.169763      NaN    38.0    14 c    0    1.30 185.18754 49.5513  7624.02  3938.40 3.51 3.42 -58.6 -0.354    19.10 20.93 02a58316o0114c     0   24.084138
58316.305367 19.894850      NaN     6.0    12 c    0    1.73 185.18754 49.5513  7686.60  4017.68 3.13 2.97 -50.4 -0.380    19.19 20.91 02a58316o0135c     0   22.979245
58316.314783 19.674510      NaN     6.0    15 c    0    1.36 185.18754 49.5513  7700.63  3900.50 3.51 3.38 -48.6 -0.359    19.12 20.89 02a58316o0155c     0   24.678851
58344.243041 18.649074      NaN   -72.0    42 c    0    0.89 185.18754 49.5513  8369.23  3242.28 3.20 2.74 -48.0 -0.364    17.97 19.14 02a58344o0027c     0   46.347014
58344.248285 19.351140      NaN    -7.0    22 c    0    1.14 185.18754 49.5513  8342.61  3204.31 3.29 2.96 -44.9 -0.364    18.64 20.05 02a58344o0038c     0   29.462615
58344.255795 19.631075      NaN   -18.0    17 c    0    1.04 185.18754 49.5513  8403.77  3288.37 3.22 2.76 -46.4 -0.375    18.97 20.51 02a58344o0054c     0   25.943124
58344.264710 19.155932      NaN    36.0    15 c    0    1.13 185.18754 49.5513  8430.73  3160.27 2.82 2.63 -48.2 -0.403    19.25 20.75 02a58344o0073c     0   24.678851
58488.651506 19.719755      NaN    17.5     9 c    0    1.42 185.18754 49.5513  7841.87  6402.51 2.85 2.83 -87.6 -0.392    19.65 21.86 02a58488o0978c  8192   21.564918
58488.680523 17.414019      NaN   -51.5   131 c    0    1.67 185.18754 49.5513  7813.16  6361.33 3.12 3.11  39.2 -0.412    16.58 17.43 02a58488o0990c     2  132.457713
58520.617092 19.743105      NaN    19.5     8 c    0    1.59 185.18754 49.5513  6265.70  8305.80 2.70 2.52  24.0 -0.458    19.82 22.17 02a58520o0175c     0   21.167090
58520.626579 19.631075      NaN    21.5     9 c    0    1.27 185.18754 49.5513  6248.87  8265.96 2.66 2.46  20.4 -0.456    19.84 22.14 02a58520o0195c     0   21.564918
58520.636389 20.362567 0.334073    23.5     8 c    0    1.40 185.18754 49.5513  6294.93  8344.63 2.63 2.44  26.1 -0.448    19.83 22.10 02a58520o0216c     0   21.167090
58520.646247 20.449472      NaN    -9.5     8 c    0    1.73 185.18754 49.5513  6319.40  8227.55 2.72 2.55  30.3 -0.446    19.80 22.06 02a58520o0237c     0   21.167090
58576.495214 20.321591      NaN   -24.5     9 c    0   14.93 185.18754 49.5513  1639.67 10332.44 2.62 2.13 -41.5 -0.419    19.74 21.74 02a58576o0586c     0   21.564918
58576.497044 19.868040      NaN    14.5     8 c    0    1.45 185.18754 49.5513  2092.28   581.91 2.64 2.36 -55.4 -0.405    19.73 21.72 02a58576o0590c     0   21.167090
58576.502531 20.103715      NaN     3.5     9 c    0    1.13 185.18754 49.5513  2064.53   541.68 2.67 2.30 -51.0 -0.405    19.75 21.72 02a58576o0602c     0   21.564918
58576.503903 19.510313      NaN    24.5    10 c    0    1.03 185.18754 49.5513  1623.96 10290.76 2.62 2.12 -44.2 -0.436    19.77 21.73 02a58576o0605c     0   22.001038
58576.512962 20.039830 0.279189    32.5     9 c    0    2.11 185.18754 49.5513  1675.15 10367.94 2.61 2.10 -42.8 -0.448    19.73 21.73 02a58576o0624c     0   21.564918
58576.514334 20.282105 0.310210    25.5     8 c    0    1.91 185.18754 49.5513  2129.58   619.29 2.67 2.30 -50.2 -0.413    19.74 21.72 02a58576o0627c     0   21.167090
58576.523941 20.207197      NaN     3.5     8 c    0    2.00 185.18754 49.5513  1700.82 10244.36 2.54 2.08 -43.1 -0.438    19.76 21.69 02a58576o0648c     0   21.167090
58576.532475 19.894850      NaN     7.5    10 c    0    1.28 185.18754 49.5513  2155.74   496.55 2.70 2.26 -49.3 -0.416    19.73 21.66 02a58576o0666c     0   22.001038
58580.473280 20.207197      NaN    -3.5    10 c    0    1.56 185.18754 49.5513   597.97  8421.92 2.80 2.48 -41.8 -0.410    19.55 21.43 02a58580o0538c     0   22.001038
58580.480627 20.207197      NaN    -6.5    10 c    0    0.99 185.18754 49.5513   569.88  8382.38 2.54 2.19 -41.2 -0.421    19.64 21.42 02a58580o0554c     0   22.001038
58580.490131 20.207197      NaN    -4.5    10 c    0    1.26 185.18754 49.5513   632.95  8457.83 2.51 2.17 -40.8 -0.420    19.64 21.41 02a58580o0574c     0   22.001038
58580.492015 20.449472      NaN   -23.5     8 c    0    2.14 185.18754 49.5513  9684.18  8430.30 2.71 2.61 -83.3 -0.393    19.66 21.44 02a58580o0578c     0   21.167090
58580.499348 19.696897      NaN    15.5    10 c    0    1.11 185.18754 49.5513  9656.15  8389.00 2.71 2.60 -58.4 -0.397    19.65 21.42 02a58580o0594c     0   22.001038
58580.500263 20.321591      NaN   -19.5     9 c    0    1.40 185.18754 49.5513   643.66  8337.12 2.41 2.12 -43.0 -0.433    19.66 21.37 02a58580o0596c     0   21.564918
58580.508832 20.321591      NaN    -2.5     9 c    0    1.76 185.18754 49.5513  9720.01  8471.00 2.85 2.60 -62.7 -0.385    19.63 21.39 02a58580o0614c     0   21.564918
58580.518927 19.816329      NaN    10.5    10 c    0    1.37 185.18754 49.5513  9730.01  8353.14 2.74 2.59 -70.5 -0.394    19.65 21.35 02a58580o0636c     0   22.001038
58604.427594 19.791368      NaN    14.5     9 c    0    1.20 185.18754 49.5513  3363.56  4448.94 2.53 2.36  40.7 -0.412    19.51 21.54 02a58604o0346c     0   21.564918
58604.435826 19.950541      NaN     8.5     9 c    0    1.33 185.18754 49.5513  3338.14  4409.90 2.38 2.38 -74.7 -0.415    19.58 21.50 02a58604o0364c     0   21.564918
58604.444764 20.207197      NaN     0.5     9 c    0    1.62 185.18754 49.5513  3400.83  4486.21 2.35 2.29 -50.8 -0.413    19.55 21.49 02a58604o0383c     0   21.564918
58604.454848 20.207197      NaN    -9.5    10 c    0    1.48 185.18754 49.5513  3414.87  4366.73 2.37 2.32 -43.1 -0.416    19.56 21.45 02a58604o0405c     0   22.001038
58612.344610 20.321591      NaN    -6.5     9 c    0    1.49 185.18754 49.5513  4333.60  7750.19 2.44 2.30  23.9 -0.402    19.78 21.51 02a58612o0245c     0   21.564918
58612.346441 19.766969      NaN    15.5     9 c    0    1.50 185.18754 49.5513  4314.29  7711.63 2.46 2.31  28.9 -0.396    19.72 21.51 02a58612o0249c     0   21.564918
58612.351969 20.449472 0.361912    21.5     8 c    0    1.60 185.18754 49.5513  4368.66  7787.85 2.50 2.31  32.6 -0.400    19.74 21.51 02a58612o0261c     0   21.167090
58612.368592 19.791368      NaN    14.5     9 c    0    2.06 185.18754 49.5513  4382.62  7668.65 2.44 2.31  25.5 -0.408    19.74 21.54 02a58612o0297c     0   21.564918
58636.307150 19.696897      NaN    18.5     9 c    0    1.35 185.18754 49.5513  2397.56  4003.91 2.51 2.37  35.1 -0.413    19.70 21.66 02a58636o0166c     0   21.564918
58636.309905 20.321591      NaN    -2.5     9 c    0    1.23 185.18754 49.5513  2377.63  3965.09 2.58 2.36  35.4 -0.414    19.69 21.65 02a58636o0172c     0   21.564918
58636.315528 20.321591      NaN   -10.5     9 c    0    1.47 185.18754 49.5513  2432.50  4040.24 2.48 2.44  29.3 -0.410    19.69 21.61 02a58636o0184c     0   21.564918
58636.325412 20.282105      NaN     1.5     8 c    0    2.08 185.18754 49.5513  2448.03  3922.43 2.40 2.32  23.7 -0.412    19.74 21.60 02a58636o0205c     0   21.167090
58664.250861 19.051202      NaN   -64.5    29 c    0    1.16 185.18754 49.5513  5405.77  2127.09 2.64 2.27  42.7 -0.391    18.33 19.27 02a58664o0031c     0   35.000653
58664.253668 19.569016      NaN   -11.5    18 c    0    1.17 185.18754 49.5513  5387.47  2088.63 2.43 2.30  56.1 -0.376    18.85 19.83 02a58664o0037c     0   26.609128
58664.258734 20.207197      NaN    -7.5    10 c    0    1.68 185.18754 49.5513  5445.97  2164.97 2.36 2.23  57.3 -0.407    19.48 20.71 02a58664o0048c     0   22.001038
58664.269094 20.321591      NaN    -3.5     9 c    0    1.24 185.18754 49.5513  5460.30  2044.20 2.59 2.23  45.0 -0.400    19.66 21.40 02a58664o0070c     0   21.564918
58668.296918 20.321591      NaN    -9.5     9 c    0    1.26 185.18754 49.5513  1440.26  5775.27 2.65 2.41  37.3 -0.370    19.63 21.31 02a58668o0126c     0   21.564918
58668.300794 19.816329      NaN    10.5    10 c    0    1.09 185.18754 49.5513  1420.88  5738.32 2.52 2.38  34.0 -0.408    19.60 21.31 02a58668o0134c     0   22.001038
58668.306063 19.631075      NaN    21.5     9 c    0    1.44 185.18754 49.5513  1475.00  5809.62 2.39 2.26  21.0 -0.418    19.61 21.31 02a58668o0145c     0   21.564918
58668.316807 20.039830      NaN    -0.5    11 c    0    1.05 185.18754 49.5513  1500.13  5692.72 2.67 2.40  27.4 -0.367    19.57 21.28 02a58668o0167c     0   22.473222
58700.246612 18.649074      NaN   -29.5    42 c    0    1.04 185.18754 49.5513  8066.01  8087.93 2.83 2.75  30.0 -0.390    18.56 19.56 02a58700o0037c     0   46.347014
58700.251978 19.002397      NaN    34.5    18 c    0    1.60 185.18754 49.5513  8046.87  8048.58 2.76 2.69  26.2 -0.387    19.14 20.34 02a58700o0048c     0   26.609128
58700.255500 19.696897      NaN    -2.5    16 c    0    1.18 185.18754 49.5513  8116.39  8125.09 2.90 2.85  20.4 -0.380    19.19 20.62 02a58700o0055c     0   25.299124
58700.267848 19.302877      NaN    24.5    14 c    0    1.33 185.18754 49.5513  8120.82  8011.73 2.88 2.73  31.1 -0.371    19.26 20.78 02a58700o0081c     0   24.084138
58708.253109 17.555452      NaN  -186.5   115 c    0    1.11 185.18754 49.5513  8283.01  4178.22 2.89 2.39  32.1 -0.332    16.51 17.19 02a58708o0063c     2  116.657815
58708.258856 14.768417      NaN -1448.5  1498 c    0    0.89 185.18754 49.5513  8332.30  4262.04 2.88 2.47  29.0 -0.394    14.84 15.55 02a58708o0075c     2 1498.128181
58708.269066 18.104842      NaN    55.5    50 c    0    1.18 185.18754 49.5513  8364.75  4149.87 2.88 2.47  28.4 -0.373    17.80 18.60 02a58708o0096c  8192   53.703312
58816.556200 20.321591      NaN   -33.5     9 c    0    1.34 185.18754 49.5513  6245.48  2838.66 2.59 2.55  15.5 -0.381    19.50 21.32 02a58816o0795c     0   21.564918
58816.559022 19.674510      NaN    16.5    10 c    0    1.54 185.18754 49.5513  6263.98  2877.38 2.59 2.53   9.5 -0.392    19.51 21.31 02a58816o0801c     0   22.001038
58816.565937 19.609992      NaN    19.5    10 c    0    1.45 185.18754 49.5513  6206.34  2801.05 2.53 2.49  35.7 -0.391    19.54 21.34 02a58816o0816c     0   22.001038
58816.575762 20.244005      NaN    -0.5     9 c    0    1.62 185.18754 49.5513  6186.09  2917.84 2.55 2.51  39.4 -0.385    19.54 21.39 02a58816o0837c     0   21.564918
58872.564991 20.449472      NaN   -17.5     8 c    0    1.61 185.18754 49.5513  9145.23  4790.65 2.59 2.48  89.0 -0.399    19.85 22.08 02a58872o0786c     0   21.167090
58872.568330 20.594452      NaN   -20.5     7 c    0    1.96 185.18754 49.5513  9162.82  4835.64 2.84 2.43  35.5 -0.383    19.81 22.08 02a58872o0792c     0   20.809750
58872.573726 20.594452      NaN   -31.5     7 c    0    1.72 185.18754 49.5513  9111.71  4758.73 2.55 2.46 -89.7 -0.396    19.86 22.08 02a58872o0803c     0   20.809750
58872.583729 20.449472      NaN   -24.5     8 c    0    1.79 185.18754 49.5513  9090.49  4880.62 2.66 2.56  63.6 -0.392    19.83 22.09 02a58872o0822c     0   21.167090
58876.633836 20.171596      NaN     7.5     7 c    0    2.64 185.18754 49.5513  1338.24  1888.13 2.50 2.31 -58.5 -0.416    19.79 21.94 02a58876o0890c     0   20.809750
58876.636623 20.244005      NaN    -0.5     9 c    0    1.44 185.18754 49.5513  1318.13  1849.08 2.47 2.28 -60.9 -0.416    19.71 21.77 02a58876o0896c     0   21.564918
58876.643036 20.449472      NaN   -41.5     8 c    0    1.65 185.18754 49.5513  1379.89  1926.10 2.51 2.30 -59.5 -0.410    19.72 21.80 02a58876o0909c     0   21.167090
58876.660473 20.103715      NaN     3.5     9 c    0    1.66 185.18754 49.5513  1393.54  1803.13 2.44 2.27 -61.1 -0.412    19.49 21.34 02a58876o0946c     0   21.564918
58900.550185 20.449472      NaN    -9.0     8 c    0    1.77 185.18754 49.5513  8062.30  8073.78 3.07 2.86 -70.1 -0.378    19.65 21.86 02a58900o0692c     0   21.167090
58900.552012 20.009244      NaN    14.0    10 c    0    1.49 185.18754 49.5513  8043.64  8035.30 3.22 3.06 -74.4 -0.379    19.56 21.85 02a58900o0696c     0   22.001038
58900.557030 20.449472      NaN   -10.0     8 c    0    1.54 185.18754 49.5513  8098.29  8114.05 2.96 2.76 -70.3 -0.382    19.70 21.91 02a58900o0706c     0   21.167090
58900.566011 20.103715      NaN     0.0    11 c    0    0.88 185.18754 49.5513  8117.84  7999.78 3.03 2.82 -69.7 -0.381    19.58 21.77 02a58900o0724c     0   22.473222
58932.462447 20.207197      NaN     0.0    10 c    0    2.02 185.18754 49.5513  8915.75  9780.07 3.16 2.61 -60.8 -0.380    19.73 21.77 02a58932o0522c     0   22.001038
58932.465768 20.321591      NaN   -15.0     9 c    0    1.49 185.18754 49.5513  8894.63  9736.09 2.85 2.55 -68.6 -0.389    19.78 21.77 02a58932o0529c     0   21.564918
58932.471320 20.449472      NaN   -17.0     8 c    0    1.85 185.18754 49.5513  8952.96  9821.08 3.13 2.61 -61.4 -0.378    19.73 21.76 02a58932o0541c     0   21.167090
58932.483244 20.207197      NaN   -50.0    10 c    0    1.38 185.18754 49.5513  8969.36  9700.51 3.08 2.73 -62.8 -0.374    19.70 21.76 02a58932o0567c     0   22.001038
58956.491181 20.449472      NaN   -35.0     8 c    0    1.49 185.18754 49.5513  3361.72  2230.30 2.63 2.48  52.5 -0.392    19.52 21.49 02a58956o0553c     0   21.167090
58956.494149 20.321591      NaN    -4.0     9 c    0    1.31 185.18754 49.5513  3345.89  2195.78 2.59 2.42 -54.2 -0.399    19.51 21.44 02a58956o0559c     0   21.564918
58956.502420 19.743105      NaN    18.0    12 c    0    0.91 185.18754 49.5513  3406.47  2271.19 2.69 2.51 -55.0 -0.393    19.46 21.39 02a58956o0576c     0   22.979245
58956.514798 19.766969      NaN    23.0    10 c    0    1.19 185.18754 49.5513  3424.06  2145.64 2.46 2.40  74.9 -0.399    19.61 21.40 02a58956o0602c     0   22.001038
58960.358100 20.207197      NaN    -5.0    10 c    0    0.75 185.18754 49.5513  7222.20  8327.67 2.78 2.51  43.6 -0.396    19.73 21.60 02a58960o0278c     0   22.001038
58960.361315 20.449472      NaN   -16.0     8 c    0    2.06 185.18754 49.5513  7243.12  8365.34 2.79 2.49  39.7 -0.399    19.71 21.60 02a58960o0285c     0   21.167090
58960.368319 20.594452      NaN    -3.0     7 c    0    2.20 185.18754 49.5513  3404.85  2284.34 2.40 2.32  35.1 -0.401    19.75 21.61 02a58960o0300c     0   20.809750
58960.380662 20.071303      NaN    18.0     8 c    0    1.50 185.18754 49.5513  3426.61  2170.92 2.34 2.34  79.6 -0.404    19.76 21.66 02a58960o0326c     0   21.167090
58964.381859 19.128787      NaN   -22.0    27 c    0    1.35 185.18754 49.5513  2399.69  7881.26 2.56 2.29 -51.8 -0.403    18.42 20.07 02a58964o0320c  8192   33.362339
58964.385542 15.885636      NaN   576.0   346 c    0    1.29 185.18754 49.5513  2378.38  7841.42 2.49 2.42  14.1 -0.388    15.58 17.14 02a58964o0328c     2  346.554535
58964.402058 18.990530      NaN    16.0    28 c    0    1.26 185.18754 49.5513  2454.28  7798.38 2.62 2.37 -53.4 -0.393    18.56 20.28 02a58964o0364c  8192   34.176683
58984.353880 20.449472      NaN   -20.0     8 c    0    1.56 185.18754 49.5513  6180.17  7652.48 2.42 2.37  40.0 -0.408    19.78 21.68 02a58984o0182c     0   21.167090
58984.357083 20.449472      NaN   -15.0     8 c    0    1.85 185.18754 49.5513  6158.67  7615.11 2.42 2.35  41.3 -0.412    19.77 21.67 02a58984o0189c     0   21.167090
58984.363504 20.594452      NaN    -2.0     7 c    0    2.17 185.18754 49.5513  6212.60  7690.65 2.63 2.29  34.1 -0.397    19.78 21.66 02a58984o0203c     0   20.809750
58984.374498 20.207197      NaN     3.0    10 c    0    1.15 185.18754 49.5513  6231.85  7573.18 2.65 2.28  33.9 -0.396    19.77 21.66 02a58984o0227c     0   22.001038
58988.356419 20.594452      NaN     4.0     7 c    0    1.43 185.18754 49.5513   385.17  4171.46 2.64 2.42 -50.5 -0.376    19.66 21.61 02a58988o0265c     0   20.809750
58988.360094 20.009244      NaN    23.0     7 c    0    1.83 185.18754 49.5513   365.03  4132.97 2.56 2.29 -51.8 -0.381    19.74 21.61 02a58988o0273c     0   20.809750
58988.365645 20.449472      NaN     5.0     8 c    0    1.95 185.18754 49.5513   425.11  4207.71 2.52 2.29 -55.1 -0.384    19.72 21.59 02a58988o0285c     0   21.167090
58988.369768 20.594452      NaN   -16.0     7 c    0    2.37 185.18754 49.5513 10244.62  4197.50 2.67 2.63  14.5 -0.392    19.67 21.64 02a58988o0294c     0   20.809750
58988.372977 20.321591      NaN    -4.0     9 c    0    1.60 185.18754 49.5513 10226.20  4159.15 2.81 2.55 -59.8 -0.397    19.69 21.63 02a58988o0301c     0   21.564918
58988.376200 19.950541      NaN    19.0     9 c    0    1.15 185.18754 49.5513   445.40  4088.86 2.62 2.38 -59.6 -0.370    19.63 21.57 02a58988o0308c     0   21.564918
58988.378085 20.321591      NaN    -2.0     9 c    0    1.49 185.18754 49.5513 10284.03  4237.69 2.57 2.48 -24.4 -0.403    19.74 21.63 02a58988o0312c     0   21.564918
58988.389207 20.449472      NaN    -7.0     8 c    0    2.15 185.18754 49.5513 10306.09  4123.55 2.81 2.55 -60.6 -0.397    19.69 21.60 02a58988o0336c     0   21.167090
58992.306574 20.449472      NaN     4.0     8 c    0    1.47 185.18754 49.5513   390.01  4178.90 2.60 2.24 -49.8 -0.390    19.75 21.73 02a58992o0156c     0   21.167090
58992.309797 19.791368 0.172731    52.0     7 c    0    2.59 185.18754 49.5513   369.36  4140.60 2.57 2.30 -48.3 -0.392    19.76 21.73 02a58992o0163c     0   20.809750
58992.315334 20.207197      NaN    17.0     7 c    0    1.82 185.18754 49.5513   427.77  4214.96 2.55 2.25 -49.1 -0.386    19.77 21.74 02a58992o0175c     0   20.809750
58992.318543 20.449472      NaN    -2.0     8 c    0    1.00 185.18754 49.5513 10249.04  4202.92 2.61 2.48 -67.1 -0.408    19.77 21.79 02a58992o0182c     0   21.167090
58992.321754 20.594452      NaN   -17.0     7 c    0    1.65 185.18754 49.5513 10230.01  4162.25 2.59 2.43 -63.5 -0.415    19.78 21.78 02a58992o0189c     0   20.809750
58992.325883 19.950541      NaN    19.0     9 c    0    1.38 185.18754 49.5513   450.31  4095.96 2.57 2.30 -53.5 -0.391    19.76 21.72 02a58992o0198c     0   21.564918
58992.328168 20.449472      NaN   -29.0     8 c    0    1.18 185.18754 49.5513 10288.80  4242.23 2.71 2.46 -65.5 -0.407    19.79 21.78 02a58992o0203c     0   21.167090
58992.338245 20.449472      NaN   -13.0     8 c    0    1.47 185.18754 49.5513 10308.66  4126.40 2.52 2.39 -67.7 -0.408    19.80 21.77 02a58992o0225c     0   21.167090
59011.307077 20.321591      NaN     0.0     9 c    0    1.35 185.18754 49.5513  4293.12  7739.86 2.58 2.55  26.0 -0.388    19.70 21.69 02a59011o0139c     0   21.564918
59011.310294 19.791368      NaN    25.0     9 c    0    1.29 185.18754 49.5513  4275.29  7699.90 2.65 2.52  32.9 -0.384    19.68 21.70 02a59011o0146c     0   21.564918
59011.316756 20.321591      NaN    -1.0     9 c    0    1.16 185.18754 49.5513  4333.03  7779.03 2.72 2.60 -59.1 -0.390    19.69 21.73 02a59011o0160c     0   21.564918
59011.333880 20.362567      NaN    10.0     8 c    0    1.57 185.18754 49.5513  4353.65  7658.49 2.61 2.59  61.7 -0.382    19.65 21.74 02a59011o0197c     0   21.167090
59015.284636 20.321591      NaN     6.0     9 c    0    1.58 185.18754 49.5513  4294.08  7740.46 2.42 2.40 -38.8 -0.404    19.77 21.79 02a59015o0093c     0   21.564918
59015.287838 20.594452      NaN   -12.0     7 c    0    2.01 185.18754 49.5513  4275.78  7701.50 2.41 2.40  48.1 -0.401    19.76 21.78 02a59015o0100c     0   20.809750
59015.294345 20.449472      NaN     6.0     8 c    0    1.78 185.18754 49.5513  4333.93  7779.00 2.49 2.49 -74.4 -0.402    19.72 21.76 02a59015o0114c     0   21.167090
59015.304468 20.449472      NaN     0.0     8 c    0    1.64 185.18754 49.5513  4352.77  7661.84 2.50 2.44 -54.3 -0.403    19.72 21.74 02a59015o0136c     0   21.167090
59020.283712 18.910912      NaN   -19.0    33 c    0    1.04 185.18754 49.5513  9403.28  2020.12 2.40 2.27 -56.5 -0.400    18.27 19.73 02a59020o0030c  8192   38.380277
59020.287392 19.302877      NaN    -5.0    23 c    0    1.07 185.18754 49.5513  9383.80  1979.14 2.47 2.28 -54.3 -0.407    18.79 20.36 02a59020o0038c  8192   30.216646
59020.294299 15.656693      NaN -1210.0   661 c    0    1.30 185.18754 49.5513  9441.85  2058.95 2.48 2.35 -55.4 -0.380    15.49 16.85 02a59020o0053c     2  661.290440
59020.304512 17.664614      NaN   -73.0   104 c    0    1.28 185.18754 49.5513  9461.75  1939.07 2.55 2.48  -5.6 -0.366    17.19 18.79 02a59020o0075c     2  105.830268
59044.282300 20.171596      NaN     9.0    10 c    0    1.39 185.18754 49.5513  4334.38  3871.23 2.49 2.30  42.5 -0.397    19.53 21.35 02a59044o0085c     0   22.001038
59044.285540 20.207197      NaN     0.0    10 c    0    1.90 185.18754 49.5513  4315.04  3829.56 2.54 2.36  43.7 -0.398    19.48 21.31 02a59044o0092c     0   22.001038
59044.292885 19.950541      NaN    22.0     8 c    0    1.91 185.18754 49.5513  4374.54  3908.56 2.41 2.35  44.3 -0.398    19.51 21.30 02a59044o0108c     0   21.167090
59044.303747 20.321591      NaN   -14.0     9 c    0    1.78 185.18754 49.5513  4393.83  3787.14 2.37 2.35  75.6 -0.392    19.56 21.40 02a59044o0129c     0   21.564918
59048.253660 19.051202      NaN    -1.0    29 c    0    0.76 185.18754 49.5513  4345.85  3876.29 2.60 2.24  40.2 -0.381    18.38 19.46 02a59048o0025c     0   35.000653
59048.256869 19.766969      NaN    -4.0    15 c    0    1.70 185.18754 49.5513  4327.30  3836.30 2.60 2.22  40.8 -0.390    19.01 20.20 02a59048o0032c     0   24.678851
59048.262018 20.103715      NaN   -12.0    11 c    0    1.23 185.18754 49.5513  4384.12  3912.06 2.61 2.25  38.8 -0.395    19.42 20.89 02a59048o0043c     0   22.473222
59048.273525 20.103715      NaN     4.0    11 c    0    1.54 185.18754 49.5513  4402.43  3793.33 2.58 2.25  41.4 -0.392    19.52 21.15 02a59048o0068c     0   22.473222
59206.564560 20.594452      NaN    -2.0     7 c    0    2.00 185.18754 49.5513  8283.68  4186.58 2.69 2.59 -73.2 -0.377    19.73 21.95 01a59206o0784c     0   20.809750
59206.567782 20.405150      NaN     9.0     8 c    0    1.93 185.18754 49.5513  8263.70  4146.77 2.71 2.60 -77.0 -0.380    19.73 21.95 01a59206o0791c     0   21.167090
59206.573317 19.791368      NaN    28.0     8 c    0    1.51 185.18754 49.5513  8322.94  4224.96 2.79 2.68 -77.6 -0.372    19.71 21.96 01a59206o0803c     0   21.167090
59206.584378 20.009244      NaN    17.0     9 c    0    1.28 185.18754 49.5513  8343.02  4108.76 2.73 2.57 -78.5 -0.384    19.76 21.97 01a59206o0827c     0   21.564918
59208.615058 20.244005      NaN    13.0     8 c    0    1.51 185.18754 49.5513  3510.81   768.89 2.43 2.27 -70.6 -0.432    19.72 21.59 02a59208o0908c     0   21.167090
59208.618269 19.922338      NaN    26.0     7 c    0    2.48 185.18754 49.5513  3528.61   808.89 2.48 2.32 -70.1 -0.432    19.71 21.60 02a59208o0915c     0   20.809750
59208.625604 20.449472      NaN    -6.0     8 c    0    1.61 185.18754 49.5513  3476.06   728.80 2.56 2.35 -65.4 -0.422    19.71 21.66 02a59208o0931c     0   21.167090
59208.643562 19.841877      NaN    26.0     8 c    0    1.94 185.18754 49.5513  3462.39   849.97 2.56 2.35 -64.6 -0.431    19.75 21.72 02a59208o0970c     0   21.167090
59226.585935 19.841877      NaN    17.0    11 c    0    0.95 185.18754 49.5513  8935.66  9732.53 3.47 3.34  72.9 -0.322    19.57 22.25 01a59226o0806c     0   22.473222
59226.588238 20.207197      NaN   -27.0    10 c    0    1.20 185.18754 49.5513  8916.38  9694.33 3.38 3.20  27.3 -0.323    19.62 22.25 01a59226o0811c     0   22.001038
59226.591470 20.321591      NaN    -2.0     9 c    0    1.47 185.18754 49.5513  8973.22  9772.41 3.42 3.24  58.7 -0.299    19.58 22.26 01a59226o0818c     0   21.564918
59226.596547 20.449472      NaN     4.0     8 c    0    1.47 185.18754 49.5513  8991.17  9657.61 3.25 3.15  52.5 -0.325    19.59 22.27 01a59226o0829c     0   21.167090
59228.590103 20.207197      NaN    14.0     8 c    0    1.38 185.18754 49.5513  3378.66  4658.85 2.54 2.35  45.7 -0.397    19.77 21.88 02a59228o0779c     0   21.167090
59228.592854 20.594452      NaN     7.0     7 c    0    1.83 185.18754 49.5513  3398.67  4697.55 2.51 2.36  50.0 -0.401    19.80 21.89 02a59228o0785c     0   20.809750
59228.611431 19.631075      NaN    32.0     9 c    0    1.39 185.18754 49.5513  3346.52  4620.09 2.53 2.36  44.9 -0.401    19.78 21.89 02a59228o0825c     0   21.564918
59228.615550 20.449472      NaN     5.0     8 c    0    1.58 185.18754 49.5513  3324.73  4736.49 2.55 2.39  46.6 -0.399    19.76 21.89 02a59228o0834c     0   21.167090
59230.550057 20.207197      NaN     1.0    10 c    0    0.97 185.18754 49.5513  8934.62  9737.62 2.94 2.54 -86.7 -0.368    19.77 22.12 01a59230o0757c     0   22.001038
59230.553363 20.137125      NaN    16.0     8 c    0    1.53 185.18754 49.5513  8916.99  9694.54 2.74 2.34 -84.4 -0.381    19.85 22.11 01a59230o0764c     0   21.167090
59230.556127 20.449472      NaN     7.0     8 c    0    1.64 185.18754 49.5513  8973.45  9774.79 3.03 2.61 -88.2 -0.376    19.75 22.13 01a59230o0770c     0   21.167090
59230.562113 20.449472      NaN    -1.0     8 c    0    1.73 185.18754 49.5513  8991.14  9657.45 2.95 2.54 -88.3 -0.376    19.77 22.17 01a59230o0783c     0   21.167090
59254.464186 20.594452      NaN   -17.0     7 c    0    1.56 185.18754 49.5513  3364.10  2231.44 2.56 2.31  57.7 -0.390    19.77 21.94 01a59254o0557c     0   20.809750
59254.468791 20.761819      NaN   -26.0     6 c    0    2.90 185.18754 49.5513  3336.77  2193.35 2.40 2.27  73.5 -0.417    19.74 21.89 01a59254o0567c     0   20.495016
59254.473584 20.594452      NaN   -19.0     7 c    0    1.82 185.18754 49.5513  3401.69  2268.18 2.69 2.37  57.4 -0.375    19.71 21.89 01a59254o0577c     0   20.809750
59254.483755 20.039830      NaN    19.0     8 c    0    1.69 185.18754 49.5513  3416.10  2152.50 2.37 2.23  79.9 -0.418    19.83 21.96 01a59254o0599c     0   21.167090
59256.464313 20.171596      NaN    12.0     9 c    0    0.94 185.18754 49.5513   598.87  2511.44 2.68 2.34  37.3 -0.397    19.70 21.98 02a59256o0555c     0   21.564918
59256.469385 20.449472      NaN     4.0     8 c    0    1.89 185.18754 49.5513   628.30  2547.95 2.56 2.48  75.9 -0.406    19.76 21.98 02a59256o0566c     0   21.167090
59256.481974 20.449472      NaN    -1.0     8 c    0    1.34 185.18754 49.5513   572.56  2468.20 2.54 2.46 -82.5 -0.406    19.75 21.99 02a59256o0593c     0   21.167090
59256.487909 20.594452      NaN   -32.0     7 c    0    1.72 185.18754 49.5513   547.15  2585.93 2.45 2.38  75.8 -0.408    19.80 22.01 02a59256o0605c     0   20.809750
59256.494309 20.449472      NaN   -30.0     8 c    0    1.77 185.18754 49.5513 10075.76  2515.63 2.67 2.46 -52.6 -0.411    19.75 22.00 02a59256o0619c     0   21.167090
59256.497511 20.594452      NaN   -46.0     7 c    0    1.98 185.18754 49.5513 10095.62  2553.56 2.52 2.46 -32.6 -0.404    19.76 22.01 02a59256o0626c     0   20.809750
59256.501171 20.761819      NaN   -29.0     6 c    0    1.84 185.18754 49.5513 10039.68  2478.97 2.54 2.43 -49.2 -0.412    19.78 22.02 02a59256o0634c     0   20.495016
59256.506665 20.594452      NaN     0.0     7 c    0    1.67 185.18754 49.5513 10019.20  2596.88 2.60 2.56   2.9 -0.399    19.74 22.02 02a59256o0646c     0   20.809750
59258.558872 19.979496      NaN    24.0     7 c    0    1.71 185.18754 49.5513  8092.42  2677.15 2.73 2.60 -34.9 -0.367    19.79 22.05 01a59258o0762c     0   20.809750
59258.586464 20.137125      NaN    16.0     8 c    0    1.82 185.18754 49.5513  8118.25  2710.28 2.69 2.59 -33.1 -0.372    19.78 22.02 01a59258o0821c     0   21.167090
59258.611304 20.009244      NaN    20.0     8 c    0    1.38 185.18754 49.5513  8067.74  2631.56 2.72 2.65 -37.4 -0.359    19.72 21.96 01a59258o0874c     0   21.167090
59258.636123 20.594452      NaN     0.0     7 c    0    1.47 185.18754 49.5513  8054.66  2749.72 2.76 2.66 -49.9 -0.364    19.71 21.94 01a59258o0927c     0   20.809750
59262.452063 19.743105 0.188824    54.0     8 c    0    1.79 185.18754 49.5513  2420.68  7865.69 2.45 2.26 -65.8 -0.388    19.75 21.84 01a59262o0515c     0   21.167090
59262.455290 20.449472      NaN   -21.0     8 c    0    1.34 185.18754 49.5513  2401.79  7828.28 2.33 2.15 -67.7 -0.399    19.80 21.84 01a59262o0522c     0   21.167090
59262.458049 20.244005      NaN    16.0     7 c    0    1.61 185.18754 49.5513  2458.81  7903.91 2.34 2.15 -66.0 -0.398    19.80 21.85 01a59262o0528c     0   20.809750
59262.464957 20.594452      NaN   -11.0     7 c    0    1.81 185.18754 49.5513  2479.04  7788.51 2.42 2.27 -62.6 -0.391    19.78 21.87 01a59262o0543c     0   20.809750
59266.611621 20.647425      NaN    10.0     6 c    0    2.32 185.18754 49.5513  4271.92  6811.72 2.36 2.26 -66.2 -0.369    19.79 21.95 01a59266o0319c     0   20.495016
59266.615764 20.449472      NaN    11.0     7 c    0    1.57 185.18754 49.5513  4291.67  6850.02 2.38 2.28 -60.1 -0.375    19.83 22.01 01a59266o0328c     0   20.809750
59266.621788 18.944322      NaN   -17.0    32 c    0    0.84 185.18754 49.5513  4234.16  6773.41 2.39 2.28 -69.7 -0.372    18.06 20.10 01a59266o0341c     0   37.523935
59266.634284 20.449472      NaN    -5.0     8 c    0    1.43 185.18754 49.5513  4216.97  6889.50 2.46 2.35 -66.2 -0.370    19.75 21.95 01a59266o0368c     0   21.167090
59288.431780 20.761819      NaN    -1.0     6 c    0    2.60 185.18754 49.5513  9091.97   902.22 2.47 2.14 -59.4 -0.417    19.83 21.96 02a59288o0465c     0   20.495016
59288.433625 20.761819      NaN   -22.0     6 c    0    3.21 185.18754 49.5513  9107.00   938.80 2.46 2.36 -89.6 -0.398    19.71 21.96 02a59288o0469c     0   20.495016
59288.436404 20.449472      NaN   -11.0     8 c    0    1.81 185.18754 49.5513  9052.71   864.09 2.53 2.27 -59.9 -0.408    19.78 21.96 02a59288o0475c     0   21.167090
59288.441892 20.449472      NaN    -7.0     8 c    0    1.32 185.18754 49.5513  9034.04   981.99 2.55 2.24 -59.9 -0.408    19.80 21.97 02a59288o0487c     0   21.167090
59292.422998 20.594452      NaN    -3.0     7 c    0    1.83 185.18754 49.5513  7234.48  4456.68 2.55 2.37  54.0 -0.392    19.78 21.84 02a59292o0431c     0   20.809750
59292.424881 20.244005      NaN    16.0     7 c    0    1.67 185.18754 49.5513  7249.71  4497.22 2.56 2.39  48.2 -0.390    19.76 21.84 02a59292o0435c     0   20.809750
59292.429627 20.449472      NaN   -21.0     8 c    0    1.18 185.18754 49.5513  7193.48  4423.14 2.68 2.38  41.9 -0.384    19.75 21.85 02a59292o0445c     0   21.167090
59292.435114 20.449472      NaN     6.0     8 c    0    1.31 185.18754 49.5513  7174.80  4537.95 2.68 2.36  44.1 -0.385    19.77 21.84 02a59292o0457c     0   21.167090
59310.372441 20.103715      NaN    20.0     7 c    0    1.28 185.18754 49.5513  4315.02  7734.80 2.41 2.36  54.5 -0.381    19.94 22.04 01a59310o0261c     0   20.809750
59310.375207 20.009244      NaN    20.0     8 c    0    1.29 185.18754 49.5513  4295.24  7697.81 2.39 2.22 -70.5 -0.401    19.99 22.04 01a59310o0267c     0   21.167090
59310.377993 20.594452      NaN     5.0     7 c    0    2.13 185.18754 49.5513  4351.70  7775.04 2.45 2.27 -73.2 -0.400    19.98 22.02 01a59310o0273c     0   20.809750
59310.403707 20.594452      NaN     3.0     7 c    0    1.53 185.18754 49.5513  4360.90  7662.99 2.44 2.21 -72.5 -0.395    20.01 21.98 01a59310o0327c     0   20.809750
59314.426463 20.594452      NaN    -6.0     7 c    0    1.72 185.18754 49.5513  1184.82  8617.50 2.31 2.09 -52.0 -0.386    19.96 21.84 01a59314o0444c     0   20.809750
59314.430148 20.449472      NaN    -6.0     8 c    0    1.57 185.18754 49.5513  1205.38  8656.94 2.34 2.11 -60.8 -0.387    19.97 21.85 01a59314o0452c     0   21.167090
59314.435718 20.959772      NaN     2.0     5 c    0    1.97 185.18754 49.5513  1146.85  8576.03 2.26 2.09 -53.2 -0.381    20.00 21.87 01a59314o0464c     0   20.224878
59314.471302 20.594452      NaN    -1.0     7 c    0    1.93 185.18754 49.5513  1128.81  8687.65 2.39 2.11 -69.7 -0.391    19.92 21.82 01a59314o0540c     0   20.809750
59318.438984 20.071303      NaN    15.0     9 c    0    1.03 185.18754 49.5513  1188.81  8616.44 2.61 2.38 -67.7 -0.377    19.72 21.45 01a59318o0467c     0   21.564918
59318.468969 20.405150      NaN    12.0     7 c    0    2.01 185.18754 49.5513  1217.41  8649.89 2.44 2.27 -50.8 -0.374    19.74 21.46 01a59318o0531c     0   20.809750
59318.473140 19.922338      NaN    20.0     9 c    0    1.27 185.18754 49.5513  1155.59  8569.95 2.40 2.22 -59.1 -0.383    19.82 21.46 01a59318o0540c     0   21.564918
59318.478379 20.594452      NaN     6.0     7 c    0    2.16 185.18754 49.5513  1135.29  8686.24 2.50 2.30 -60.0 -0.387    19.76 21.47 01a59318o0551c     0   20.809750
59344.335788 20.449472      NaN   -14.0     8 c    0    1.47 185.18754 49.5513  5282.55  6009.28 2.35 2.28  34.3 -0.404    19.76 21.78 02a59344o0211c     0   21.167090
59344.338991 20.449472      NaN   -13.0     8 c    0    1.25 185.18754 49.5513  5263.85  5970.13 2.38 2.28  34.2 -0.403    19.75 21.78 02a59344o0218c     0   21.167090
59344.345465 19.841877      NaN    20.0    10 c    0    1.15 185.18754 49.5513  5321.39  6047.66 2.37 2.25  34.5 -0.402    19.80 21.79 02a59344o0232c     0   22.001038
59344.379895 20.449472      NaN     6.0     8 c    0    1.86 185.18754 49.5513  5334.82  5926.98 2.40 2.29  44.5 -0.398    19.77 21.74 02a59344o0306c     0   21.167090
59370.293598 20.449472      NaN    11.0     7 c    0    2.78 185.18754 49.5513  9254.44  8611.82 2.42 2.24  85.2 -0.371    19.99 21.74 01a59370o0126c     0   20.809750
59370.296822 20.405150      NaN    12.0     7 c    0    2.11 185.18754 49.5513  9276.45  8651.07 2.55 2.37 -89.4 -0.357    19.92 21.75 01a59370o0133c     0   20.809750
59370.302401 20.449472      NaN    -1.0     8 c    0    1.21 185.18754 49.5513  9214.02  8574.48 2.43 2.26 -88.8 -0.360    20.01 21.80 01a59370o0145c     0   21.167090
59370.312315 20.449472      NaN   -30.0     8 c    0    1.65 185.18754 49.5513  9197.08  8692.93 2.48 2.25  89.4 -0.366    19.98 21.83 01a59370o0166c     0   21.167090
59374.280389 20.495680      NaN    10.0     7 c    0    1.71 185.18754 49.5513  9254.01  8610.41 2.53 2.30  88.9 -0.365    19.98 21.87 01a59374o0094c     0   20.809750
59374.283626 19.894850      NaN    27.0     7 c    0    1.77 185.18754 49.5513  9279.07  8650.92 2.62 2.39  86.6 -0.355    19.94 21.84 01a59374o0101c     0   20.809750
59374.289174 20.449472      NaN    -7.0     8 c    0    1.48 185.18754 49.5513  9214.59  8573.77 2.63 2.36 -89.5 -0.360    19.97 21.87 01a59374o0113c     0   21.167090
59374.301662 19.696897      NaN    29.0     9 c    0    0.93 185.18754 49.5513  9198.13  8693.24 2.49 2.34  89.1 -0.360    19.93 21.80 01a59374o0140c     0   21.564918
59378.282026 20.594452      NaN   -24.0     7 c    0    2.38 185.18754 49.5513  8990.80   857.76 2.41 2.24 -47.7 -0.367    19.95 21.55 01a59378o0096c     0   20.809750
59378.284796 19.979496      NaN    18.0     9 c    0    1.43 185.18754 49.5513  9009.41   894.12 2.40 2.20 -54.2 -0.385    19.93 21.55 01a59378o0102c     0   21.564918
59378.290795 20.449472      NaN   -14.0     8 c    0    2.48 185.18754 49.5513  8956.22   820.52 2.49 2.28 -38.6 -0.358    19.92 21.57 01a59378o0115c     0   21.167090
59378.301871 20.321591      NaN    -6.0     9 c    0    1.34 185.18754 49.5513  8937.93   938.65 2.46 2.23 -51.5 -0.369    19.90 21.56 01a59378o0139c     0   21.564918
59528.624650 20.321591      NaN     6.0     9 c    0    1.51 185.18754 49.5513  1415.35  4701.42 2.54 2.45  42.8 -0.412    19.44 21.15 02a59528o0951c     0   21.564918
59528.642013 20.103715      NaN     3.0    11 c    0    1.43 185.18754 49.5513  1442.13  4737.68 2.52 2.38  44.6 -0.407    19.39 21.03 02a59528o0988c     0   22.473222
59528.646177 19.609992      NaN    18.0    14 c    0    1.21 185.18754 49.5513  1380.70  4658.14 2.50 2.38  41.5 -0.406    19.28 20.65 02a59528o0997c     0   24.084138
59588.589612 20.207197      NaN   -14.0    10 c    0    1.18 185.18754 49.5513 10188.74  6400.64 2.70 2.60  44.5 -0.420    19.65 21.85 02a59588o0867c     0   22.001038
59588.592377 19.979496 0.234754    45.0     8 c    0    1.74 185.18754 49.5513   323.52  6385.21 2.33 2.27  30.0 -0.409    19.65 21.85 02a59588o0873c     0   21.167090
59588.592833 20.321591      NaN   -16.0     9 c    0    1.42 185.18754 49.5513 10208.26  6439.74 2.65 2.57  42.5 -0.413    19.69 21.86 02a59588o0874c     0   21.564918
59588.595583 19.743105      NaN    30.0     8 c    0    2.28 185.18754 49.5513   344.82  6425.07 2.34 2.30  19.2 -0.413    19.65 21.86 02a59588o0880c     0   21.167090
59588.599257 20.321591      NaN    -5.0     9 c    0    1.55 185.18754 49.5513 10149.85  6365.45 2.72 2.55  45.0 -0.413    19.65 21.86 02a59588o0888c     0   21.564918
59588.601086 20.039830      NaN    22.0     7 c    0    2.73 185.18754 49.5513   285.92  6343.29 2.32 2.31  46.9 -0.411    19.67 21.85 02a59588o0892c     0   20.809750
59588.609147 20.207197      NaN   -23.0    10 c    0    1.35 185.18754 49.5513 10128.17  6486.20 2.68 2.59  50.0 -0.422    19.63 21.85 02a59588o0909c     0   22.001038
59588.610976 20.071303 0.223534    42.0     7 c    0    2.67 185.18754 49.5513   263.98  6461.70 2.35 2.30  31.6 -0.407    19.65 21.85 02a59588o0913c     0   20.809750
59615.508025 20.009244 0.271434    44.0     9 c    0    1.56 185.18754 49.5513  6267.83  2836.52 2.39 2.31  78.2 -0.412    19.66 21.47 02a59615o0666c     0   21.564918
59615.509867 19.696897      NaN    29.0     9 c    0    1.37 185.18754 49.5513  6290.33  2875.99 2.42 2.33  79.1 -0.409    19.62 21.47 02a59615o0670c     0   21.564918
59615.512685 19.652575 0.195433    58.0     9 c    0    1.95 185.18754 49.5513  6231.01  2798.00 2.43 2.30  65.6 -0.408    19.69 21.47 02a59615o0676c     0   21.564918
59615.517725 19.549093 0.197407    63.0    10 c    0    1.39 185.18754 49.5513  6215.43  2915.38 2.45 2.33  61.9 -0.403    19.66 21.49 02a59615o0687c     0   22.001038
59619.519743 19.791368 0.271434    52.0    11 c    0    1.30 185.18754 49.5513  1182.39  8567.46 2.30 2.25 -28.3 -0.445    19.73 21.68 02a59619o0662c     0   22.473222
59619.524829 20.009244 0.241275    44.0     8 c    0    2.41 185.18754 49.5513  1204.71  8608.85 2.30 2.24 -36.7 -0.451    19.72 21.71 02a59619o0673c     0   21.167090
59619.534918 19.569016 0.221168    62.0    11 c    0    0.82 185.18754 49.5513  1148.72  8528.42 2.36 2.32 -33.8 -0.443    19.67 21.75 02a59619o0695c     0   22.473222
59619.538578 19.302877 0.141618    77.0     9 c    0    1.97 185.18754 49.5513  1127.81  8645.49 2.30 2.25 -28.4 -0.449    19.72 21.75 02a59619o0703c     0   21.564918
59635.513795 17.143924 0.025851   512.0    12 c    0    2.75 185.18754 49.5513  2372.88  3990.30 2.70 2.29  33.8 -0.409    19.69 21.65 02a59635o0666c     0   22.979245
59635.517016 17.124707 0.025397   521.0    12 c    0    3.24 185.18754 49.5513  2354.17  3954.44 2.52 2.27  33.4 -0.417    19.70 21.63 02a59635o0673c     0   22.979245
59635.520216 17.101672 0.024864   532.0    12 c    0    2.70 185.18754 49.5513  2412.92  4029.57 2.55 2.27  32.9 -0.416    19.69 21.63 02a59635o0680c     0   22.979245
59635.524334 17.095473 0.022662   535.0    11 c    0    3.71 185.18754 49.5513  2434.37  3912.90 2.39 2.30  33.7 -0.423    19.69 21.61 02a59635o0689c     0   22.473222
59639.407942 17.196897 0.029405   488.0    13 c    0    1.63 185.18754 49.5513  8198.66  6574.97 2.99 2.52  31.1 -0.385    19.61 21.67 02a59639o0433c     0   23.516923
59639.413466 17.199161 0.027200   487.0    12 c    0    2.17 185.18754 49.5513  8226.56  6613.52 2.66 2.54  44.8 -0.403    19.68 21.69 02a59639o0445c     0   22.979245
59639.425064 17.210554 0.027487   482.0    12 c    0    2.03 185.18754 49.5513  8167.71  6539.79 2.66 2.45  40.3 -0.404    19.72 21.71 02a59639o0470c     0   22.979245
59639.430639 17.120482 0.025299   523.0    12 c    0    2.50 185.18754 49.5513  8150.06  6656.94 2.64 2.51  53.9 -0.407    19.75 21.73 02a59639o0482c     0   22.979245
59643.493597 17.274231 0.034005   455.0    14 c    0    4.08 185.18754 49.5513  4342.00  3856.92 2.31 2.18  46.4 -0.435    19.23 21.79 02a59643o0574c     0   24.084138
59643.496561 17.425126 0.047449   397.0    17 c    0    1.67 185.18754 49.5513  4322.34  3818.33 2.25 2.13  51.3 -0.438    19.26 21.80 02a59643o0580c     0   25.943124
59643.502904 17.316329 0.040399   438.0    16 c    0    1.83 185.18754 49.5513  4379.71  3893.88 2.29 2.17  56.3 -0.437    19.19 21.79 02a59643o0593c     0   25.299124
59643.512835 17.283991 0.041665   451.0    17 c    0    1.54 185.18754 49.5513  4398.49  3776.65 2.32 2.23  48.8 -0.433    19.19 21.78 02a59643o0613c     0   25.943124
59647.489715 17.384047 0.059124   412.0    22 c    0    1.17 185.18754 49.5513  4339.48  3855.98 2.38 2.29  41.1 -0.441    18.99 21.75 02a59647o0389c     0   29.462615
59647.492688 17.444842 0.051160   390.0    18 c    0    2.00 185.18754 49.5513  4321.65  3818.72 2.33 2.22  34.1 -0.436    19.04 21.77 02a59647o0395c     0   26.609128
59647.525600 17.459147 0.057599   385.0    20 c    0    1.73 185.18754 49.5513  4372.34  3889.23 2.46 2.24  48.3 -0.437    18.90 21.74 02a59647o0460c     0   28.000816
59647.531060 17.503229 0.053987   370.0    18 c    0    1.69 185.18754 49.5513  4392.55  3773.82 2.40 2.21  46.4 -0.443    19.02 21.74 02a59647o0471c     0   26.609128
59671.385122 18.125925 0.063867   212.0    12 c    0    1.25 185.18754 49.5513  9165.27  4817.96 2.80 2.59  31.7 -0.392    19.57 21.76 02a59671o0278c     0   22.979245
59671.386950 18.280067 0.073609   185.0    12 c    0    1.41 185.18754 49.5513  9185.09  4856.46 2.80 2.56  31.9 -0.391    19.58 21.76 02a59671o0282c     0   22.979245
59671.392513 18.063866 0.055292   224.0    11 c    0    1.33 185.18754 49.5513  9128.77  4782.19 2.73 2.52  31.7 -0.395    19.59 21.75 02a59671o0294c     0   22.473222
59671.398568 18.356290 0.065802   173.0    10 c    0    1.56 185.18754 49.5513  9110.00  4901.56 2.75 2.53  36.7 -0.392    19.59 21.76 02a59671o0307c     0   22.001038
59675.414972 18.005163      NaN   -26.0    76 c    0    1.24 185.18754 49.5513  1337.62  1894.36 2.38 2.34  51.7 -0.417    17.37 19.32 02a59675o0435c     2   78.485959
59675.453245 18.847027 0.144765   113.0    14 c    0    1.18 185.18754 49.5513  1374.60  1928.21 2.39 2.28  44.9 -0.424    19.41 21.51 02a59675o0518c  8192   24.084138
59675.481678 18.511660      NaN    64.0    29 c    0    1.64 185.18754 49.5513  1391.06  1808.16 2.38 2.26  56.5 -0.430    18.41 20.33 02a59675o0579c  8192   35.000653
59679.346439 18.489118 0.200787   154.0    27 c    0    1.64 185.18754 49.5513  9264.54  8698.13 2.96 2.63  36.5 -0.377    18.72 20.44 02a59679o0254c     0   33.362339
59679.349181 18.640491 0.256473   135.0    30 c    0    1.12 185.18754 49.5513  9284.61  8736.04 3.01 2.60  36.0 -0.381    18.72 20.45 02a59679o0260c     0   35.833583
59679.352837 18.158337 0.159022   206.0    29 c    0    1.24 185.18754 49.5513  9221.05  8658.35 2.93 2.58  37.4 -0.391    18.79 20.46 02a59679o0268c     0   35.000653
59679.359816 18.623526 0.227247   137.0    27 c    0    1.18 185.18754 49.5513  9201.00  8777.51 3.11 2.53  36.8 -0.388    18.78 20.48 02a59679o0283c     0   33.362339
59695.354792 19.766969 0.265402    53.0    11 c    0    1.59 185.18754 49.5513  3364.64  6111.43 2.51 2.32  25.5 -0.406    19.55 21.49 02a59695o0278c     0   22.473222
59695.358033 19.868040 0.264814    49.0    10 c    0    1.85 185.18754 49.5513  3345.76  6071.22 2.61 2.40  26.8 -0.396    19.51 21.48 02a59695o0285c     0   22.001038
59695.363978 19.226921 0.146721    82.0    10 c    0    1.63 185.18754 49.5513  3402.74  6146.76 2.63 2.39  28.8 -0.397    19.52 21.47 02a59695o0298c     0   22.001038
59695.396944 19.436675 0.195788    69.0    11 c    0    1.80 185.18754 49.5513  3411.50  6027.66 2.49 2.25  25.3 -0.408    19.49 21.39 02a59695o0369c     0   22.473222
59699.377055 19.743105 0.283236    54.0    12 c    0    1.25 185.18754 49.5513  8067.13  8078.88 2.77 2.44  33.1 -0.394    19.43 21.08 02a59699o0325c     0   22.979245
59699.380256 19.569016 0.361912    62.0    18 c    0    1.02 185.18754 49.5513  8049.03  8040.21 2.83 2.48  34.3 -0.395    19.15 20.73 02a59699o0332c     0   26.609128
59699.386215 18.496580      NaN    63.0    30 c    0    1.16 185.18754 49.5513  8104.40  8118.04 2.78 2.42  33.7 -0.396    18.40 19.86 02a59699o0345c     0   35.833583
59699.396305 18.474346      NaN    24.0    44 c    0    1.80 185.18754 49.5513  8122.36  8005.15 2.77 2.42  31.9 -0.391    17.91 19.26 02a59699o0367c     0   48.166853
59723.338572 19.569016 0.201062    62.0    10 c    0    1.65 185.18754 49.5513  9132.64  5893.91 2.66 2.36  28.1 -0.404    19.65 21.30 02a59723o0223c     0   22.001038
59723.341779 20.009244 0.331753    44.0    11 c    0    1.07 185.18754 49.5513  9110.52  5854.93 2.88 2.42  28.3 -0.384    19.58 21.29 02a59723o0230c     0   22.473222
59723.347304 19.401649      NaN    38.0    11 c    0    1.27 185.18754 49.5513  9166.95  5934.71 3.01 2.43  26.7 -0.376    19.55 21.29 02a59723o0242c     0   22.473222
59723.358809 19.569016 0.201062    62.0    10 c    0    1.77 185.18754 49.5513  9186.11  5818.65 2.85 2.43  25.5 -0.388    19.55 21.27 02a59723o0267c     0   22.001038
59727.318926 18.542463      NaN    51.0    32 c    0    1.29 185.18754 49.5513  9140.06  5898.51 2.74 2.42  29.4 -0.396    18.47 19.95 02a59727o0179c     0   37.523935
59727.322126 18.910912      NaN    50.0    19 c    0    1.56 185.18754 49.5513  9121.74  5859.31 2.67 2.37  30.2 -0.394    18.81 20.35 02a59727o0186c     0   27.295525
59727.328537 18.748255      NaN    15.0    36 c    0    1.09 185.18754 49.5513  9178.35  5940.27 2.75 2.42  29.0 -0.394    18.33 19.77 02a59727o0200c     0   40.988360
59727.341337 19.318728      NaN    37.0    13 c    0    1.38 185.18754 49.5513  9196.39  5823.48 2.70 2.37  28.0 -0.397    19.15 20.72 02a59727o0228c     0   23.516923
59731.359571 19.529530 0.213270    64.0    11 c    0    1.21 185.18754 49.5513  8909.06  9782.69 2.78 2.59  30.4 -0.388    19.64 21.46 02a59731o0099c     0   22.473222
59731.363232 19.816329 0.277746    51.0    11 c    0    1.45 185.18754 49.5513  8890.26  9741.02 2.93 2.73  32.9 -0.377    19.59 21.45 02a59731o0107c     0   22.473222
59731.369181 19.766969 0.265402    53.0    11 c    0    1.18 185.18754 49.5513  8945.31  9822.95 2.95 2.59  33.2 -0.376    19.59 21.43 02a59731o0120c     0   22.473222
59731.379277 19.766969 0.289530    53.0    12 c    0    1.24 185.18754 49.5513  8962.74  9704.20 3.00 2.68  32.6 -0.377    19.53 21.40 02a59731o0142c     0   22.979245
59751.270742 19.491430      NaN    36.0    10 c    0    1.19 185.18754 49.5513  7393.11  2060.33 2.38 2.30  40.4 -0.407    19.63 21.38 02a59751o0060c     0   22.001038
59751.273942 20.405150 0.347436    33.0     8 c    0    2.01 185.18754 49.5513  7371.90  2020.67 2.39 2.27  43.0 -0.408    19.64 21.41 02a59751o0067c     0   21.167090
59751.281792 20.405150 0.347436    33.0     8 c    0    1.62 185.18754 49.5513  7433.14  2100.51 2.39 2.30  52.9 -0.406    19.67 21.43 02a59751o0084c     0   21.167090
59751.292331 19.743105 0.212427    54.0     9 c    0    1.44 185.18754 49.5513  7454.14  1981.61 2.39 2.33  45.4 -0.406    19.61 21.40 02a59751o0107c     0   21.564918
59755.291523 19.894850 0.244291    48.0     9 c    0    2.00 185.18754 49.5513  3358.28  2232.77 2.50 2.32 -72.5 -0.415    19.59 21.28 02a59755o0103c     0   21.564918
59755.294720 19.419021      NaN    37.0    11 c    0    1.38 185.18754 49.5513  3338.81  2193.09 2.62 2.51  85.6 -0.413    19.50 21.28 02a59755o0110c     0   22.473222
59755.301119 19.766969      NaN    17.0    12 c    0    0.84 185.18754 49.5513  3398.75  2270.62 2.56 2.43  76.2 -0.410    19.53 21.28 02a59755o0124c     0   22.979245
59755.313059 19.894850 0.244291    48.0     9 c    0    1.61 185.18754 49.5513  3419.21  2150.50 2.45 2.33 -88.9 -0.416    19.58 21.26 02a59755o0150c     0   21.564918
59787.256925 19.401649      NaN   -15.0    21 c    0    1.11 185.18754 49.5513 10256.30  4196.44 2.87 2.77 -13.8 -0.400    18.99 20.42 02a59787o0037c     0   28.723609
59787.260092 19.743105      NaN    18.0    12 c    0    1.61 185.18754 49.5513 10237.10  4156.40 2.75 2.65  -2.9 -0.415    19.33 20.76 02a59787o0044c     0   22.979245
59787.266438 19.472870      NaN    28.0    13 c    0    1.18 185.18754 49.5513 10295.51  4237.84 2.82 2.74 -20.5 -0.414    19.36 20.97 02a59787o0058c     0   23.516923
59787.280042 20.009244      NaN     8.0    12 c    0    1.46 185.18754 49.5513 10313.86  4124.47 3.19 3.09 -24.1 -0.393    19.24 20.99 02a59787o0088c     0   22.979245
59909.584417 20.207197      NaN     6.0    10 c    0    1.33 185.18754 49.5513  4302.35  7830.53 3.51 3.26  45.2 -0.296    19.36 21.20 01a59909o0853c     0   22.001038
59909.587646 19.979496      NaN    15.0    10 c    0    1.20 185.18754 49.5513  4286.02  7796.15 3.55 3.20  45.1 -0.282    19.36 21.21 01a59909o0860c     0   22.001038
59909.593217 19.743105      NaN    21.0    11 c    0    1.28 185.18754 49.5513  4344.72  7873.84 3.68 3.32  44.0 -0.279    19.38 21.28 01a59909o0872c     0   22.473222
59909.602993 20.103715      NaN     2.0    11 c    0    1.26 185.18754 49.5513  4368.42  7749.48 3.56 3.22  47.0 -0.281    19.41 21.29 01a59909o0893c     0   22.473222
59999.487661 20.103715      NaN   -30.0    11 c    0    1.95 185.18754 49.5513  5391.25   700.42 2.54 2.32  88.1 -0.415    19.49 21.51 02a59999o0028c     0   22.473222
59999.489475 20.103715      NaN   -14.0    11 c    0    1.43 185.18754 49.5513  5410.35   739.79 2.56 2.38 -84.3 -0.414    19.48 21.51 02a59999o0032c     0   22.473222
59999.492645 20.103715      NaN    -3.0    11 c    0    0.92 185.18754 49.5513  5355.47   661.93 2.57 2.36  87.6 -0.407    19.45 21.52 02a59999o0039c     0   22.473222
59999.618066 18.598565      NaN    71.0    23 c    0    2.01 185.18754 49.5513  5292.38  9783.08 2.57 2.50  44.6 -0.399    18.71 20.44 02a59999o0076c     0   30.216646
60048.359110 19.791368      NaN    16.0    12 c    0    0.84 185.18754 49.5513  2134.91  6363.05 2.39 2.23  36.8 -0.419    19.63 21.50 02a60048o0273c     0   22.979245
60048.361840 20.103715      NaN     3.0    11 c    0    0.91 185.18754 49.5513  2155.31  6402.88 2.45 2.23  35.9 -0.413    19.61 21.52 02a60048o0279c     0   22.473222
60048.385684 19.841877      NaN    17.0    11 c    0    1.20 185.18754 49.5513  2098.67  6323.57 2.50 2.25  29.4 -0.411    19.59 21.48 02a60048o0325c     0   22.473222
60048.388691 20.321591      NaN   -31.0     9 c    0    1.31 185.18754 49.5513  2078.33  6440.60 2.43 2.23  28.6 -0.420    19.59 21.48 02a60048o0331c     0   21.564918
60050.403382 19.922338      NaN    -2.0    13 c    0    1.54 185.18754 49.5513  3547.08  9994.18 2.53 2.23 -52.3 -0.417    19.50 21.28 02a60050o0356c     0   23.516923
60050.406564 19.766969      NaN   -17.0    15 c    0    1.37 185.18754 49.5513  3527.29  9953.53 2.42 2.29 -53.8 -0.417    19.43 21.18 02a60050o0363c     0   24.678851
60050.411683 19.696897      NaN    17.0    13 c    0    2.04 185.18754 49.5513  3581.90 10032.60 2.43 2.21 -49.3 -0.427    19.24 20.92 02a60050o0374c     0   23.516923
60050.421880 19.454622      NaN   -24.0    20 c    0    1.33 185.18754 49.5513  3601.99  9912.36 2.38 2.25 -49.9 -0.408    19.12 20.75 02a60050o0395c     0   28.000816
60052.406622 18.786693      NaN    -9.0    37 c    0    1.18 185.18754 49.5513  9351.08  5898.15 2.52 2.40  37.8 -0.408    18.24 19.71 02a60052o0375c     0   41.869388
60052.409432 18.292405      NaN    69.0    38 c    0    1.11 185.18754 49.5513  9331.46  5858.67 2.53 2.38  38.4 -0.405    18.17 19.65 02a60052o0381c     0   42.755651
60052.416451 19.014394      NaN    -9.0    30 c    0    1.08 185.18754 49.5513  9390.02  5938.48 2.62 2.48  36.6 -0.402    18.47 20.01 02a60052o0396c     0   35.833583
60052.426203 18.990530      NaN    16.0    28 c    0    1.28 185.18754 49.5513  9408.43  5821.09 2.56 2.42  40.4 -0.403    18.46 19.98 02a60052o0416c     0   34.176683
60056.395290 20.321591      NaN   -28.0     9 c    0    2.02 185.18754 49.5513  5493.97  5994.33 2.60 2.32  31.2 -0.397    19.45 21.12 02a60056o0358c     0   21.564918
60056.398474 20.009244      NaN     2.0    12 c    0    1.19 185.18754 49.5513  5476.50  5954.31 2.74 2.41  26.9 -0.383    19.41 21.12 02a60056o0365c     0   22.979245
60056.404372 20.009244      NaN     3.0    12 c    0    1.15 185.18754 49.5513  5533.47  6030.40 2.88 2.59  31.4 -0.376    19.34 21.09 02a60056o0378c     0   22.979245
60056.414584 19.674510 0.310210    57.0    14 c    0    1.10 185.18754 49.5513  5553.09  5913.74 2.71 2.36  32.2 -0.391    19.43 21.06 02a60056o0400c     0   24.084138
60058.390615 20.103715      NaN     8.0    11 c    0    1.13 185.18754 49.5513  7604.38  2059.67 2.35 2.27  66.3 -0.404    19.49 21.06 02a60058o0348c     0   22.473222
60058.417968 20.321591      NaN   -12.0     9 c    0    2.62 185.18754 49.5513  7584.69  2014.47 2.30 2.24  57.2 -0.408    19.48 21.03 02a60058o0406c     0   21.564918
60058.420891 20.103715      NaN     8.0    11 c    0    1.46 185.18754 49.5513  7644.11  2093.23 2.31 2.26  64.2 -0.405    19.49 21.02 02a60058o0412c     0   22.473222
60058.427254 20.321591      NaN   -21.0     9 c    0    2.44 185.18754 49.5513  7666.72  1975.31 2.31 2.24  87.3 -0.411    19.47 21.01 02a60058o0426c     0   21.564918