         MJD         m       dm    uJy  duJy F  err   chi/N        RA      Dec        x        y  maj  min   phi  apfit  mag5sig   Sky            Obs    Mask    duJy_new
57399.620255 19.841877      NaN   -6.0    14 c    0    1.25 196.66427 -1.54845  5343.20  3704.50 3.72 3.62  -3.4 -0.396    19.51 21.38 02a57399o0673c       0   27.031735
57399.643693 19.766969      NaN  -34.0    15 c    0    1.10 196.66427 -1.54845  5012.57  3111.16 3.77 3.59  -6.7 -0.397    19.53 21.38 02a57399o0707c       0   27.562922
57399.656312 19.696897      NaN    9.0    15 c    0    1.01 196.66427 -1.54845  5859.97  4268.27 3.59 3.51  76.3 -0.405    19.52 21.35 02a57399o0726c       0   27.562922
57399.658479 19.302877      NaN   24.0    17 c    0    0.78 196.66427 -1.54845  6154.10  2517.43 3.78 3.62   0.5 -0.414    19.49 21.33 02a57399o0729c       0   28.700430
57436.395205 18.186107      NaN   43.0    52 c    0    0.99 196.66427 -1.54845  6134.79  3451.96 4.43 4.22   7.5 -0.356    18.14 19.23 02a57436o0300c       0   56.909706
57436.408823 18.649074      NaN   -6.0    42 c    0    1.03 196.66427 -1.54845  6419.94  4034.35 4.16 4.07  21.1 -0.367    18.28 19.39 02a57436o0323c       0   47.944913
57436.422408 18.675237      NaN  -34.0    41 c    0    1.24 196.66427 -1.54845  5255.98  4614.68 4.30 4.21 -28.8 -0.366    18.33 19.49 02a57436o0346c       0   47.071379
57436.436041 18.816441      NaN  -21.0    36 c    0    1.03 196.66427 -1.54845  4983.45  4420.45 4.06 3.99 -33.8 -0.366    18.45 19.61 02a57436o0369c       0   42.786852
57452.579498 19.922338      NaN  -25.0    13 c    0    1.19 196.66427 -1.54845  4664.26  7632.76 3.64 3.47 -80.3 -0.419    19.65 21.62 02a57452o0633c       0   26.527621
57452.601793 19.841877      NaN  -38.0    14 c    0    1.17 196.66427 -1.54845  4377.08  7051.91 3.71 3.52 -74.8 -0.408    19.57 21.48 02a57452o0676c       0   27.031735
57452.624263 19.529530      NaN   20.0    14 c    0    1.02 196.66427 -1.54845  5539.54  6474.57 3.67 3.46 -83.5 -0.415    19.51 21.38 02a57452o0719c       0   27.031735
57452.646861 19.841877      NaN  -40.0    14 c    0    1.35 196.66427 -1.54845  5659.41  6246.19 3.64 3.46 -84.4 -0.413    19.42 21.21 02a57452o0762c       0   27.031735
57460.552256 19.766969      NaN   -5.0    15 c    0    0.83 196.66427 -1.54845  4779.95  7398.88 3.62 3.54 -67.4 -0.437    19.57 21.47 02a57460o0679c       0   27.562922
57460.575931 19.696897      NaN  -19.0    16 c    0    0.74 196.66427 -1.54845  4490.04  6820.04 3.62 3.42 -74.1 -0.420    19.58 21.47 02a57460o0722c       0   28.119649
57460.598204 19.841877      NaN  -22.0    14 c    0    1.11 196.66427 -1.54845  5653.76  6243.42 3.65 3.46 -81.1 -0.418    19.53 21.40 02a57460o0765c       0   27.031735
57460.620826 19.652575      NaN   14.0    14 c    0    1.24 196.66427 -1.54845  5656.86  6245.27 3.65 3.49 -74.9 -0.414    19.48 21.33 02a57460o0808c       0   27.031735
57480.508123 19.589310      NaN   14.0    15 c    0    1.11 196.66427 -1.54845  4492.79  7447.47 3.70 3.50 -78.0 -0.418    19.53 21.41 02a57480o0596c       0   27.562922
57480.531583 19.696897      NaN  -18.0    16 c    0    1.13 196.66427 -1.54845  4205.91  6867.86 3.64 3.46 -68.9 -0.418    19.42 21.17 02a57480o0641c       0   28.119649
57480.555125 19.569016      NaN  -16.0    18 c    0    0.94 196.66427 -1.54845  5368.90  6293.43 3.62 3.43 -81.2 -0.425    19.32 20.99 02a57480o0686c       0   29.303834
57480.578528 19.401649      NaN   18.0    17 c    0    1.34 196.66427 -1.54845  5643.87  6236.84 3.62 3.42 -81.4 -0.417    19.23 20.83 02a57480o0731c       0   28.700430
57490.431970 19.696897      NaN    3.0    16 c    0    0.99 196.66427 -1.54845  4527.59  7284.63 3.96 3.78   2.9 -0.402    19.52 21.53 02a57490o0485c       0   28.119649
57490.450418 19.841877      NaN  -37.0    14 c    0    1.10 196.66427 -1.54845  4238.77  6703.88 3.71 3.56 -85.7 -0.396    19.55 21.46 02a57490o0516c       0   27.031735
57490.469679 19.841877      NaN   -8.0    14 c    0    1.51 196.66427 -1.54845  5399.80  6131.33 3.65 3.46 -89.2 -0.396    19.55 21.42 02a57490o0548c       0   27.031735
57490.489227 19.631075      NaN  -23.0    17 c    0    0.90 196.66427 -1.54845  5652.03  6228.32 3.69 3.50  89.2 -0.396    19.51 21.37 02a57490o0580c       0   28.700430
57491.426464 19.212347      NaN -104.0    25 c    0    1.49 196.66427 -1.54845  4935.43  7306.05 4.99 4.19  -1.9 -0.381    18.75 20.70 02a57491o0395c       0   34.054584
57491.448778 19.051202      NaN  -23.0    29 c    0    0.80 196.66427 -1.54845  4651.35  6723.52 4.40 4.18 -71.3 -0.366    18.84 20.81 02a57491o0432c       0   37.090628
57491.484437 19.510313      NaN  -45.0    19 c    0    1.32 196.66427 -1.54845  5655.41  6225.01 4.17 3.99 -79.7 -0.378    19.05 20.94 02a57491o0492c       0   29.928493
57507.455652 19.155932      NaN   28.0    19 c    0    1.04 196.66427 -1.54845  5013.99  7116.29 3.81 3.59 -77.7 -0.411    19.18 20.85 02a57507o0466c       0   29.928493
57507.470781 19.089302      NaN   30.0    20 c    0    1.14 196.66427 -1.54845  5054.82  7077.64 3.77 3.57 -78.4 -0.412    19.06 20.62 02a57507o0496c       0   30.573104
57507.484879 19.302877      NaN  -10.0    23 c    0    0.89 196.66427 -1.54845  4997.25  7057.92 3.71 3.50 -79.6 -0.424    18.99 20.46 02a57507o0524c       0   32.614639
57507.498519 18.796518      NaN   50.0    22 c    0    1.61 196.66427 -1.54845  5074.18  7134.62 3.72 3.54 -79.8 -0.422    18.91 20.34 02a57507o0551c       0   31.917310
57507.510957 19.256669      NaN  -14.0    24 c    0    1.32 196.66427 -1.54845  4976.75  7152.99 3.80 3.65 -75.8 -0.415    18.83 20.25 02a57507o0576c       0   33.327386
57509.461463 19.472870      NaN   14.0    17 c    0    0.91 196.66427 -1.54845  5012.43  7115.60 3.69 3.46 -78.5 -0.426    19.44 21.27 02a57509o0496c       0   28.700430
57509.474396 19.696897      NaN  -19.0    16 c    0    1.24 196.66427 -1.54845  5052.98  7076.47 3.72 3.48 -76.9 -0.425    19.39 21.20 02a57509o0522c       0   28.119649
57509.487444 19.569016      NaN   -1.0    18 c    0    0.91 196.66427 -1.54845  4994.78  7056.90 3.69 3.46 -75.7 -0.428    19.36 21.15 02a57509o0548c       0   29.303834
57509.499969 19.569016      NaN   -8.0    18 c    0    1.12 196.66427 -1.54845  5071.32  7133.53 3.77 3.54 -77.5 -0.427    19.24 21.00 02a57509o0573c       0   29.303834
57509.511409 19.510313      NaN  -51.0    19 c    0    1.17 196.66427 -1.54845  4975.08  7151.79 3.77 3.54 -74.9 -0.429    19.10 20.75 02a57509o0596c       0   29.928493
57510.456166 19.472870      NaN   11.0    18 c    0    1.03 196.66427 -1.54845  5014.77  7113.01 4.28 4.08 -71.6 -0.380    19.32 21.38 02a57510o0471c       0   29.303834
57510.474051 19.197966      NaN   31.0    17 c    0    0.95 196.66427 -1.54845  5055.31  7075.24 4.09 3.93 -55.9 -0.392    19.34 21.36 02a57510o0506c       0   28.700430
57510.491821 19.569016      NaN  -19.0    18 c    0    1.02 196.66427 -1.54845  4997.31  7055.32 3.86 3.64 -72.1 -0.411    19.35 21.25 02a57510o0541c       0   29.303834
57510.508479 19.510313      NaN  -28.0    19 c    0    1.03 196.66427 -1.54845  5074.90  7133.38 3.93 3.74 -67.9 -0.409    19.26 21.15 02a57510o0574c       0   29.928493
57514.349181 19.549093      NaN   10.0    17 c    0    0.94 196.66427 -1.54845  4694.62  8154.31 4.00 3.78 -77.9 -0.429    19.54 21.58 02a57514o0281c       0   28.700430
57514.362520 19.436675      NaN   22.0    15 c    0    1.05 196.66427 -1.54845  4675.81  8123.26 4.01 3.73 -74.5 -0.425    19.53 21.57 02a57514o0308c       0   27.562922
57514.375297 19.766969      NaN    2.0    15 c    0    1.36 196.66427 -1.54845  4733.37  8206.71 3.97 3.67 -79.0 -0.431    19.54 21.53 02a57514o0334c       0   27.562922
57514.388108 19.696897      NaN  -29.0    16 c    0    1.00 196.66427 -1.54845  4752.25  8096.00 3.93 3.64 -76.8 -0.439    19.51 21.47 02a57514o0360c       0   28.119649
57514.401441 19.631075      NaN  -22.0    17 c    0    0.82 196.66427 -1.54845  4711.81  8158.60 3.92 3.60 -71.6 -0.441    19.49 21.43 02a57514o0387c       0   28.700430
57538.326191 19.766969      NaN   -2.0    15 c    0    1.18 196.66427 -1.54845  4257.48  6591.54 3.99 3.64 -70.9 -0.481    19.51 21.53 02a57538o0193c       0   27.562922
57538.336887 19.631075      NaN    0.0    17 c    0    1.05 196.66427 -1.54845  4237.81  6552.37 4.02 3.64 -68.3 -0.467    19.52 21.56 02a57538o0213c       0   28.700430
57538.348751 19.631075      NaN  -23.0    17 c    0    1.05 196.66427 -1.54845  4296.92  6628.23 4.07 3.70 -60.0 -0.458    19.50 21.55 02a57538o0235c       0   28.700430
57538.360566 19.454622      NaN   18.0    16 c    0    1.03 196.66427 -1.54845  4317.42  6511.45 4.03 3.63 -66.3 -0.461    19.49 21.52 02a57538o0257c       0   28.119649
57538.371433 19.631075      NaN  -14.0    17 c    0    0.94 196.66427 -1.54845  4278.85  6566.25 3.98 3.59 -64.9 -0.452    19.51 21.54 02a57538o0277c       0   28.700430
57540.322702 19.454622      NaN   21.0    15 c    0    1.13 196.66427 -1.54845  6365.72  6860.28 3.91 3.51 -88.0 -0.455    19.57 21.56 02a57540o0178c       0   27.562922
57540.334981 19.696897      NaN   -1.0    16 c    0    0.86 196.66427 -1.54845  6345.85  6822.16 3.86 3.50 -85.7 -0.453    19.58 21.58 02a57540o0202c       0   28.119649
57540.347227 19.696897      NaN  -42.0    16 c    0    0.80 196.66427 -1.54845  6403.26  6899.09 4.00 3.62 -82.3 -0.433    19.53 21.55 02a57540o0226c       0   28.119649
57540.359522 19.841877      NaN  -25.0    14 c    0    1.15 196.66427 -1.54845  6424.03  6779.45 3.79 3.43 -84.7 -0.446    19.57 21.52 02a57540o0250c       0   27.031735
57540.372276 19.529530      NaN   20.0    14 c    0    1.38 196.66427 -1.54845  6386.85  6834.81 3.81 3.50 -83.6 -0.441    19.53 21.48 02a57540o0275c       0   27.031735
57544.315579 19.401649      NaN   -6.0    21 c    0    0.79 196.66427 -1.54845  6438.49  7469.21 3.94 3.48  87.7 -0.468    19.39 21.35 02a57544o0173c       0   31.236432
57544.327804 19.401649      NaN  -33.0    21 c    0    1.07 196.66427 -1.54845  6421.53  7432.84 3.96 3.58 -89.8 -0.462    19.17 21.14 02a57544o0197c       0   31.236432
57544.339982 19.569016      NaN  -37.0    18 c    0    1.17 196.66427 -1.54845  6482.34  7510.89 3.89 3.50 -87.6 -0.450    19.33 21.29 02a57544o0221c       0   29.303834
57544.364925 19.696897      NaN  -14.0    16 c    0    1.19 196.66427 -1.54845  6467.12  7449.93 3.90 3.49 -87.5 -0.449    19.53 21.54 02a57544o0270c       0   28.119649
57548.307874 19.089302      NaN   42.0    16 c    0    1.47 196.66427 -1.54845  4196.96  6576.36 3.97 3.64 -78.6 -0.455    19.37 21.19 02a57548o0160c       0   28.119649
57548.319610 19.569016      NaN  -31.0    18 c    0    0.90 196.66427 -1.54845  4177.51  6539.81 3.94 3.67 -68.6 -0.446    19.38 21.23 02a57548o0183c       0   29.303834
57548.331846 19.089302      NaN   36.0    18 c    0    1.06 196.66427 -1.54845  4236.63  6618.23 4.05 3.76 -64.6 -0.435    19.39 21.30 02a57548o0207c       0   29.303834
57548.356797 19.696897      NaN    3.0    16 c    0    0.92 196.66427 -1.54845  4223.62  6557.22 3.93 3.65 -63.7 -0.427    19.46 21.41 02a57548o0256c       0   28.119649
57574.267486 19.334813      NaN   19.0    18 c    0    1.20 196.66427 -1.54845  3266.67  7104.14 4.01 3.80 -81.8 -0.433    19.36 21.26 02a57574o0057c       0   29.303834
57574.278624 19.256669      NaN   24.0    18 c    0    1.14 196.66427 -1.54845  3248.86  7064.39 4.06 3.80 -72.8 -0.421    19.37 21.31 02a57574o0079c       0   29.303834
57574.292732 19.226921      NaN   23.0    19 c    0    1.05 196.66427 -1.54845  3305.43  7141.91 4.00 3.70 -68.0 -0.443    19.36 21.32 02a57574o0107c       0   29.928493
57574.305367 19.436675      NaN   10.0    19 c    0    1.01 196.66427 -1.54845  3325.70  7024.01 3.94 3.69 -69.5 -0.448    19.37 21.27 02a57574o0132c       0   29.928493
57574.318339 19.318728      NaN   17.0    19 c    0    1.12 196.66427 -1.54845  3287.99  7081.77 3.96 3.71 -56.8 -0.434    19.33 21.24 02a57574o0157c       0   29.928493
57578.258275 19.128787      NaN  -44.0    27 c    0    1.13 196.66427 -1.54845  6069.52  6848.06 3.97 3.63  87.7 -0.465    18.93 20.37 02a57578o0039c       0   35.548765
57578.265327 18.900000      NaN   40.0    22 c    0    1.04 196.66427 -1.54845  6050.90  6809.92 4.21 3.81 -88.4 -0.442    19.10 20.80 02a57578o0053c       0   31.917310
57578.275320 19.510313      NaN    0.0    19 c    0    1.17 196.66427 -1.54845  6108.38  6887.64 4.05 3.68 -86.2 -0.454    19.15 20.85 02a57578o0073c       0   29.928493
57578.288515 19.256669      NaN   12.0    22 c    0    1.02 196.66427 -1.54845  6129.75  6770.37 4.52 4.21 -77.9 -0.414    19.00 20.82 02a57578o0099c       0   31.917310
57578.301846 19.401649      NaN  -31.0    21 c    0    1.18 196.66427 -1.54845  6092.69  6826.78 4.36 4.06 -80.4 -0.418    19.00 20.77 02a57578o0125c       0   31.236432
57776.671837 18.955691      NaN   38.0    21 c    0    1.29 196.66427 -1.54845  4469.70  6281.04 3.82 3.68  68.2 -0.395    19.06 20.41 02a57776o0872c    8192   31.236432
57780.677311 17.456271      NaN   57.0   109 c    0    1.40 196.66427 -1.54845  4312.33  7810.03 3.60 3.49  -6.4 -0.491    18.20 18.72 02a57780o0872c 8388610  111.425826
57784.656179 19.696897      NaN  -14.0    16 c    0    0.96 196.66427 -1.54845  6018.58  5988.92 3.90 3.72  83.3 -0.383    19.54 21.56 02a57784o0651c    8192   28.119649
57784.659754 19.766969      NaN  -14.0    15 c    0    1.09 196.66427 -1.54845  5999.87  5951.03 3.92 3.74  87.3 -0.375    19.57 21.59 02a57784o0658c    8192   27.562922
57804.609523 19.510313      NaN   -6.0    19 c    0    1.15 196.66427 -1.54845  3076.56  8316.33 3.84 3.67  31.3 -0.433    19.36 21.07 02a57804o0761c       0   29.928493
57804.625209 19.510313      NaN   -8.0    19 c    0    1.14 196.66427 -1.54845  3061.80  8278.09 3.62 3.47  14.8 -0.440    19.37 21.02 02a57804o0788c       0   29.928493
57804.638149 19.102305      NaN   29.0    20 c    0    1.26 196.66427 -1.54845  3119.88  8352.47 3.65 3.46  13.9 -0.436    19.32 20.95 02a57804o0814c       0   30.573104
57804.656098 19.256669      NaN  -66.0    24 c    0    1.09 196.66427 -1.54845  3142.00  8234.20 3.64 3.49  15.0 -0.442    19.16 20.71 02a57804o0848c       0   33.327386
57804.672704 16.210221      NaN -152.0   397 c    0    1.34 196.66427 -1.54845  3105.46  8289.91 3.89 3.52   8.9 -0.474    17.67 17.94 02a57804o0879c       2  397.672874
57808.597335 19.631075      NaN  -18.0    17 c    0    1.42 196.66427 -1.54845  3179.94  7053.90 3.65 3.57  50.1 -0.412    19.44 21.29 02a57808o0721c       0   28.700430
57808.609113 19.631075      NaN    9.0    16 c    0    1.17 196.66427 -1.54845  3162.79  7013.74 3.69 3.58  54.6 -0.412    19.58 21.45 02a57808o0744c       0   28.119649
57808.622247 19.841877      NaN    5.0    14 c    0    1.26 196.66427 -1.54845  3225.20  7092.42 3.67 3.57  62.1 -0.408    19.57 21.41 02a57808o0767c       0   27.031735
57808.642983 19.696897      NaN  -18.0    16 c    0    1.11 196.66427 -1.54845  3248.22  6973.48 3.66 3.59  57.0 -0.409    19.49 21.31 02a57808o0807c       0   28.119649
57808.664856 18.474346      NaN   16.0    46 c    0    1.23 196.66427 -1.54845  3210.91  7027.87 3.64 3.60  49.3 -0.420    18.58 19.63 02a57808o0847c       0   51.485092
57816.517185 19.472870      NaN   26.0    13 c    0    1.16 196.66427 -1.54845  4297.11  4897.00 3.78 3.64  78.6 -0.383    19.69 21.81 02a57816o0518c       0   26.527621
57816.532512 19.766969      NaN   12.0    13 c    0    0.99 196.66427 -1.54845  6164.25  5511.19 3.69 3.53  80.1 -0.401    19.68 21.75 02a57816o0546c       0   26.527621
57816.552026 19.841877      NaN    1.0    14 c    0    1.13 196.66427 -1.54845  6221.04  5591.76 3.64 3.47  86.6 -0.411    19.69 21.76 02a57816o0582c       0   27.031735
57816.564303 19.696897      NaN   -2.0    16 c    0    0.88 196.66427 -1.54845  6244.22  5475.96 3.85 3.63  86.6 -0.393    19.65 21.75 02a57816o0605c       0   28.119649
57816.586771 19.766969      NaN   12.0    13 c    0    1.36 196.66427 -1.54845  6207.45  5533.80 3.85 3.72  79.8 -0.387    19.62 21.73 02a57816o0646c       0   26.527621
57836.561241 19.454622 0.361912   66.0    20 c    0    1.23 196.66427 -1.54845  3602.58  7419.93 3.88 3.75  67.8 -0.396    18.78 20.51 02a57836o0624c    8192   30.573104
57836.579607 18.921935      NaN   32.0    24 c    0    1.06 196.66427 -1.54845  3622.73  7303.00 4.37 4.17  75.3 -0.327    18.42 20.36 02a57836o0657c    8192   33.327386
57840.517290 19.155932      NaN   31.0    18 c    0    1.22 196.66427 -1.54845  3798.83  6956.77 3.80 3.68  61.9 -0.407    18.86 20.63 02a57840o0546c    8192   29.303834
57840.532813 19.569016      NaN  -14.0    18 c    0    1.09 196.66427 -1.54845  3782.60  6919.77 3.57 3.50  59.2 -0.431    18.89 20.59 02a57840o0575c    8192   29.303834
57844.494441 19.569016      NaN   -8.0    18 c    0    0.91 196.66427 -1.54845  5888.48  7076.93 3.62 3.55  -3.8 -0.441    19.51 21.43 02a57844o0499c       0   29.303834
57844.505472 19.287255      NaN   28.0    16 c    0    1.70 196.66427 -1.54845  5870.59  7036.98 3.54 3.46 -72.9 -0.453    19.53 21.41 02a57844o0520c       0   28.119649
57844.540510 19.271854      NaN   14.0    21 c    0    0.88 196.66427 -1.54845  5955.11  6998.23 3.69 3.59 -86.2 -0.448    19.44 21.33 02a57844o0586c       0   31.236432
57844.563265 18.640491      NaN   67.0    22 c    0    0.94 196.66427 -1.54845  5915.53  7054.76 3.73 3.65  83.1 -0.426    19.39 21.25 02a57844o0628c       0   31.917310
57868.500691 19.652575      NaN   14.0    14 c    0    1.38 196.66427 -1.54845  4558.25  5213.16 3.11 2.86  14.1 -0.458    18.88 19.97 02a57868o0305c       0   27.031735
57868.540586 19.334813      NaN   31.0    14 c    0    1.11 196.66427 -1.54845  4616.81  5135.88 2.83 2.57  17.2 -0.449    19.00 19.94 02a57868o0381c       0   27.031735
57868.553790 19.226921      NaN   26.0    18 c    0    0.74 196.66427 -1.54845  4579.75  5192.63 3.18 2.86  14.0 -0.446    18.82 19.86 02a57868o0406c       0   29.303834
57900.381250 20.137125      NaN    8.0    10 c    0    1.18 196.66427 -1.54845  4837.52  6014.95 2.46 2.24  29.8 -0.503    19.65 21.28 02a57900o0256c       0   25.193544
57900.398687 20.207197      NaN  -23.0    10 c    0    1.44 196.66427 -1.54845  4819.56  5975.81 2.49 2.25  23.6 -0.507    19.63 21.28 02a57900o0287c       0   25.193544
57900.433100 20.039830      NaN   11.0    10 c    0    1.34 196.66427 -1.54845  4904.34  5933.37 2.54 2.29  14.0 -0.498    19.55 21.12 02a57900o0352c       0   25.193544
57904.294459 19.719755      NaN   14.0    13 c    0    0.99 196.66427 -1.54845  3666.69  6396.24 2.52 2.41   8.3 -0.454    19.38 20.65 02a57904o0065c    8192   26.527621
58082.637347 19.569016      NaN    0.0    18 c    0    1.72 196.66427 -1.54845  4879.58  6461.20 2.56 2.36  40.3 -0.447    18.91 20.33 02a58082o0933c    8192   29.303834
58082.645859 17.751519      NaN   90.0    68 c    0    1.72 196.66427 -1.54845  4902.54  6499.98 2.44 2.27  37.7 -0.484    17.20 18.45 02a58082o0950c       2   71.824193
58082.654591 17.564935      NaN -141.0   114 c    0    1.15 196.66427 -1.54845  4846.36  6424.94 2.53 2.36  41.1 -0.447    16.93 18.00 02a58082o0967c       2  116.321600
58082.663624 16.954622      NaN    5.0   200 c    0    1.19 196.66427 -1.54845  4828.37  6542.94 2.61 2.46  41.8 -0.470    16.53 17.38 02a58082o0984c       2  201.332349
58138.670660 19.419021      NaN   23.0    15 c    0    0.88 196.66427 -1.54845  8030.07  3720.13 2.64 2.52 -64.7 -0.402    19.46 20.86 02a58138o0005c    8192   27.562922
58138.680660 18.396507      NaN  -82.0    53 c    0    1.19 196.66427 -1.54845  8086.60  3794.89 2.79 2.43  45.3 -0.391    17.72 18.37 02a58138o0026c    8192   57.824862
58162.617527 20.449472      NaN    3.0     8 c    0    1.33 196.66427 -1.54845  5482.18  1930.44 2.63 2.43  50.0 -0.407    19.77 21.74 02a58162o0373c       0   24.468647
58162.628194 20.761819      NaN   -2.0     6 c    0    2.25 196.66427 -1.54845  5464.48  1891.54 2.62 2.39  48.6 -0.406    19.83 21.76 02a58162o0395c       0   23.889635
58162.638374 20.594452      NaN   -4.0     7 c    0    1.60 196.66427 -1.54845  5525.54  1968.18 2.61 2.40  48.7 -0.405    19.84 21.79 02a58162o0416c       0   24.160188
58162.648992 20.594452      NaN   -7.0     7 c    0    1.30 196.66427 -1.54845  5546.83  1852.69 2.66 2.43  47.2 -0.405    19.85 21.77 02a58162o0438c       0   24.160188
58226.484166 18.640491      NaN   37.0    32 c    0    0.99 196.66427 -1.54845  7206.20   961.24 2.78 2.70 -87.3 -0.417    18.35 20.00 02a58226o0346c       0   39.480561
58226.494690 18.878500      NaN  -12.0    34 c    0    0.97 196.66427 -1.54845  7188.06   921.39 2.83 2.68  50.4 -0.419    18.51 20.10 02a58226o0368c       0   41.118301
58226.505709 18.757738      NaN -107.0    38 c    0    1.96 196.66427 -1.54845  7245.81   999.44 2.91 2.75  47.0 -0.416    17.94 19.47 02a58226o0391c       0   44.482746
58226.516263 17.049093      NaN  214.0   114 c    0    0.90 196.66427 -1.54845  7265.99   881.08 2.90 2.76  48.7 -0.426    17.22 18.69 02a58226o0413c       2  116.321600
58252.520896 19.979496      NaN   10.0    11 c    0    1.62 196.66427 -1.54845  6841.06  2192.53 2.65 2.52 -61.9 -0.407    19.33 20.88 02a58252o0587c    8192   25.606926
58254.417606 19.609992      NaN   31.0     9 c    0    1.33 196.66427 -1.54845  7908.05  2891.56 2.60 2.50  74.2 -0.422    19.65 21.52 02a58254o0165c       0   24.813599
58254.428733 19.816329      NaN   22.0     9 c    0    1.29 196.66427 -1.54845  7891.08  2851.23 2.65 2.58  86.3 -0.417    19.60 21.43 02a58254o0188c       0   24.813599
58254.440032 20.207197      NaN   -1.0    10 c    0    1.53 196.66427 -1.54845  7951.03  2927.71 2.79 2.70  73.3 -0.417    19.58 21.44 02a58254o0211c       0   25.193544
58254.451062 20.009244      NaN   12.0    10 c    0    1.60 196.66427 -1.54845  7971.80  2810.57 2.86 2.78  46.3 -0.410    19.46 21.37 02a58254o0234c       0   25.193544
58286.358522 19.816329      NaN   22.0     9 c    0    1.11 196.66427 -1.54845  6910.68  1778.80 2.65 2.57 -76.3 -0.415    19.70 21.47 02a58286o0251c       0   24.813599
58286.369215 20.171596      NaN   10.0     9 c    0    1.13 196.66427 -1.54845  6892.47  1739.78 2.63 2.56 -85.3 -0.413    19.66 21.45 02a58286o0274c       0   24.813599
58286.380012 19.950541      NaN   14.0    10 c    0    1.13 196.66427 -1.54845  6950.72  1817.43 2.61 2.57 -87.0 -0.413    19.64 21.42 02a58286o0297c       0   25.193544
58286.390851 20.321591      NaN    3.0     9 c    0    1.70 196.66427 -1.54845  6972.69  1700.78 2.57 2.52  88.3 -0.412    19.62 21.39 02a58286o0320c       0   24.813599
58310.308274 19.868040      NaN   17.0    10 c    0    1.18 196.66427 -1.54845  6627.43  2083.07 2.77 2.61 -66.1 -0.397    19.53 21.29 02a58310o0141c       0   25.193544
58310.319228 20.321591      NaN   -9.0     9 c    0    1.68 196.66427 -1.54845  6608.42  2043.71 2.73 2.54 -66.4 -0.398    19.56 21.26 02a58310o0164c       0   24.813599
58310.330183 19.950541      NaN    8.0    12 c    0    1.15 196.66427 -1.54845  6667.97  2120.60 2.90 2.60 -59.0 -0.391    19.46 21.19 02a58310o0187c       0   26.052153
58310.341067 19.868040 0.317776   47.0    12 c    0    1.02 196.66427 -1.54845  6690.90  2001.57 2.77 2.64 -63.4 -0.397    19.46 21.11 02a58310o0210c       0   26.052153
58334.266014 17.833722      NaN  -26.0    89 c    0    0.93 196.66427 -1.54845  5441.29  1725.97 3.10 2.77 -65.4 -0.366    16.89 18.25 02a58334o0015c 8388610   91.954960
58338.248561 19.302877      NaN  -28.0    23 c    0    1.01 196.66427 -1.54845  5360.98  3705.74 2.97 2.64 -56.1 -0.386    18.61 19.80 02a58338o0035c       0   32.614639
58338.256267 19.841877      NaN   -7.0    14 c    0    1.14 196.66427 -1.54845  5342.53  3666.35 2.82 2.40 -58.6 -0.386    19.24 20.62 02a58338o0051c       0   27.031735
58338.266737 20.009244      NaN  -20.0    12 c    0    1.51 196.66427 -1.54845  5400.83  3743.42 2.91 2.56 -54.8 -0.385    19.24 20.78 02a58338o0073c       0   26.052153
58338.277068 19.922338      NaN    2.0    13 c    0    1.36 196.66427 -1.54845  5420.93  3626.85 2.90 2.50 -59.1 -0.383    19.22 20.71 02a58338o0095c       0   26.527621
58342.242637 18.675237      NaN  -22.0    41 c    0    0.82 196.66427 -1.54845  5313.21   912.43 3.01 2.54 -63.9 -0.378    17.95 19.04 02a58342o0027c       0   47.071379
58342.248378 19.351140      NaN  -23.0    22 c    0    0.93 196.66427 -1.54845  5293.18   871.26 3.53 3.05 -77.0 -0.378    18.62 20.10 02a58342o0039c       0   31.917310
58342.256868 19.491430      NaN   19.0    15 c    0    1.03 196.66427 -1.54845  5350.29   947.22 3.16 2.73 -68.6 -0.422    19.12 20.72 02a58342o0057c       0   27.562922
58342.267604 19.766969      NaN   -1.0    15 c    0    1.00 196.66427 -1.54845  5370.12   826.81 2.87 2.64 -76.3 -0.400    19.20 20.75 02a58342o0080c       0   27.562922
58486.635422 20.207197      NaN   -0.5    10 c    0    1.15 196.66427 -1.54845  8541.66  6327.60 2.62 2.56 -62.3 -0.402    19.61 21.43 02a58486o0930c       0   25.193544
58486.646982 20.207197      NaN   -6.5    10 c    0    2.28 196.66427 -1.54845  8559.49  6367.79 2.63 2.56 -73.9 -0.407    19.62 21.43 02a58486o0955c       0   25.193544
58486.652602 19.549093      NaN   29.5    10 c    0    1.38 196.66427 -1.54845  8501.00  6290.44 2.58 2.50 -62.6 -0.409    19.58 21.40 02a58486o0967c       0   25.193544
58486.661522 20.103715      NaN   -5.5    11 c    0    1.28 196.66427 -1.54845  8480.49  6409.43 2.61 2.56 -63.8 -0.409    19.53 21.24 02a58486o0985c       0   25.606926
58494.600111 20.103715      NaN   10.5     9 c    0    1.32 196.66427 -1.54845  8548.50  2451.34 2.63 2.54  76.4 -0.410    19.63 21.54 02a58494o0837c       0   24.813599
58494.608244 20.009244 0.241275   40.5     8 c    0    1.76 196.66427 -1.54845  8565.80  2490.68 2.65 2.53 -86.3 -0.412    19.58 21.53 02a58494o0854c       0   24.468647
58494.616406 20.449472      NaN   -1.5     8 c    0    1.56 196.66427 -1.54845  8507.90  2414.77 2.67 2.55 -80.9 -0.406    19.60 21.52 02a58494o0871c       0   24.468647
58494.624551 19.719755      NaN   24.5     9 c    0    1.51 196.66427 -1.54845  8487.24  2532.69 2.67 2.53 -83.9 -0.405    19.63 21.53 02a58494o0888c       0   24.813599
58518.579198 20.009244      NaN  -50.5    12 c    0    1.31 196.66427 -1.54845 10490.30  4390.26 2.71 2.49  58.8 -0.482    19.79 21.77 02a58518o0755c       0   26.052153
58518.589066 19.766969      NaN   22.5     9 c    0    2.07 196.66427 -1.54845    87.90  6124.58 2.46 2.19   7.6 -0.413    19.81 21.75 02a58518o0773c       0   24.813599
58518.590147 20.449472      NaN    0.5     8 c    0    1.44 196.66427 -1.54845   777.65  4387.91 2.46 2.25  35.1 -0.460    19.82 21.77 02a58518o0775c       0   24.468647
58518.598870 20.207197      NaN   -8.5    10 c    0    1.23 196.66427 -1.54845 10454.19  4353.31 2.70 2.41  73.9 -0.479    19.80 21.77 02a58518o0790c       0   25.193544
58518.600420 19.979496      NaN   14.5     9 c    0    1.47 196.66427 -1.54845  9799.80  6125.47 2.45 2.37 -53.2 -0.450    19.80 21.76 02a58518o0793c       0   24.813599
58518.609351 20.449472      NaN   -5.5     8 c    0    1.74 196.66427 -1.54845 10432.22  4470.24 2.63 2.47  61.2 -0.479    19.83 21.78 02a58518o0808c       0   24.468647
58518.610313 20.449472      NaN  -14.5     8 c    0    1.43 196.66427 -1.54845   742.32  4349.00 2.47 2.28  43.2 -0.454    19.82 21.78 02a58518o0810c       0   24.468647
58518.619894 20.321591      NaN  -25.5     9 c    0    1.01 196.66427 -1.54845   723.62  4469.26 2.46 2.29  45.2 -0.454    19.78 21.78 02a58518o0828c       0   24.813599
58578.468673 20.321591      NaN   -1.5     9 c    0    1.18 196.66427 -1.54845  3983.04  6169.77 2.59 2.31  46.2 -0.394    19.68 21.62 02a58578o0528c       0   24.813599
58578.478068 20.321591      NaN   -4.5     9 c    0    1.48 196.66427 -1.54845  3962.32  6131.81 2.60 2.33  50.8 -0.390    19.66 21.60 02a58578o0547c       0   24.813599
58578.487497 20.321591      NaN    3.5     9 c    0    1.01 196.66427 -1.54845  4018.94  6210.14 2.62 2.34  50.7 -0.388    19.67 21.57 02a58578o0566c       0   24.813599
58578.496907 20.103715      NaN    7.5    10 c    0    1.00 196.66427 -1.54845  4039.26  6095.46 2.53 2.37  57.4 -0.391    19.69 21.54 02a58578o0585c       0   25.193544
58582.455057 20.009244      NaN  -27.5    12 c    0    1.32 196.66427 -1.54845    82.21  2273.73 3.07 2.49 -49.4 -0.407    19.56 21.46 02a58582o0496c       0   26.052153
58582.464453 20.009244      NaN  -46.5    12 c    0    1.34 196.66427 -1.54845    60.54  2233.94 2.98 2.43 -48.9 -0.406    19.60 21.48 02a58582o0515c       0   26.052153
58582.466835 19.696897      NaN   25.5     9 c    0    1.90 196.66427 -1.54845  9811.89  2290.37 2.80 2.39 -53.7 -0.419    19.58 21.50 02a58582o0520c       0   24.813599
58582.474067 19.894850      NaN   17.5     9 c    0    1.78 196.66427 -1.54845   118.77  2312.55 3.03 2.44 -47.5 -0.397    19.58 21.49 02a58582o0534c       0   24.813599
58582.476509 20.321591      NaN  -22.5     9 c    0    1.34 196.66427 -1.54845  9790.29  2251.94 2.80 2.31 -53.9 -0.425    19.61 21.50 02a58582o0539c       0   24.813599
58582.483539 19.743105      NaN   20.5    10 c    0    1.26 196.66427 -1.54845   138.74  2194.86 3.11 2.45 -49.1 -0.404    19.57 21.45 02a58582o0553c       0   25.193544
58582.485930 20.039830      NaN    9.5    10 c    0    1.53 196.66427 -1.54845  9847.75  2331.40 2.93 2.41 -52.7 -0.426    19.55 21.46 02a58582o0558c       0   25.193544
58582.496230 20.009244      NaN    7.5    11 c    0    1.14 196.66427 -1.54845  9867.79  2215.58 2.92 2.40 -54.0 -0.426    19.59 21.47 02a58582o0577c       0   25.606926
58610.422577 20.594452      NaN  -28.5     7 c    0    1.87 196.66427 -1.54845  5914.15  2309.97 2.38 2.29  82.0 -0.404    19.78 21.56 02a58610o0379c       0   24.160188
58610.431624 20.321591      NaN   -1.5     9 c    0    1.05 196.66427 -1.54845  5895.91  2271.14 2.38 2.29  83.0 -0.408    19.80 21.53 02a58610o0398c       0   24.813599
58610.440679 20.449472      NaN  -25.5     8 c    0    1.49 196.66427 -1.54845  5955.14  2349.32 2.40 2.31  86.4 -0.406    19.75 21.52 02a58610o0417c       0   24.468647
58610.449730 20.449472      NaN  -22.5     8 c    0    1.50 196.66427 -1.54845  5975.71  2232.80 2.40 2.34 -83.4 -0.404    19.74 21.49 02a58610o0436c       0   24.468647
58634.333446 19.841877 0.232658   46.5     9 c    0    1.27 196.66427 -1.54845  1837.27  6660.91 2.34 2.32  79.2 -0.421    19.75 21.55 02a58634o0221c       0   24.813599
58634.336193 19.351140 0.131604   70.5     8 c    0    1.77 196.66427 -1.54845  1817.70  6622.11 2.40 2.35  38.4 -0.415    19.73 21.55 02a58634o0227c       0   24.468647
58634.341354 19.491430 0.168476   62.5     9 c    0    1.47 196.66427 -1.54845  1875.33  6699.61 2.44 2.36  52.6 -0.405    19.73 21.54 02a58634o0238c       0   24.813599
58634.351118 19.510313 0.171432   61.5     9 c    0    1.32 196.66427 -1.54845  1897.45  6584.92 2.43 2.38 -84.5 -0.412    19.68 21.55 02a58634o0259c       0   24.813599
58642.317392 19.241693 0.163604   77.5    11 c    0    1.45 196.66427 -1.54845  3780.16  6565.97 2.52 2.45 -87.8 -0.412    19.50 21.10 02a58642o0184c       0   25.606926
58642.320719 18.550302 0.086544  142.5    11 c    0    1.09 196.66427 -1.54845  3760.92  6527.38 2.38 2.31  77.2 -0.410    19.54 21.10 02a58642o0191c       0   25.606926
58642.327304 19.302877 0.157353   73.5    10 c    0    1.66 196.66427 -1.54845  3818.51  6605.65 2.40 2.31  69.7 -0.404    19.56 21.11 02a58642o0205c       0   25.193544
58642.339960 18.847027 0.124084  109.5    12 c    0    1.55 196.66427 -1.54845  3842.03  6489.39 2.37 2.27  61.1 -0.411    19.56 21.11 02a58642o0232c       0   26.052153
58666.275544 19.868040 0.264814   45.5    10 c    0    1.59 196.66427 -1.54845  5820.90  8414.95 2.83 2.44  51.6 -0.400    19.61 21.23 02a58666o0084c       0   25.193544
58666.278297 19.816329 0.252497   47.5    10 c    0    1.40 196.66427 -1.54845  5801.28  8376.30 2.88 2.38  52.8 -0.393    19.63 21.22 02a58666o0090c       0   25.193544
58666.285378 20.009244 0.331753   40.5    11 c    0    1.33 196.66427 -1.54845  5858.18  8453.63 2.96 2.46  50.5 -0.387    19.53 21.20 02a58666o0105c       0   25.606926
58666.296568 19.401649      NaN   34.5    11 c    0    1.15 196.66427 -1.54845  5877.10  8337.97 2.73 2.41  58.5 -0.398    19.59 21.22 02a58666o0129c       0   25.606926
58706.243328 15.269767      NaN -780.5   944 c    0    1.30 196.66427 -1.54845  8075.18  6872.94 3.47 2.77  36.9 -0.329    14.73 15.54 02a58706o0039c 8388610  944.283175
58706.246569 14.204126      NaN -512.5  2519 c    0    0.93 196.66427 -1.54845  8054.42  6835.76 3.69 2.77  36.8 -0.321    14.49 15.40 02a58706o0046c 8388610 2519.106134
58706.252074 16.372132      NaN  -97.5   342 c    0    1.19 196.66427 -1.54845  8113.57  6912.25 3.29 2.64  38.9 -0.354    16.92 17.76 02a58706o0058c 8388610  342.780855
58706.263202 13.922600      NaN 2376.5  2474 c    0    1.76 196.66427 -1.54845  8132.36  6795.54 3.14 2.69  36.4 -0.332    13.90 14.64 02a58706o0082c 8388610 2474.108064
58846.550533 20.009244      NaN  -25.5    12 c    0    1.22 196.66427 -1.54845  6784.38  3992.37 3.61 3.44  31.3 -0.361    19.16 21.32 02a58846o0768c       0   26.052153
58846.552380 19.569016      NaN   25.5    11 c    0    1.08 196.66427 -1.54845  6803.45  4030.67 3.31 3.16  17.2 -0.375    19.28 21.33 02a58846o0772c       0   25.606926
58846.559637 19.922338      NaN   -1.5    13 c    0    1.15 196.66427 -1.54845  6748.54  3949.24 3.48 3.32 -48.3 -0.378    19.23 21.33 02a58846o0787c       0   26.527621
58846.571799 19.922338      NaN    0.5    13 c    0    1.16 196.66427 -1.54845  6728.03  4067.09 3.44 3.24  29.7 -0.376    19.26 21.35 02a58846o0812c       0   26.527621
58874.618476 20.594452      NaN  -11.5     7 c    0    2.35 196.66427 -1.54845  4967.25  6023.37 2.35 2.25 -48.7 -0.415    19.79 21.78 02a58874o0888c       0   24.160188
58874.622385 19.719755      NaN   24.5     9 c    0    1.00 196.66427 -1.54845  4983.96  6066.57 2.38 2.31  21.2 -0.405    19.78 21.78 02a58874o0896c       0   24.813599
58874.633143 20.103715      NaN   10.5     9 c    0    1.45 196.66427 -1.54845  4927.26  5991.10 2.42 2.40  -5.4 -0.410    19.78 21.78 02a58874o0918c       0   24.813599
58874.638103 20.594452      NaN   -2.5     7 c    0    1.96 196.66427 -1.54845  5668.72  4454.78 2.41 2.35  60.3 -0.414    19.80 21.76 02a58874o0928c       0   24.160188
58878.509737 20.321591      NaN  -20.5     9 c    0    1.39 196.66427 -1.54845  4947.74  6020.64 2.69 2.28  37.9 -0.387    19.65 21.46 02a58878o0660c       0   24.813599
58878.513147 19.791368 0.222082   48.5     9 c    0    1.33 196.66427 -1.54845  4970.36  6059.62 2.52 2.33  40.3 -0.399    19.64 21.47 02a58878o0667c       0   24.813599
58878.518292 19.950541      NaN   12.5    10 c    0    1.74 196.66427 -1.54845  4910.50  5981.76 2.71 2.30  36.1 -0.385    19.62 21.45 02a58878o0678c       0   25.193544
58878.530485 19.401649      NaN   16.5    17 c    0    1.60 196.66427 -1.54845  4892.04  6098.57 3.18 2.40  36.1 -0.360    18.95 20.83 02a58878o0704c       0   28.700430
58882.539698 20.009244 0.301593   66.5    10 c    0    1.61 196.66427 -1.54845  9344.22  8460.74 3.00 2.48 -65.1 -0.388    19.74 21.69 02a58882o0656c       0   25.193544
58882.543083 20.207197      NaN   16.5    10 c    0    1.32 196.66427 -1.54845  9364.61  8500.48 2.92 2.47 -66.2 -0.396    19.74 21.69 02a58882o0663c       0   25.193544
58882.549186 19.791368      NaN   44.5    10 c    0    1.23 196.66427 -1.54845  9307.25  8422.79 3.00 2.44 -65.0 -0.395    19.76 21.68 02a58882o0676c       0   25.193544
58882.559127 19.841877      NaN   45.5     9 c    0    1.70 196.66427 -1.54845  9286.47  8539.95 2.95 2.47 -67.1 -0.392    19.72 21.65 02a58882o0696c       0   24.813599
58902.545270 20.207197      NaN   10.5    10 c    0    1.71 196.66427 -1.54845  2300.18 10015.13 2.68 2.21 -50.6 -0.440    19.76 21.62 02a58902o0707c       0   25.193544
58902.548381 20.321591      NaN   -8.5     9 c    0    1.40 196.66427 -1.54845  2317.67 10059.89 2.74 2.17 -51.1 -0.437    19.74 21.62 02a58902o0713c       0   24.813599
58902.555608 20.103715      NaN   36.5     9 c    0    1.60 196.66427 -1.54845  2261.04  9982.49 2.82 2.28 -48.3 -0.438    19.70 21.61 02a58902o0728c       0   24.813599
58902.565671 20.207197      NaN   16.5    10 c    0    1.25 196.66427 -1.54845  2243.41 10101.11 2.99 2.36 -49.5 -0.425    19.65 21.60 02a58902o0748c       0   25.193544
58930.515545 17.809593      NaN  114.5    63 c    0    0.93 196.66427 -1.54845  9561.54  2202.21 2.70 2.20 -57.9 -0.421    17.70 19.35 02a58930o0577c       2   67.109721
58930.519143 19.169763      NaN   18.5    26 c    0    1.12 196.66427 -1.54845  9540.68  2165.43 2.61 2.17 -58.0 -0.415    18.43 20.03 02a58930o0584c       0   34.795326
58930.524855 19.401649      NaN   30.5    21 c    0    0.92 196.66427 -1.54845  9600.59  2243.32 2.66 2.20 -57.1 -0.418    18.89 20.58 02a58930o0596c       0   31.236432
58930.538194 19.922338      NaN   -6.5    13 c    0    1.48 196.66427 -1.54845  9621.37  2131.31 2.66 2.22 -57.7 -0.419    19.06 20.72 02a58930o0624c       0   26.527621
58934.459045 17.288904      NaN  195.5    92 c    0    1.03 196.66427 -1.54845  1006.78  8354.79 2.90 2.40 -51.7 -0.425    17.35 19.14 02a58934o0506c       2   94.861555
58934.471871 17.075064      NaN -153.5   179 c    0    0.92 196.66427 -1.54845   966.98  8316.40 2.98 2.44 -51.5 -0.399    16.89 18.64 02a58934o0532c       2  180.487436
58934.478188 18.623526      NaN    7.5    43 c    0    0.90 196.66427 -1.54845  9625.74  2123.37 3.21 2.81 -60.0 -0.380    18.14 20.08 02a58934o0545c    8192   48.823301
58958.400089 20.321591      NaN  -29.5     9 c    0    1.21 196.66427 -1.54845  7954.46  4922.80 2.75 2.41  41.3 -0.376    19.63 21.41 02a58958o0377c       0   24.813599
58958.403831 20.207197      NaN    4.5    10 c    0    1.05 196.66427 -1.54845  7935.53  4883.36 2.74 2.39  40.3 -0.380    19.66 21.41 02a58958o0385c       0   25.193544
58958.409402 20.449472      NaN  -16.5     8 c    0    1.53 196.66427 -1.54845  7994.53  4963.02 2.77 2.41  41.1 -0.380    19.64 21.41 02a58958o0397c       0   24.468647
58958.422434 20.449472      NaN  -42.5     8 c    0    1.20 196.66427 -1.54845  8013.14  4847.71 2.67 2.39  44.5 -0.380    19.67 21.41 02a58958o0423c       0   24.468647
58962.420833 16.547464      NaN -917.5   291 c    0    0.49 196.66427 -1.54845  1975.91 10524.72 2.55 2.37 -59.9 -0.410    18.81 20.47 02a58962o0403c       2  291.917308
58962.428805 18.142010      NaN   -4.5    67 c    0    0.98 196.66427 -1.54845  2002.30   344.71 2.49 2.26 -72.1 -0.425    17.66 19.25 02a58962o0420c       2   70.878168
58962.431606 17.491297      NaN -338.5   122 c    0    1.39 196.66427 -1.54845  1984.34   306.20 2.46 2.26 -74.8 -0.414    16.54 18.04 02a58962o0426c       2  124.172117
58962.437304 17.574501      NaN  -96.5   113 c    0    0.88 196.66427 -1.54845  2042.73   383.80 2.50 2.29 -74.8 -0.411    17.15 18.70 02a58962o0438c       2  115.341730
58962.439165 16.912039      NaN -410.5   208 c    0    1.46 196.66427 -1.54845  2054.41 10484.21 2.56 2.30 -56.3 -0.387    16.52 18.01 02a58962o0442c       2  209.281425
58962.447939 18.280067      NaN   -1.5    59 c    0    1.33 196.66427 -1.54845  2063.02   267.67 2.44 2.22 -72.4 -0.415    17.55 19.05 02a58962o0461c    8192   63.369667
58966.394658 20.321591      NaN   21.5     9 c    0    2.22 196.66427 -1.54845  2005.68   341.85 2.62 2.27 -56.8 -0.400    19.72 21.54 02a58966o0361c 8388608   24.813599
58966.397401 22.707197      NaN -492.5     1 c    0 1119.30 196.66427 -1.54845  1980.15 10525.14 2.55 2.33 -42.0 -0.419    19.67 21.49 02a58966o0367c 8392704   23.145511
58966.397857 19.791368      NaN   50.5     8 c    0    3.05 196.66427 -1.54845  1987.54   303.13 2.69 2.30 -58.5 -0.395    19.73 21.54 02a58966o0368c 8388608   24.468647
58966.404323 20.449472      NaN   25.5     8 c    0    1.86 196.66427 -1.54845  2046.84   381.23 2.68 2.28 -56.4 -0.398    19.69 21.51 02a58966o0382c 8388608   24.468647
58966.414000 20.009244      NaN -116.5    12 c    0    1.65 196.66427 -1.54845  2056.97 10483.62 2.50 2.31 -57.8 -0.418    19.68 21.44 02a58966o0403c 8392704   26.052153
58966.415848 19.894850      NaN   40.5    10 c    0    1.58 196.66427 -1.54845  2063.01   263.54 2.49 2.27 -70.4 -0.398    19.71 21.48 02a58966o0407c 8388608   25.193544
58982.368870 20.321591      NaN   24.5     9 c    0    1.55 196.66427 -1.54845  5901.06   161.43 2.65 2.19 -57.5 -0.420    19.74 21.72 02a58982o0277c       0   24.813599
58982.370281 20.009244      NaN    9.5    12 c    0    1.30 196.66427 -1.54845  5906.95 10362.05 2.61 2.49 -63.8 -0.423    19.76 21.66 02a58982o0280c       0   26.052153
58982.374335 20.321591      NaN  -15.5     9 c    0    1.71 196.66427 -1.54845  5883.27   119.57 2.62 2.19 -56.0 -0.433    19.75 21.71 02a58982o0288c       0   24.813599
58982.377101 20.207197      NaN  -23.5    10 c    0    1.50 196.66427 -1.54845  5887.59 10320.20 2.60 2.51 -63.6 -0.415    19.74 21.66 02a58982o0294c       0   25.193544
58982.378020 20.321591      NaN  -16.5     9 c    0    1.22 196.66427 -1.54845  5940.21   197.54 2.57 2.16 -58.0 -0.417    19.76 21.71 02a58982o0296c       0   24.813599
58982.383140 20.321591      NaN   -9.5     9 c    0    1.15 196.66427 -1.54845  5944.08 10397.71 2.59 2.48 -64.7 -0.420    19.76 21.65 02a58982o0307c       0   24.813599
58982.392635 20.321591      NaN  -23.5     9 c    0    1.44 196.66427 -1.54845  5963.11    81.68 2.57 2.18 -58.4 -0.408    19.72 21.70 02a58982o0327c       0   24.813599
58982.396804 20.321591      NaN   -8.5     9 c    0    1.33 196.66427 -1.54845  5966.45 10279.21 2.65 2.46 -52.9 -0.432    19.70 21.62 02a58982o0336c       0   24.813599
58986.383169 20.207197      NaN  -11.5    10 c    0    0.95 196.66427 -1.54845 10000.80  6768.98 2.85 2.68 -75.0 -0.395    19.71 21.62 02a58986o0327c       0   25.193544
58986.386372 20.207197      NaN  -36.5    10 c    0    1.20 196.66427 -1.54845  9981.32  6728.98 2.85 2.67 -75.5 -0.396    19.64 21.63 02a58986o0334c       0   25.193544
58986.391971 20.207197      NaN    4.5    10 c    0    0.94 196.66427 -1.54845 10041.19  6808.58 2.71 2.54 -69.6 -0.405    19.75 21.64 02a58986o0346c       0   25.193544
58986.406703 20.321591      NaN  -10.5     9 c    0    1.49 196.66427 -1.54845 10058.69  6689.28 2.86 2.60 -65.1 -0.402    19.71 21.60 02a58986o0378c       0   24.813599
58990.345134 20.449472      NaN  -24.5     8 c    0    1.65 196.66427 -1.54845 10005.58  6762.55 2.72 2.60 -83.0 -0.405    19.74 21.60 02a58990o0241c       0   24.468647
58990.348336 20.321591      NaN   -4.5     9 c    0    1.60 196.66427 -1.54845  9986.70  6723.53 2.76 2.66 -84.7 -0.402    19.73 21.60 02a58990o0248c       0   24.813599
58990.355683 20.321591      NaN   12.5     9 c    0    1.20 196.66427 -1.54845 10046.07  6802.52 2.74 2.59 -76.5 -0.404    19.73 21.60 02a58990o0264c       0   24.813599
58990.369130 20.449472      NaN   -0.5     8 c    0    2.25 196.66427 -1.54845 10067.16  6687.04 2.70 2.60  84.4 -0.396    19.71 21.59 02a58990o0293c       0   24.468647
58994.350528 20.449472      NaN   -8.5     8 c    0    1.35 196.66427 -1.54845  5676.55  2400.97 2.50 2.38 -72.9 -0.395    19.65 21.44 02a58994o0246c       0   24.468647
58994.356055 20.321591      NaN   11.5     9 c    0    1.13 196.66427 -1.54845  5658.06  2361.19 2.47 2.33 -73.7 -0.395    19.69 21.44 02a58994o0258c       0   24.813599
58994.362056 20.449472      NaN    7.5     8 c    0    1.26 196.66427 -1.54845  5716.49  2441.60 2.43 2.33 -84.2 -0.398    19.66 21.44 02a58994o0271c       0   24.468647
58994.379112 20.449472      NaN  -31.5     8 c    0    1.71 196.66427 -1.54845  5739.48  2322.88 2.54 2.44 -77.6 -0.391    19.62 21.43 02a58994o0308c       0   24.468647
59022.290819 20.321591      NaN   23.5     9 c    0    1.08 196.66427 -1.54845  3676.82  4624.39 2.45 2.29  54.7 -0.403    19.72 21.49 02a59022o0103c       0   24.813599
59022.294062 20.449472      NaN  -18.5     8 c    0    1.66 196.66427 -1.54845  3657.33  4584.49 2.45 2.36  56.0 -0.399    19.68 21.50 02a59022o0110c       0   24.468647
59022.300483 20.449472      NaN   12.5     8 c    0    1.70 196.66427 -1.54845  3715.85  4662.52 2.45 2.31  58.4 -0.396    19.72 21.52 02a59022o0124c       0   24.468647
59022.310647 20.449472      NaN  -12.5     8 c    0    1.61 196.66427 -1.54845  3735.53  4547.74 2.47 2.39  62.2 -0.399    19.66 21.52 02a59022o0146c       0   24.468647
59042.295882 20.009244      NaN  -11.5    12 c    0    1.31 196.66427 -1.54845  3767.96  6568.02 2.48 2.26  46.2 -0.386    19.51 21.13 02a59042o0114c       0   26.052153
59042.299099 20.449472      NaN    3.5     8 c    0    2.23 196.66427 -1.54845  3750.22  6529.22 2.44 2.27  54.4 -0.392    19.54 21.14 02a59042o0121c       0   24.468647
59042.304637 20.103715      NaN  -18.5    11 c    0    1.53 196.66427 -1.54845  3806.81  6607.95 2.62 2.31  46.3 -0.378    19.48 21.13 02a59042o0133c       0   25.606926
59042.317065 20.009244      NaN   12.5    12 c    0    1.41 196.66427 -1.54845  3829.76  6490.09 2.47 2.36  44.3 -0.390    19.42 21.06 02a59042o0160c       0   26.052153
59050.252736 18.978793      NaN  -47.5    31 c    0    0.83 196.66427 -1.54845    56.69   423.47 2.77 2.44 -62.0 -0.414    18.63 19.80 02a59050o0024c       0   38.674471
59050.256394 18.878500      NaN   57.5    25 c    0    1.11 196.66427 -1.54845    37.38   382.57 2.66 2.36 -62.1 -0.430    19.11 20.43 02a59050o0032c       0   34.054584
59050.262906 20.103715      NaN  -11.5    11 c    0    1.71 196.66427 -1.54845    98.07   461.67 2.66 2.37 -62.8 -0.407    19.41 21.02 02a59050o0046c       0   25.606926
59050.264279 20.009244      NaN    6.5    12 c    0    1.83 196.66427 -1.54845 10246.76   441.28 2.67 2.12 -52.1 -0.425    19.51 21.18 02a59050o0049c       0   26.052153
59050.267948 19.241693      NaN   61.5    14 c    0    1.07 196.66427 -1.54845 10227.70   404.17 2.74 2.23 -52.6 -0.415    19.49 21.25 02a59050o0057c       0   27.031735
59050.272979 20.207197      NaN   19.5    10 c    0    1.28 196.66427 -1.54845   116.44   342.91 2.66 2.39 -64.6 -0.416    19.39 21.15 02a59050o0068c       0   25.193544
59050.273437 19.922338      NaN   -2.5    13 c    0    1.52 196.66427 -1.54845 10284.76   482.89 2.85 2.30 -49.0 -0.398    19.48 21.27 02a59050o0069c       0   26.527621
59050.284506 19.766969      NaN  -10.5    15 c    0    1.38 196.66427 -1.54845 10307.59   361.95 2.84 2.20 -50.6 -0.435    19.49 21.22 02a59050o0093c       0   27.562922
59074.241415 18.298627      NaN  -25.5    58 c    0    0.96 196.66427 -1.54845  5615.75  4548.09 2.70 2.40  45.2 -0.372    17.48 18.70 02a59074o0022c       0   62.439688
59074.244616 18.343209      NaN   86.5    37 c    0    0.81 196.66427 -1.54845  5596.01  4508.36 2.69 2.41  43.1 -0.380    18.19 19.40 02a59074o0029c       0   43.631579
59074.250581 19.631075      NaN   -0.5    17 c    0    1.45 196.66427 -1.54845  5654.10  4584.17 2.70 2.43  46.0 -0.375    18.89 20.24 02a59074o0042c       0   28.700430
59074.261161 19.766969      NaN   22.5    15 c    0    1.11 196.66427 -1.54845  5673.07  4467.92 2.47 2.42  38.4 -0.391    19.13 20.52 02a59074o0065c       0   27.562922
59198.608686 19.089302      NaN  -27.5    28 c    0    1.56 196.66427 -1.54845  4881.63  8155.16 2.56 2.49  24.6 -0.397    18.44 19.97 02a59198o0917c       0   36.314111
59198.611887 19.128787      NaN  -51.5    27 c    0    1.68 196.66427 -1.54845  4900.78  8194.07 2.62 2.52  32.2 -0.397    18.49 20.05 02a59198o0924c       0   35.548765
59198.619718 19.766969      NaN   23.5    15 c    0    1.42 196.66427 -1.54845  4842.36  8116.38 2.58 2.47  24.0 -0.391    19.02 20.55 02a59198o0941c       0   27.562922
59198.634414 17.613631      NaN  165.5    64 c    0    0.73 196.66427 -1.54845  4823.14  8232.10 2.52 2.44  29.7 -0.403    18.63 20.16 02a59198o0973c       2   68.049355
59204.642127 20.321591      NaN   -1.5     9 c    0    1.73 196.66427 -1.54845  8076.95  6855.03 2.72 2.51  -0.4 -0.360    19.58 21.22 01a59204o0908c       0   24.813599
59204.646310 20.207197      NaN   20.5    10 c    0    1.19 196.66427 -1.54845  8058.00  6816.49 2.61 2.48  -8.0 -0.350    19.58 21.21 01a59204o0917c       0   25.193544
59204.653761 20.321591      NaN   -7.5     9 c    0    1.52 196.66427 -1.54845  8117.42  6894.41 2.62 2.52 -13.5 -0.349    19.56 21.13 01a59204o0933c       0   24.813599
59204.662529 19.491430      NaN   37.5    17 c    0    1.07 196.66427 -1.54845  8135.92  6776.45 3.04 2.52  -4.7 -0.391    19.10 20.29 01a59204o0952c       0   28.700430
59206.602116 20.103715      NaN   14.5    11 c    0    1.11 196.66427 -1.54845  2947.20  8254.51 2.44 2.41 -32.2 -0.395    19.52 21.17 02a59206o0879c       0   25.606926
59206.605337 20.009244      NaN   22.5    12 c    0    1.18 196.66427 -1.54845  2967.03  8293.07 2.39 2.30 -45.3 -0.409    19.57 21.17 02a59206o0886c       0   26.052153
59206.611757 20.321591      NaN   20.5     9 c    0    2.39 196.66427 -1.54845  2909.35  8214.93 2.37 2.33 -37.0 -0.403    19.59 21.17 02a59206o0900c       0   24.813599
59206.621578 20.039830      NaN   32.5    11 c    0    1.35 196.66427 -1.54845  2889.20  8331.71 2.47 2.43  -4.8 -0.401    19.57 21.21 02a59206o0921c       0   25.606926
59208.638605 20.449472      NaN   12.5     8 c    0    1.43 196.66427 -1.54845  3758.14  2502.72 2.54 2.40  -4.4 -0.379    19.64 21.34 01a59208o0941c       0   24.468647
59208.646015 20.449472      NaN    4.5     8 c    0    1.34 196.66427 -1.54845  3738.17  2463.75 2.50 2.33  -0.2 -0.385    19.64 21.34 01a59208o0957c       0   24.468647
59208.657886 20.103715      NaN    8.5    11 c    0    1.29 196.66427 -1.54845  3796.87  2544.10 2.83 2.49  -0.9 -0.357    19.42 21.09 01a59208o0982c       0   25.606926
59208.661853 20.009244      NaN   11.5    12 c    0    1.60 196.66427 -1.54845  3817.08  2425.71 2.57 2.46  -7.9 -0.374    19.33 20.63 01a59208o0990c       0   26.052153
59224.603377 19.674510 0.265895   79.5    12 c    0    1.42 196.66427 -1.54845  9574.88  2191.14 2.62 2.43 -57.5 -0.369    19.78 21.53 01a59224o0818c       0   26.052153
59224.608920 20.321591      NaN    8.5     9 c    0    1.30 196.66427 -1.54845  9554.74  2153.24 2.70 2.61 -30.5 -0.358    19.72 21.52 01a59224o0830c       0   24.813599
59224.619066 20.207197      NaN   28.5    10 c    0    0.98 196.66427 -1.54845  9613.77  2230.99 2.84 2.61 -31.1 -0.369    19.71 21.56 01a59224o0852c       0   25.193544
59224.625515 20.207197      NaN   25.5    10 c    0    1.07 196.66427 -1.54845  9633.70  2114.00 3.02 2.69  -4.8 -0.343    19.67 21.57 01a59224o0866c       0   25.193544
59226.599331 20.449472      NaN  -27.5     8 c    0    2.61 196.66427 -1.54845  8648.71  1955.85 2.51 2.27 -51.0 -0.400    19.71 21.60 02a59226o0875c       0   24.468647
59226.602533 20.321591      NaN   14.5     9 c    0    1.36 196.66427 -1.54845  8668.04  1995.20 2.47 2.22 -55.1 -0.401    19.76 21.60 02a59226o0882c       0   24.813599
59226.605290 20.449472      NaN   20.5     8 c    0    1.85 196.66427 -1.54845  8609.90  1917.98 2.48 2.21 -55.8 -0.407    19.76 21.60 02a59226o0888c       0   24.468647
59226.613928 20.449472      NaN   12.5     8 c    0    1.63 196.66427 -1.54845  8588.83  2036.43 2.48 2.25 -59.8 -0.405    19.76 21.61 02a59226o0906c       0   24.468647
59228.582065 20.321591      NaN   -2.5     9 c    0    1.33 196.66427 -1.54845  9570.51  2193.85 3.06 2.83 -51.7 -0.340    19.62 21.73 01a59228o0553c       0   24.813599
59228.583909 20.207197      NaN    8.5    10 c    0    1.20 196.66427 -1.54845  9551.35  2155.34 3.03 2.80 -59.6 -0.351    19.63 21.73 01a59228o0557c       0   25.193544
59228.589296 20.207197      NaN    1.5    10 c    0    1.19 196.66427 -1.54845  9612.65  2232.54 3.03 2.81 -64.6 -0.341    19.65 21.70 01a59228o0568c       0   25.193544
59228.600403 20.207197      NaN   12.5    10 c    0    1.10 196.66427 -1.54845  9635.77  2116.14 2.87 2.64 -44.5 -0.353    19.65 21.68 01a59228o0592c       0   25.193544
59230.559998 20.321591      NaN    4.5     9 c    0    1.36 196.66427 -1.54845  8646.44  1958.78 2.53 2.47 -47.4 -0.394    19.65 21.52 02a59230o0782c       0   24.813599
59230.562743 20.207197      NaN   -5.5    10 c    0    1.37 196.66427 -1.54845  8666.83  1997.18 2.54 2.40 -59.8 -0.397    19.67 21.54 02a59230o0788c       0   25.193544
59230.565494 20.207197      NaN  -15.5    10 c    0    1.63 196.66427 -1.54845  8608.87  1918.98 2.63 2.50 -60.2 -0.396    19.68 21.57 02a59230o0794c       0   25.193544
59230.570528 20.321591      NaN    9.5     9 c    0    1.60 196.66427 -1.54845  8588.24  2036.46 2.54 2.42 -59.1 -0.395    19.70 21.63 02a59230o0805c       0   24.813599
59232.567828 20.103715      NaN  -19.5    11 c    0    1.14 196.66427 -1.54845 10129.12  8701.90 3.28 2.46 -84.5 -0.368    19.58 21.52 01a59232o0670c       0   25.606926
59232.571652 20.207197      NaN   20.5    10 c    0    1.55 196.66427 -1.54845 10107.90  8662.41 3.27 2.31 -83.7 -0.386    19.59 21.52 01a59232o0677c       0   25.193544
59232.597477 20.449472      NaN   -0.5     8 c    0    1.64 196.66427 -1.54845 10173.33  8739.80 2.98 2.13 -85.1 -0.384    19.72 21.58 01a59232o0691c       0   24.468647
59232.598401 19.026525      NaN   74.5    15 c    0    1.03 196.66427 -1.54845    39.68  8639.37 2.78 2.28 -84.3 -0.415    19.72 21.63 01a59232o0693c       0   27.562922
59232.603009 20.449472      NaN   -6.5     8 c    0    1.61 196.66427 -1.54845 10191.13  8622.66 2.98 2.43 -84.1 -0.360    19.68 21.59 01a59232o0702c       0   24.468647
59234.598062 20.103715      NaN   13.5    11 c    0    1.25 196.66427 -1.54845  8703.28  3865.79 2.37 2.36  74.5 -0.391    19.43 21.23 02a59234o0622c    8192   25.606926
59234.608155 18.298627      NaN  -30.5    58 c    0    1.61 196.66427 -1.54845  8686.55  3982.09 2.41 2.40 -78.6 -0.411    17.09 18.82 02a59234o0644c    8192   62.439688
59256.536161 19.631075      NaN   22.5    17 c    0    1.69 196.66427 -1.54845  2005.30 10524.90 2.74 2.45 -58.7 -0.385    19.65 21.90 01a59256o0711c       0   28.700430
59256.539387 20.321591      NaN    1.5     9 c    0    1.39 196.66427 -1.54845  2001.81   349.23 2.65 2.51  34.3 -0.399    19.71 21.94 01a59256o0718c       0   24.813599
59256.541226 20.207197      NaN   11.5    10 c    0    1.17 196.66427 -1.54845  1981.80   309.91 2.73 2.60  36.8 -0.390    19.72 21.94 01a59256o0722c       0   25.193544
59256.543987 20.449472      NaN   11.5     8 c    0    1.30 196.66427 -1.54845  2040.62   388.70 2.67 2.54  29.5 -0.399    19.72 21.95 01a59256o0728c       0   24.468647
59256.544448 20.103715      NaN   -0.5    11 c    0    1.86 196.66427 -1.54845  2084.53 10484.41 2.68 2.41 -56.3 -0.385    19.69 21.91 01a59256o0729c       0   25.606926
59256.551830 20.207197      NaN  -33.5    10 c    0    0.98 196.66427 -1.54845  2059.60   271.68 2.74 2.61  30.2 -0.394    19.72 21.97 01a59256o0745c       0   25.193544
59258.514181 20.009244      NaN  -15.5    12 c    0    0.87 196.66427 -1.54845   662.65  5734.49 2.78 2.73 -41.9 -0.387    19.56 21.58 02a59258o0643c       0   26.052153
59258.516478 20.207197      NaN   10.5    10 c    0    1.08 196.66427 -1.54845   682.17  5774.63 2.63 2.60 -10.0 -0.385    19.65 21.59 02a59258o0648c       0   25.193544
59258.519713 20.449472      NaN  -15.5     8 c    0    2.07 196.66427 -1.54845   623.59  5697.09 2.69 2.60 -40.6 -0.381    19.59 21.59 02a59258o0655c       0   24.468647
59258.525210 20.449472      NaN   23.5     8 c    0    1.56 196.66427 -1.54845   603.29  5812.60 2.79 2.75 -21.7 -0.371    19.54 21.60 02a59258o0667c       0   24.468647
59260.477333 20.207197      NaN   -6.5    10 c    0    1.12 196.66427 -1.54845  2005.51   342.82 2.89 2.69  41.0 -0.374    19.62 21.74 01a59260o0478c       0   25.193544
59260.484324 20.449472      NaN  -12.5     8 c    0    1.90 196.66427 -1.54845  1984.12   306.52 2.84 2.66  32.1 -0.393    19.61 21.75 01a59260o0493c       0   24.468647
59260.509400 20.449472      NaN    4.5     8 c    0    1.69 196.66427 -1.54845  2042.94   379.96 2.83 2.56  42.2 -0.380    19.66 21.86 01a59260o0546c       0   24.468647
59260.513575 20.321591      NaN   -3.5     9 c    0    1.48 196.66427 -1.54845  2062.83   268.82 2.90 2.69  29.0 -0.392    19.65 21.87 01a59260o0555c       0   24.813599
59260.522329 19.569016      NaN  -19.5    18 c    0    1.60 196.66427 -1.54845  2006.27 10523.27 3.22 2.95 -56.1 -0.357    19.51 21.83 01a59260o0574c       0   29.303834
59260.531572 19.922338      NaN   -7.5    13 c    0    1.21 196.66427 -1.54845  2086.88 10484.21 2.94 2.69 -48.1 -0.388    19.61 21.85 01a59260o0594c       0   26.527621
59262.544368 20.207197      NaN   -7.5    10 c    0    1.00 196.66427 -1.54845   672.29  5733.76 2.37 2.26 -13.8 -0.453    19.66 21.46 02a59262o0718c       0   25.193544
59262.546677 20.009244      NaN   10.5    12 c    0    1.11 196.66427 -1.54845   692.89  5771.98 2.35 2.27 -19.1 -0.397    19.42 21.17 02a59262o0723c       0   26.052153
59262.563359 19.894850      NaN   40.5    10 c    0    1.59 196.66427 -1.54845   630.64  5696.70 2.43 2.31 -20.5 -0.396    19.62 21.47 02a59262o0758c       0   25.193544
59262.567020 20.594452      NaN    6.5     7 c    0    1.62 196.66427 -1.54845   611.49  5812.88 2.39 2.26 -24.9 -0.389    19.77 21.62 02a59262o0766c       0   24.160188
59264.500086 18.158337      NaN   66.5    54 c    0    0.89 196.66427 -1.54845  5707.86  6459.12 2.30 2.19 -57.6 -0.369    17.63 19.62 01a59264o0621c       0   58.742784
59264.504692 18.376212      NaN  -14.5    54 c    0    1.23 196.66427 -1.54845  5689.73  6423.69 2.39 2.27 -47.5 -0.352    17.64 19.59 01a59264o0631c       0   58.742784
59264.510245 16.052665      NaN -245.5   459 c    0    0.74 196.66427 -1.54845  5748.06  6499.56 2.39 2.27 -44.9 -0.366    15.33 17.32 01a59264o0643c       2  459.582109
59264.662305 20.207197      NaN    6.5    10 c    0    1.25 196.66427 -1.54845  4787.34  4184.18 2.46 2.30  -9.0 -0.344    19.28 20.44 01a59264o0675c       0   25.193544
59308.397562 20.449472      NaN    9.5     8 c    0    1.64 196.66427 -1.54845  3949.51   256.14 2.27 2.16   3.1 -0.404    19.91 21.53 01a59308o0179c       0   24.468647
59308.398023 20.207197      NaN  -38.5    10 c    0    1.87 196.66427 -1.54845  3979.20 10452.71 2.29 2.10 -60.5 -0.396    19.86 21.45 01a59308o0180c       0   25.193544
59308.400323 20.594452      NaN   -8.5     7 c    0    2.75 196.66427 -1.54845  3959.93 10413.00 2.18 1.95 -51.7 -0.408    19.87 21.45 01a59308o0185c       0   24.160188
59308.400784 20.449472      NaN   25.5     8 c    0    1.58 196.66427 -1.54845  3929.42   216.33 2.18 2.03   3.2 -0.416    19.97 21.53 01a59308o0186c       0   24.468647
59308.403089 20.103715      NaN  -48.5    11 c    0    1.55 196.66427 -1.54845  4019.48 10492.75 2.18 1.95 -54.9 -0.402    19.88 21.46 01a59308o0191c       0   25.606926
59308.403549 20.362567      NaN   35.5     7 c    0    2.43 196.66427 -1.54845  3988.17   295.50 2.19 2.04  11.6 -0.414    19.94 21.55 01a59308o0192c       0   24.160188
59308.437492 20.449472      NaN    8.5     8 c    0    2.24 196.66427 -1.54845  6479.07   207.54 2.31 2.09 -23.9 -0.400    19.92 21.45 01a59308o0264c       0   24.468647
59308.438472 20.594452      NaN   -4.5     7 c    0    2.66 196.66427 -1.54845  6567.06 10402.26 2.25 2.09 -72.5 -0.367    19.95 21.55 01a59308o0266c       0   24.160188
59312.395847 20.594452      NaN    1.5     7 c    0    2.07 196.66427 -1.54845  3671.18  4626.03 2.21 2.13 -85.7 -0.395    19.95 21.73 01a59312o0385c       0   24.160188
59312.398149 20.594452      NaN   -2.5     7 c    0    1.74 196.66427 -1.54845  3652.78  4588.70 2.25 2.18 -73.7 -0.395    19.95 21.74 01a59312o0390c       0   24.160188
59312.400914 20.594452      NaN   10.5     7 c    0    2.12 196.66427 -1.54845  3709.91  4664.52 2.26 2.17 -82.1 -0.392    19.92 21.71 01a59312o0396c       0   24.160188
59312.430019 20.959772      NaN  -22.5     5 c    0    2.29 196.66427 -1.54845  6816.74  6025.41 2.33 2.17 -71.5 -0.391    19.99 21.69 01a59312o0458c       0   23.658290
59338.452059 20.009244      NaN  -48.5    12 c    0    1.37 196.66427 -1.54845 10115.93  8721.93 2.81 2.65 -56.1 -0.383    19.46 21.09 02a59338o0408c       0   26.052153
59338.455720 19.922338      NaN  -29.5    13 c    0    1.24 196.66427 -1.54845 10094.71  8681.62 2.71 2.67  56.0 -0.380    19.39 21.03 02a59338o0416c       0   26.527621
59338.461504 19.841877      NaN    2.5    14 c    0    1.07 196.66427 -1.54845 10159.88  8766.44 2.83 2.68 -56.2 -0.380    19.40 21.01 02a59338o0428c       0   27.031735
59338.480239 20.009244      NaN   -0.5    12 c    0    1.78 196.66427 -1.54845 10175.20  8644.16 2.70 2.66 -42.1 -0.382    19.35 20.88 02a59338o0468c       0   26.052153
59342.379561 20.449472      NaN  -29.5     8 c    0    1.46 196.66427 -1.54845 10118.03  8716.60 2.82 2.68  45.2 -0.380    19.72 21.56 02a59342o0311c       0   24.468647
59342.401473 20.321591      NaN  -27.5     9 c    0    1.19 196.66427 -1.54845 10097.22  8680.73 2.78 2.67  54.9 -0.381    19.72 21.53 02a59342o0358c       0   24.813599
59342.404712 20.207197      NaN    9.5    10 c    0    1.25 196.66427 -1.54845 10157.77  8759.74 2.84 2.72  51.4 -0.375    19.64 21.52 02a59342o0365c       0   25.193544
59342.412042 20.207197      NaN    2.5    10 c    0    1.03 196.66427 -1.54845 10178.01  8643.09 2.84 2.73  52.4 -0.380    19.68 21.52 02a59342o0381c       0   25.193544
59346.365634 20.594452      NaN   -4.5     7 c    0    1.68 196.66427 -1.54845  1731.73  4721.78 2.43 2.38  50.4 -0.414    19.71 21.62 02a59346o0295c       0   24.160188
59346.368834 20.321591      NaN   -9.5     9 c    0    1.46 196.66427 -1.54845  1715.08  4681.81 2.43 2.35  44.9 -0.419    19.68 21.63 02a59346o0302c       0   24.813599
59346.375901 20.449472      NaN   -9.5     8 c    0    1.80 196.66427 -1.54845  1772.13  4758.97 2.41 2.27  44.8 -0.415    19.71 21.63 02a59346o0317c       0   24.468647
59346.410171 20.449472      NaN   15.5     8 c    0    1.73 196.66427 -1.54845  1786.00  4647.62 2.38 2.28  55.5 -0.418    19.67 21.49 02a59346o0391c       0   24.468647
59350.414877 20.207197      NaN  -19.5    10 c    0    1.22 196.66427 -1.54845  1729.34  4724.51 2.68 2.56  47.6 -0.390    19.51 21.32 02a59350o0245c       0   25.193544
59350.418081 20.207197      NaN    3.5    10 c    0    1.45 196.66427 -1.54845  1710.71  4685.79 2.57 2.41  43.0 -0.435    19.52 21.31 02a59350o0252c       0   25.193544
59350.438840 20.207197      NaN    2.5    10 c    0    1.58 196.66427 -1.54845  1775.35  4763.44 2.78 2.72 -71.0 -0.395    19.36 21.27 02a59350o0296c       0   25.193544
59350.446655 19.841877      NaN    6.5    14 c    0    0.85 196.66427 -1.54845  1794.06  4643.70 2.99 2.98 -55.6 -0.379    19.28 21.25 02a59350o0313c       0   27.031735
59368.372410 20.594452      NaN  -25.5     7 c    0    2.08 196.66427 -1.54845  4959.61  6036.88 2.21 2.03 -79.2 -0.385    19.95 21.71 01a59368o0298c       0   24.160188
59368.375635 20.449472      NaN   13.5     8 c    0    1.32 196.66427 -1.54845  4978.68  6074.65 2.27 2.08 -78.2 -0.381    19.93 21.69 01a59368o0305c       0   24.468647
59368.411005 20.594452      NaN    1.5     7 c    0    1.32 196.66427 -1.54845  4923.86  5998.48 2.36 2.11 -75.1 -0.382    19.82 21.56 01a59368o0381c       0   24.160188
59368.417924 20.594452      NaN   20.5     7 c    0    2.71 196.66427 -1.54845  4901.07  6113.63 2.23 2.05 -69.5 -0.384    19.87 21.54 01a59368o0396c       0   24.160188
59372.319884 20.594452      NaN    6.5     7 c    0    1.57 196.66427 -1.54845  4953.45  6039.00 2.26 2.03 -82.6 -0.384    19.98 21.77 01a59372o0181c       0   24.160188
59372.323571 20.137125      NaN   38.5     8 c    0    1.74 196.66427 -1.54845  4973.22  6078.57 2.26 2.06 -79.8 -0.389    19.97 21.77 01a59372o0189c       0   24.468647
59372.329153 20.594452      NaN    0.5     7 c    0    1.93 196.66427 -1.54845  4915.53  6000.71 2.23 2.02 -81.4 -0.386    20.00 21.76 01a59372o0201c       0   24.160188
59372.340267 20.594452      NaN   -2.5     7 c    0    2.12 196.66427 -1.54845  4896.91  6116.51 2.24 2.02 -80.2 -0.394    19.99 21.72 01a59372o0225c       0   24.160188
59376.324911 20.449472      NaN   26.5     8 c    0    1.46 196.66427 -1.54845  9355.70  8439.99 2.55 2.29  78.7 -0.364    19.88 21.57 01a59376o0190c       0   24.468647
59376.328142 20.449472      NaN   25.5     8 c    0    1.19 196.66427 -1.54845  9375.16  8479.54 2.51 2.21  80.9 -0.369    19.86 21.56 01a59376o0197c       0   24.468647
59376.333776 20.594452      NaN    5.5     7 c    0    2.12 196.66427 -1.54845  9315.95  8401.61 2.52 2.24  81.3 -0.365    19.88 21.55 01a59376o0209c       0   24.160188
59376.343918 20.449472      NaN    2.5     8 c    0    1.53 196.66427 -1.54845  9297.64  8518.65 2.52 2.26  81.7 -0.366    19.83 21.50 01a59376o0231c       0   24.468647
59380.287534 20.449472      NaN   15.5     8 c    0    1.72 196.66427 -1.54845  9347.82  8439.30 2.51 2.20  86.6 -0.375    19.80 21.34 01a59380o0106c       0   24.468647
59380.291685 20.449472      NaN    1.5     8 c    0    1.92 196.66427 -1.54845  9368.35  8479.25 2.52 2.20 -89.5 -0.371    19.77 21.33 01a59380o0115c       0   24.468647
59380.298135 20.321591      NaN  -11.5     9 c    0    1.19 196.66427 -1.54845  9308.71  8400.06 2.54 2.17  87.8 -0.373    19.69 21.19 01a59380o0129c       0   24.813599
59380.309684 20.207197      NaN    2.5    10 c    0    1.54 196.66427 -1.54845  9292.28  8517.03 2.58 2.21  88.6 -0.368    19.68 21.20 01a59380o0154c       0   25.193544
59394.351964 20.321591      NaN  -20.5     9 c    0    1.26 196.66427 -1.54845  5693.88  2406.69 2.48 2.31 -61.0 -0.398    19.57 21.22 02a59394o0235c       0   24.813599
59394.356155 20.103715      NaN  -35.5    11 c    0    1.17 196.66427 -1.54845  5674.39  2369.04 2.45 2.32 -59.4 -0.395    19.55 21.19 02a59394o0244c       0   25.606926
59394.363983 20.207197      NaN  -50.5    10 c    0    2.12 196.66427 -1.54845  5730.77  2446.02 2.43 2.32 -64.3 -0.397    19.51 21.11 02a59394o0261c       0   25.193544
59394.379687 19.922338      NaN   12.5    13 c    0    1.10 196.66427 -1.54845  5751.18  2328.91 2.54 2.34 -56.9 -0.392    19.19 20.52 02a59394o0295c       0   26.527621
59402.297702 19.922338      NaN   42.5     9 c    0    1.57 196.66427 -1.54845  7626.89  2310.40 2.48 2.16 -60.4 -0.402    19.58 21.16 02a59402o0120c       0   24.813599
59402.301372 20.009244      NaN   -0.5    12 c    0    1.07 196.66427 -1.54845  7608.84  2271.89 2.47 2.16 -58.0 -0.400    19.62 21.15 02a59402o0128c       0   26.052153
59402.306872 20.103715      NaN  -34.5    11 c    0    0.98 196.66427 -1.54845  7666.28  2349.76 2.50 2.21 -57.9 -0.398    19.61 21.16 02a59402o0140c       0   25.606926
59402.317878 20.207197      NaN  -17.5    10 c    0    1.84 196.66427 -1.54845  7686.25  2233.62 2.50 2.21 -57.5 -0.397    19.54 21.15 02a59402o0164c       0   25.193544
59406.254135 19.226921      NaN   38.5    22 c    0    0.99 196.66427 -1.54845  7633.01  2311.94 2.48 2.11 -62.2 -0.394    18.89 19.97 02a59406o0024c       0   31.917310
59406.257354 19.631075      NaN  -29.5    17 c    0    1.13 196.66427 -1.54845  7614.25  2272.67 2.64 2.28 -61.0 -0.392    19.03 20.35 02a59406o0031c       0   28.700430
59406.264698 19.401649      NaN   42.5    17 c    0    0.93 196.66427 -1.54845  7673.88  2350.41 2.81 2.43 -56.9 -0.393    19.13 20.78 02a59406o0047c       0   28.700430
59406.276224 20.321591      NaN   -7.5     9 c    0    1.29 196.66427 -1.54845  7696.27  2232.98 2.47 2.10 -57.1 -0.402    19.63 21.25 02a59406o0072c       0   24.813599
59424.259855 20.039830      NaN   35.5    10 c    0    1.14 196.66427 -1.54845  1010.53  8389.31 2.80 2.55 -62.7 -0.368    19.52 21.24 01a59424o0052c       0   25.193544
59424.263540 20.103715      NaN   -1.5    11 c    0    1.04 196.66427 -1.54845  1028.89  8425.45 2.85 2.57 -68.0 -0.363    19.57 21.28 01a59424o0060c       0   25.606926
59424.269549 20.009244      NaN    2.5    12 c    0    0.91 196.66427 -1.54845   970.49  8347.91 2.76 2.51 -69.7 -0.361    19.51 21.27 01a59424o0073c       0   26.052153
59424.280157 20.449472      NaN    5.5     8 c    0    2.21 196.66427 -1.54845   949.17  8464.79 2.46 2.22 -68.5 -0.379    19.67 21.22 01a59424o0096c       0   24.468647
59428.250412 20.103715      NaN  -11.5    11 c    0    2.34 196.66427 -1.54845  1013.54  8391.16 2.49 2.23 -68.9 -0.387    19.33 20.44 01a59428o0037c       0   25.606926
59428.254554 20.207197      NaN  -50.5    10 c    0    1.71 196.66427 -1.54845  1033.60  8428.98 2.53 2.27 -69.2 -0.386    19.46 20.79 01a59428o0046c       0   25.193544
59428.260078 19.922338      NaN   12.5    13 c    0    1.15 196.66427 -1.54845   974.24  8351.51 2.75 2.51 -69.7 -0.385    19.45 20.94 01a59428o0058c       0   26.527621
59428.271603 20.207197      NaN    8.5    10 c    0    2.27 196.66427 -1.54845   954.09  8467.80 2.67 2.40 -67.5 -0.387    19.48 20.88 01a59428o0083c       0   25.193544
59432.241311 18.910912      NaN   39.5    30 c    0    1.50 196.66427 -1.54845   418.87  1886.90 2.37 2.26  47.4 -0.392    18.31 18.74 01a59432o0020c       0   37.877628
59432.244534 19.510313      NaN    1.5    19 c    0    1.81 196.66427 -1.54845   436.96  1924.16 2.51 2.32  60.2 -0.384    18.83 19.51 01a59432o0027c       0   29.928493
59432.250060 19.922338      NaN   29.5    13 c    0    1.16 196.66427 -1.54845   376.98  1843.71 2.35 2.18  60.0 -0.419    19.37 20.40 01a59432o0039c       0   26.527621
59432.260202 20.207197      NaN    1.5    10 c    0    1.96 196.66427 -1.54845   359.07  1958.78 2.50 2.29  56.2 -0.377    19.48 20.83 01a59432o0061c       0   25.193544
59586.578663 20.321591      NaN    6.5     9 c    0    1.62 196.66427 -1.54845   555.82  3794.45 2.34 2.21 -52.8 -0.427    19.52 21.40 02a59586o0792c       0   24.813599
59586.581863 20.321591      NaN  -38.5     9 c    0    1.44 196.66427 -1.54845   575.50  3833.18 2.29 2.20 -53.8 -0.425    19.60 21.42 02a59586o0799c       0   24.813599
59586.587366 20.321591      NaN    2.5     9 c    0    1.55 196.66427 -1.54845   516.59  3754.80 2.27 2.18 -52.3 -0.421    19.58 21.43 02a59586o0811c       0   24.813599
59586.599276 20.207197      NaN  -13.5    10 c    0    1.86 196.66427 -1.54845   496.94  3869.14 2.29 2.19 -53.1 -0.423    19.60 21.44 02a59586o0837c       0   25.193544
59612.613605 20.207197      NaN   25.5    10 c    0    1.61 196.66427 -1.54845  3969.19   247.40 2.54 2.26 -71.5 -0.423    19.66 21.62 02a59612o0882c       0   25.193544
59612.619592 19.868040      NaN   38.5    11 c    0    1.14 196.66427 -1.54845  3948.92   209.63 2.51 2.23 -67.9 -0.423    19.70 21.61 02a59612o0895c       0   25.606926
59612.622809 20.321591      NaN   -8.5     9 c    0    1.97 196.66427 -1.54845  4007.42   289.89 2.51 2.22 -64.2 -0.422    19.71 21.62 02a59612o0902c       0   24.813599
59612.629694 19.841877      NaN  -36.5    14 c    0    1.40 196.66427 -1.54845  3969.32 10452.99 2.52 2.44 -38.9 -0.401    19.67 21.56 02a59612o0917c       0   27.031735
59612.632898 20.321591      NaN   12.5     9 c    0    1.87 196.66427 -1.54845  4028.29   171.97 2.51 2.23 -66.9 -0.419    19.69 21.59 02a59612o0924c       0   24.813599
59612.633355 19.766969      NaN   39.5    12 c    0    1.69 196.66427 -1.54845  3951.05 10415.17 2.51 2.40 -39.7 -0.404    19.70 21.55 02a59612o0925c       0   26.052153
59612.643184 19.569016      NaN  -51.5    18 c    0    1.55 196.66427 -1.54845  4009.68 10496.95 2.59 2.49 -49.4 -0.392    19.65 21.58 02a59612o0946c       0   29.303834
59612.652006 20.009244      NaN   20.5    12 c    0    1.18 196.66427 -1.54845  4031.17 10378.05 2.61 2.49 -51.9 -0.404    19.65 21.57 02a59612o0965c       0   26.052153
59616.621225 19.696897      NaN  -16.5    16 c    0    1.52 196.66427 -1.54845  3969.00 10455.18 2.61 2.53 -48.7 -0.381    19.57 21.35 02a59616o0848c       0   28.119649
59616.627345 19.841877      NaN   16.5    14 c    0    1.23 196.66427 -1.54845  3949.39 10411.06 2.72 2.59 -50.8 -0.404    19.49 21.35 02a59616o0861c       0   27.031735
59616.631009 19.454622      NaN  -66.5    20 c    0    1.62 196.66427 -1.54845  4008.66 10497.08 2.69 2.58 -51.8 -0.381    19.55 21.36 02a59616o0869c       0   30.573104
59616.641176 19.922338      NaN   18.5    13 c    0    1.66 196.66427 -1.54845  4030.76 10377.58 2.88 2.74 -60.0 -0.394    19.47 21.33 02a59616o0891c       0   26.527621
59616.642094 20.103715      NaN    8.5    11 c    0    1.40 196.66427 -1.54845  3972.42   250.95 2.59 2.34 -72.7 -0.415    19.56 21.38 02a59616o0893c       0   25.606926
59616.647185 19.791368      NaN   35.5    13 c    0    1.00 196.66427 -1.54845  3954.42   210.22 2.69 2.47 -76.8 -0.405    19.52 21.37 02a59616o0904c       0   26.527621
59616.653331 20.039830      NaN   32.5    11 c    0    1.79 196.66427 -1.54845  4012.32   292.09 2.67 2.43 -71.7 -0.415    19.48 21.32 02a59616o0917c       0   25.606926
59616.659479 19.472870      NaN   53.5    12 c    0    1.45 196.66427 -1.54845  4031.80   173.19 2.61 2.36 -73.4 -0.407    19.50 21.25 02a59616o0930c       0   26.052153
59617.078432 20.103715      NaN   19.5    11 c    0    1.07 196.66427 -1.54845  7980.39  4975.37 2.51 2.24 -89.4 -0.407    19.47 21.48 03a59617o0625c       0   25.606926
59617.081243 20.207197      NaN   15.5    10 c    0    1.53 196.66427 -1.54845  7962.27  4935.30 2.49 2.23  89.3 -0.424    19.47 21.48 03a59617o0631c       0   25.193544
59617.105413 20.321591      NaN  -25.5     9 c    0    2.13 196.66427 -1.54845  8021.52  5007.57 2.56 2.28 -88.9 -0.396    19.47 21.45 03a59617o0683c       0   24.813599
59617.128767 19.510313      NaN  -10.5    19 c    0    1.19 196.66427 -1.54845  2491.59  5662.67 2.68 2.25 -89.2 -0.387    18.83 19.96 03a59617o0733c       0   29.928493
59620.553756 20.449472      NaN  -14.5     8 c    0    1.92 196.66427 -1.54845  6904.98  5934.21 2.49 2.40  45.5 -0.413    19.67 21.46 02a59620o0722c       0   24.468647
59620.556498 20.321591      NaN   28.5     9 c    0    1.65 196.66427 -1.54845  6925.26  5974.75 2.59 2.40  35.4 -0.404    19.67 21.47 02a59620o0728c       0   24.813599
59620.560154 20.321591      NaN   -9.5     9 c    0    1.86 196.66427 -1.54845  6866.96  5896.16 2.64 2.39  35.2 -0.402    19.63 21.47 02a59620o0736c       0   24.813599
59620.588438 20.207197      NaN   21.5    10 c    0    1.08 196.66427 -1.54845  3732.17  4537.32 2.71 2.52  37.8 -0.406    19.55 21.49 02a59620o0796c       0   25.193544
59621.070126 20.449472      NaN    1.5     8 c    0    1.93 196.66427 -1.54845  7977.43  4975.33 2.38 2.11  83.9 -0.445    19.66 21.78 03a59621o0042c       0   24.468647
59621.073315 20.321591      NaN   30.5     9 c    0    1.52 196.66427 -1.54845  7959.66  4936.28 2.41 2.19  87.9 -0.441    19.68 21.76 03a59621o0049c       0   24.813599
59621.078405 20.321591      NaN    6.5     9 c    0    1.56 196.66427 -1.54845  8018.41  5012.33 2.38 2.13  86.1 -0.432    19.68 21.77 03a59621o0060c       0   24.813599
59621.095403 20.207197      NaN   -1.5    10 c    0    1.65 196.66427 -1.54845  8050.19  4892.92 2.46 2.16 -87.5 -0.412    19.66 21.77 03a59621o0097c       0   25.193544
59636.542754 20.594452      NaN  -16.5     7 c    0    1.87 196.66427 -1.54845  1835.42  6644.47 2.42 2.34  31.9 -0.428    19.66 21.56 02a59636o0712c       0   24.160188
59636.545968 20.321591      NaN   22.5     9 c    0    1.82 196.66427 -1.54845  1815.73  6609.20 2.44 2.35  34.1 -0.431    19.67 21.55 02a59636o0719c       0   24.813599
59636.555634 20.321591      NaN   -1.5     9 c    0    1.25 196.66427 -1.54845  8717.03  3875.54 2.52 2.43  42.0 -0.405    19.63 21.58 02a59636o0739c       0   24.813599
59636.568167 20.321591      NaN   25.5     9 c    0    2.19 196.66427 -1.54845  1888.28  6568.40 2.49 2.35  32.9 -0.426    19.64 21.56 02a59636o0765c       0   24.813599
59640.499617 20.321591      NaN   15.5     9 c    0    1.72 196.66427 -1.54845  8753.29  3909.50 2.37 2.34  34.1 -0.409    19.72 21.63 02a59640o0581c       0   24.813599
59640.502614 20.207197      NaN   18.5    10 c    0    1.40 196.66427 -1.54845  8773.85  3948.74 2.39 2.34  45.4 -0.408    19.72 21.64 02a59640o0587c       0   25.193544
59640.505598 20.207197      NaN   10.5    10 c    0    1.04 196.66427 -1.54845  8716.37  3870.14 2.39 2.31  28.5 -0.407    19.69 21.64 02a59640o0593c       0   25.193544
59640.513440 20.449472      NaN   -9.5     8 c    0    1.47 196.66427 -1.54845  8696.65  3987.07 2.37 2.33  40.9 -0.408    19.70 21.62 02a59640o0609c       0   24.468647
59643.288692 19.631075      NaN -146.5    17 c    0    1.76 196.66427 -1.54845  6594.53   170.87 2.86 2.72  12.1 -0.340    19.08 21.13 04a59643o0630c 8392704   28.700430
59643.290043 18.675237      NaN -424.5    41 c    0    1.15 196.66427 -1.54845  6601.25 10356.43 2.79 2.29 -77.7 -0.340    18.89 20.95 04a59643o0633c 8392704   47.071379
59643.291472 20.207197      NaN   11.5    10 c    0    1.55 196.66427 -1.54845  6615.13   206.69 2.62 2.50   2.3 -0.369    19.55 21.51 04a59643o0636c 8388608   25.193544
59643.293303 20.207197      NaN  -33.5    10 c    0    1.51 196.66427 -1.54845  6622.84 10392.01 2.74 2.18 -75.0 -0.343    19.50 21.50 04a59643o0640c 8388608   25.193544
59643.297902 20.103715      NaN  -29.5    11 c    0    1.50 196.66427 -1.54845  6562.58   121.53 2.48 2.37  -2.8 -0.359    19.52 21.43 04a59643o0650c 8388608   25.606926
59643.299270 20.103715      NaN  -28.5    11 c    0    1.41 196.66427 -1.54845  6567.59 10307.37 2.70 2.08 -72.1 -0.354    19.47 21.46 04a59643o0653c 8388608   25.606926
59643.308080 20.207197      NaN   -7.5    10 c    0    1.71 196.66427 -1.54845  6547.36   229.68 2.49 2.38  -1.5 -0.392    19.53 21.44 04a59643o0672c 8388608   25.193544
59643.309887 20.321591      NaN    8.5     9 c    0    1.81 196.66427 -1.54845  6555.03 10415.13 2.65 2.11 -74.5 -0.364    19.53 21.46 04a59643o0676c 8388608   24.813599
59644.549210 19.510313      NaN    1.5    19 c    0    1.05 196.66427 -1.54845  3773.90  6548.51 2.38 2.16  51.3 -0.450    18.89 21.71 02a59644o0598c       0   29.928493
59644.552164 19.569016      NaN  -25.5    18 c    0    1.07 196.66427 -1.54845  3754.91  6509.79 2.37 2.14  54.0 -0.450    18.95 21.71 02a59644o0604c       0   29.303834
59644.559647 19.696897      NaN  -49.5    16 c    0    1.42 196.66427 -1.54845  3813.52  6586.81 2.30 2.13  48.1 -0.454    18.93 21.70 02a59644o0619c       0   28.119649
59644.570084 19.351140      NaN   18.5    22 c    0    0.80 196.66427 -1.54845  3833.76  6471.91 2.38 2.20  58.8 -0.447    18.91 21.68 02a59644o0640c       0   31.917310
59648.512634 20.207197      NaN    4.5    10 c    0    1.25 196.66427 -1.54845  3770.37  6547.73 2.64 2.41  32.0 -0.400    19.63 21.54 02a59648o0596c       0   25.193544
59648.515922 20.321591      NaN   11.5     9 c    0    1.50 196.66427 -1.54845  3750.96  6508.25 2.63 2.36  32.1 -0.406    19.64 21.55 02a59648o0603c       0   24.813599
59648.521042 20.321591      NaN   -5.5     9 c    0    1.46 196.66427 -1.54845  3808.72  6587.19 2.55 2.37  32.0 -0.402    19.68 21.55 02a59648o0614c       0   24.813599
59648.533621 20.321591      NaN    1.5     9 c    0    1.71 196.66427 -1.54845  3828.14  6472.63 2.63 2.42  40.3 -0.401    19.64 21.55 02a59648o0641c       0   24.813599
59668.471581 18.034118      NaN  -16.5    74 c    0    1.51 196.66427 -1.54845  5814.88  8397.70 2.82 2.40  37.4 -0.399    17.44 19.42 02a59668o0506c 8388610   77.528799
59668.536429 16.871062      NaN -149.5   216 c    0    1.21 196.66427 -1.54845  5858.41  8445.84 3.29 2.70  41.4 -0.373    16.98 19.05 02a59668o0533c 8388610  217.234239
59668.542074 16.162077      NaN -539.5   415 c    0    1.13 196.66427 -1.54845  5876.62  8325.06 3.23 2.73  38.6 -0.380    16.21 18.25 02a59668o0545c 8388610  415.643735
59668.973848 17.845990      NaN  -93.5    88 c    0    1.07 196.66427 -1.54845  7647.56  2373.13 2.52 2.07 -47.3 -0.398    17.19 18.86 03a59669o0567c 8388610   90.987442
59668.977740 17.334149      NaN  -38.5   141 c    0    1.01 196.66427 -1.54845  2871.42  8234.21 2.29 2.15 -35.1 -0.395    16.67 18.38 03a59669o0575c 8388610  142.883570
59672.913403 20.449472      NaN  -14.5     8 c    0    1.33 196.66427 -1.54845  4056.42   240.07 2.73 2.43 -57.6 -0.354    19.68 21.51 03a59673o0438c       0   24.468647
59672.913858 20.321591      NaN  -13.5     9 c    0    1.45 196.66427 -1.54845  3843.45 10389.25 2.62 2.46 -58.5 -0.365    19.73 21.50 03a59673o0439c       0   24.813599
59672.916133 20.449472      NaN   -3.5     8 c    0    2.57 196.66427 -1.54845  4037.93   200.81 2.72 2.42 -54.6 -0.358    19.67 21.52 03a59673o0444c       0   24.468647
59672.916588 20.207197      NaN    3.5    10 c    0    1.15 196.66427 -1.54845  3824.29 10350.31 2.58 2.41 -55.7 -0.378    19.68 21.49 03a59673o0445c       0   25.193544
59672.921164 20.321591      NaN   16.5     9 c    0    1.24 196.66427 -1.54845  4094.17   281.46 2.89 2.54 -59.1 -0.353    19.63 21.49 03a59673o0455c       0   24.813599
59672.921620 20.207197      NaN  -15.5    10 c    0    1.11 196.66427 -1.54845  3879.43 10430.59 2.65 2.48 -54.4 -0.365    19.68 21.48 03a59673o0456c       0   25.193544
59672.930762 20.321591      NaN    9.5     9 c    0    1.20 196.66427 -1.54845  4115.36   167.05 2.83 2.53 -53.0 -0.347    19.61 21.46 03a59673o0476c       0   24.813599
59672.931672 20.207197      NaN    4.5    10 c    0    1.38 196.66427 -1.54845  3899.84 10316.29 2.62 2.49 -53.7 -0.366    19.68 21.45 03a59673o0478c       0   25.193544
59676.455118 20.449472      NaN   -6.5     8 c    0    1.26 196.66427 -1.54845  5615.46  4523.68 2.70 2.30  40.1 -0.402    19.62 21.60 02a59676o0457c       0   24.468647
59676.459273 20.103715      NaN  -13.5    11 c    0    0.85 196.66427 -1.54845  5596.19  4484.37 2.73 2.33  38.4 -0.394    19.53 21.59 02a59676o0466c       0   25.606926
59676.464783 20.103715      NaN    3.5    11 c    0    0.78 196.66427 -1.54845  5654.26  4563.93 2.72 2.32  39.8 -0.400    19.56 21.60 02a59676o0478c       0   25.606926
59676.476234 20.207197      NaN   -7.5    10 c    0    1.13 196.66427 -1.54845  5675.04  4448.73 2.69 2.33  44.8 -0.396    19.58 21.59 02a59676o0503c       0   25.193544
59680.392100 19.351140      NaN   13.5    22 c    0    1.02 196.66427 -1.54845  4980.74  6051.77 2.60 2.19  31.5 -0.402    18.85 20.50 02a59680o0359c       0   31.917310
59680.395307 19.696897      NaN  -31.5    16 c    0    2.13 196.66427 -1.54845  5000.19  6091.28 2.60 2.20  30.2 -0.399    18.88 20.50 02a59680o0366c       0   28.119649
59680.422117 19.302877      NaN  -18.5    23 c    0    1.02 196.66427 -1.54845  4944.01  6013.68 2.67 2.22  32.3 -0.392    18.76 20.38 02a59680o0422c       0   32.614639
59680.450554 18.847027      NaN  -12.5    35 c    0    0.82 196.66427 -1.54845  5669.25  4448.18 2.69 2.29  36.1 -0.389    18.21 19.79 02a59680o0483c       0   41.948953
59692.423913 19.569016      NaN  -49.5    18 c    0    1.22 196.66427 -1.54845  8166.53  8802.08 2.94 2.48  37.7 -0.394    19.19 21.09 02a59692o0336c       0   29.303834
59692.427227 19.922338      NaN   16.5    13 c    0    0.80 196.66427 -1.54845  8147.61  8766.97 2.93 2.48  39.5 -0.393    19.47 21.43 02a59692o0343c       0   26.527621
59692.432326 18.298627      NaN   36.5    56 c    0    1.09 196.66427 -1.54845  8205.61  8845.18 2.95 2.52  38.1 -0.389    18.37 20.20 02a59692o0354c       0   60.586423
59692.442256 19.841877      NaN    3.5    14 c    0    1.47 196.66427 -1.54845  8224.19  8731.10 2.89 2.51  38.9 -0.391    19.30 21.20 02a59692o0375c       0   27.031735
59696.388837 19.922338      NaN   33.5    12 c    0    1.09 196.66427 -1.54845  8166.75  8799.25 2.96 2.51  34.8 -0.396    19.49 21.39 02a59696o0348c       0   26.052153
59696.421138 19.922338      NaN   -5.5    13 c    0    0.85 196.66427 -1.54845  8140.20  8761.35 2.83 2.49  37.4 -0.397    19.49 21.34 02a59696o0417c       0   26.527621
59696.424341 19.841877      NaN   20.5    14 c    0    1.30 196.66427 -1.54845  8199.54  8839.56 2.83 2.51  38.3 -0.406    19.48 21.35 02a59696o0424c       0   27.031735
59696.430745 20.103715      NaN  -26.5    11 c    0    1.78 196.66427 -1.54845  8220.53  8726.03 2.93 2.54  37.6 -0.388    19.45 21.34 02a59696o0438c       0   25.606926
59700.387209 19.922338      NaN  -25.5    13 c    0    1.50 196.66427 -1.54845  8277.43   542.64 2.44 2.15 -70.6 -0.408    19.41 21.09 02a59700o0345c       0   26.527621
59700.390957 19.652575      NaN   38.5    14 c    0    1.09 196.66427 -1.54845  8260.05   503.35 2.52 2.21 -70.7 -0.409    19.50 21.21 02a59700o0353c       0   27.031735
59700.401099 19.841877      NaN  -28.5    14 c    0    1.06 196.66427 -1.54845  8319.49   581.72 2.46 2.17 -68.9 -0.414    19.59 21.28 02a59700o0375c       0   27.031735
59700.427087 19.454622      NaN  -13.5    20 c    0    1.05 196.66427 -1.54845  8331.53   461.03 2.44 2.08 -64.6 -0.420    18.87 20.47 02a59700o0431c       0   30.573104
59704.366882 18.311179      NaN  103.5    33 c    0    1.00 196.66427 -1.54845  8278.77   542.02 2.39 2.08 -70.7 -0.423    18.51 20.10 02a59704o0298c    8192   40.295343
59704.370540 16.125210      NaN  448.5   290 c    0    1.30 196.66427 -1.54845  8260.36   502.40 2.39 2.06 -71.8 -0.393    16.30 17.80 02a59704o0306c       2  290.920461
59704.376093 18.978793      NaN   54.5    23 c    0    0.82 196.66427 -1.54845  8320.17   583.22 2.37 2.08 -71.1 -0.416    19.02 20.65 02a59704o0318c    8192   32.614639
59720.382347 20.321591      NaN   15.5     9 c    0    1.53 196.66427 -1.54845  3754.84  2503.00 2.46 2.26  54.2 -0.415    19.61 21.28 02a59720o0322c       0   24.813599
59720.386028 20.321591      NaN   -3.5     9 c    0    2.17 196.66427 -1.54845  3736.61  2464.75 2.43 2.27  57.0 -0.416    19.63 21.28 02a59720o0330c       0   24.813599
59720.396090 20.207197      NaN   25.5    10 c    0    1.48 196.66427 -1.54845  3796.80  2543.54 2.46 2.28  51.7 -0.414    19.59 21.25 02a59720o0352c       0   25.193544
59720.402094 20.103715      NaN  -17.5    11 c    0    1.34 196.66427 -1.54845  3816.47  2427.39 2.46 2.31  54.0 -0.410    19.55 21.23 02a59720o0365c       0   25.606926
59724.318030 20.103715      NaN   19.5    11 c    0    1.05 196.66427 -1.54845  3878.80  8507.63 2.59 2.31  25.0 -0.410    19.65 21.26 02a59724o0178c       0   25.606926
59724.329677 20.207197      NaN  -13.5    10 c    0    1.34 196.66427 -1.54845  3859.98  8469.81 2.58 2.32  26.1 -0.405    19.60 21.21 02a59724o0203c       0   25.193544
59724.332877 20.207197      NaN   12.5    10 c    0    1.92 196.66427 -1.54845  3918.44  8548.11 2.59 2.36  33.8 -0.408    19.58 21.20 02a59724o0210c       0   25.193544
59724.341643 20.103715      NaN  -16.5    11 c    0    0.97 196.66427 -1.54845  3937.70  8430.38 2.60 2.34  36.1 -0.400    19.58 21.21 02a59724o0229c       0   25.606926
59728.336661 15.132723      NaN  489.5   918 c    0    1.48 196.66427 -1.54845  3924.06  8552.66 2.68 2.42  38.8 -0.388    14.21 15.48 02a59728o0214c 8388610  918.291193
59732.320472 20.449472      NaN    5.5     8 c    0    1.60 196.66427 -1.54845  9582.74  2204.09 2.48 2.33 -53.6 -0.414    19.65 21.36 02a59732o0179c       0   24.468647
59732.324588 20.207197 0.325721   60.5     9 c    0    1.91 196.66427 -1.54845  9563.80  2166.50 2.43 2.31 -51.4 -0.419    19.58 21.37 02a59732o0188c       0   24.813599
59732.332409 20.103715      NaN   33.5    10 c    0    1.40 196.66427 -1.54845  9622.72  2244.49 2.43 2.31 -55.7 -0.422    19.65 21.35 02a59732o0205c       0   25.193544
59732.348517 20.207197      NaN   12.5    10 c    0    1.07 196.66427 -1.54845  9645.20  2129.13 2.42 2.27 -50.8 -0.427    19.63 21.33 02a59732o0240c       0   25.193544
59756.262437 20.207197      NaN   22.5    10 c    0    1.51 196.66427 -1.54845  7966.63  4924.57 2.43 2.37  79.7 -0.412    19.47 20.93 02a59756o0040c       0   25.193544
59756.268843 20.321591      NaN   -3.5     9 c    0    1.92 196.66427 -1.54845  7948.44  4885.48 2.43 2.36  80.6 -0.413    19.56 21.14 02a59756o0054c       0   24.813599
59756.272509 20.207197      NaN   -5.5    10 c    0    1.11 196.66427 -1.54845  8007.11  4966.52 2.45 2.38  86.9 -0.414    19.58 21.17 02a59756o0062c       0   25.193544
59756.284931 20.207197      NaN    1.5    10 c    0    1.30 196.66427 -1.54845  8026.92  4849.58 2.48 2.35 -82.1 -0.413    19.59 21.20 02a59756o0089c       0   25.193544
59760.260079 19.696897      NaN    5.5    16 c    0    0.88 196.66427 -1.54845  7970.81  4926.56 2.75 2.45  31.9 -0.389    19.28 20.63 02a59760o0016c       0   28.119649
59760.263254 20.103715      NaN    8.5    11 c    0    1.50 196.66427 -1.54845  7951.74  4888.94 2.71 2.50  36.4 -0.392    19.40 20.85 02a59760o0023c       0   25.606926
59760.268683 20.009244      NaN  -13.5    12 c    0    1.51 196.66427 -1.54845  8009.15  4966.74 3.12 3.02  19.2 -0.396    19.25 20.95 02a59760o0035c       0   26.052153
59760.282335 20.009244      NaN    4.5    12 c    0    0.79 196.66427 -1.54845  8028.70  4851.72 2.68 2.58  37.5 -0.391    19.44 20.97 02a59760o0065c       0   26.052153
59784.711456 20.009244      NaN  -24.5    12 c    0    1.29 196.66427 -1.54845  6671.31  2099.41 2.66 2.55 -39.4 -0.425    19.39 20.82 03a59785o0042c    8192   26.052153
59788.706740 19.351140      NaN  -62.5    22 c    0    1.31 196.66427 -1.54845  6662.72  2097.22 2.50 2.29 -25.9 -0.405    18.77 19.40 03a59789o0007c       0   31.917310
59788.710353 19.696897      NaN  -10.5    16 c    0    1.39 196.66427 -1.54845  6681.38  2136.88 2.47 2.27 -27.2 -0.408    19.14 20.17 03a59789o0015c       0   28.119649
59788.717642 20.009244      NaN  -13.5    12 c    0    1.04 196.66427 -1.54845  6625.89  2057.53 2.47 2.26 -33.3 -0.413    19.50 20.95 03a59789o0031c       0   26.052153
59788.728315 20.207197      NaN   16.5    10 c    0    1.82 196.66427 -1.54845  6603.30  2174.93 2.53 2.34 -43.9 -0.415    19.54 21.19 03a59789o0054c       0   25.193544
59790.962216 18.776955      NaN   52.5    30 c    0    1.10 196.66427 -1.54845  2634.64  5628.48 2.93 2.65  79.2 -0.325    18.24 19.30 04a59791o0027c       0   37.877628
59790.965389 19.351140      NaN  -52.5    22 c    0    1.11 196.66427 -1.54845  2655.88  5667.95 3.08 2.81  82.9 -0.325    18.58 20.02 04a59791o0034c       0   31.917310
59790.970834 19.696897      NaN   39.5    13 c    0    2.33 196.66427 -1.54845  2598.76  5586.54 2.96 2.65  77.1 -0.343    19.01 20.77 04a59791o0046c       0   26.527621
59790.981278 19.841877      NaN  -12.5    14 c    0    1.00 196.66427 -1.54845  2580.69  5699.22 3.11 2.77  81.6 -0.340    19.15 21.12 04a59791o0069c       0   27.031735
59792.713174 19.696897      NaN  -17.5    16 c    0    1.39 196.66427 -1.54845   838.32  8252.42 2.46 2.23 -41.8 -0.362    18.99 20.02 03a59793o0034c    8192   28.119649
59969.020786 20.009244      NaN   24.5    12 c    0    0.99 196.66427 -1.54845  8026.07  6897.42 2.74 2.46 -36.2 -0.380    19.46 21.26 03a59969o0504c       0   26.052153
59969.023954 20.009244      NaN    7.5    12 c    0    1.09 196.66427 -1.54845  8004.27  6860.15 2.88 2.45 -45.2 -0.383    19.47 21.26 03a59969o0511c       0   26.052153
59969.029399 20.321591      NaN   24.5     9 c    0    1.43 196.66427 -1.54845  8059.00  6940.20 2.68 2.30 -50.1 -0.386    19.54 21.29 03a59969o0523c       0   24.813599
59969.052583 20.449472      NaN   -1.5     8 c    0    1.73 196.66427 -1.54845  8078.37  6825.29 2.51 2.11 -52.0 -0.390    19.65 21.33 03a59969o0572c       0   24.468647
59994.287050 20.321591      NaN   10.5     9 c    0    2.05 196.66427 -1.54845  2036.43   386.22 2.25 1.82  35.1 -0.434    19.55 21.29 04a59994o0610c       0   24.813599
59994.309526 20.103715      NaN   25.5    11 c    0    1.51 196.66427 -1.54845  2029.99   342.31 2.40 1.90  33.1 -0.463    19.55 21.39 04a59994o0657c       0   25.606926
59994.312681 20.449472      NaN  -23.5     8 c    0    2.06 196.66427 -1.54845  2090.17   421.64 2.45 1.88  33.8 -0.450    19.57 21.40 04a59994o0664c       0   24.468647
59994.319004 20.449472      NaN   29.5     8 c    0    2.39 196.66427 -1.54845  2113.47   302.40 2.23 1.85  30.7 -0.430    19.59 21.41 04a59994o0678c       0   24.468647
59994.321256 19.569016      NaN   24.5    18 c    0    1.28 196.66427 -1.54845  2154.15 10507.08 3.00 1.84 -74.2 -0.386    19.59 21.45 04a59994o0683c       0   29.303834
59998.277673 20.103715      NaN   24.5    11 c    0    1.35 196.66427 -1.54845  2031.23   386.29 2.75 1.95  37.7 -0.412    19.53 21.26 04a59998o0595c       0   25.606926
59998.299901 19.631075      NaN   11.5    17 c    0    1.65 196.66427 -1.54845  2149.05 10506.74 3.20 1.91 -73.3 -0.372    19.53 21.34 04a59998o0643c       0   28.700430
59998.300352 20.103715      NaN   -9.5    11 c    0    1.39 196.66427 -1.54845  2031.25   341.23 2.60 1.93  33.3 -0.431    19.51 21.25 04a59998o0644c       0   25.606926
59998.302155 19.922338      NaN   -5.5    13 c    0    0.92 196.66427 -1.54845  2092.15   419.67 2.57 2.00  31.8 -0.409    19.48 21.24 04a59998o0648c       0   26.527621
59998.305310 20.103715      NaN   -5.5    11 c    0    1.39 196.66427 -1.54845  2111.88   302.19 2.58 1.96  36.1 -0.428    19.54 21.25 04a59998o0655c       0   25.606926
60000.562527 20.171596      NaN   31.5    10 c    0    1.05 196.66427 -1.54845  5664.95  2398.29 2.55 2.38  48.6 -0.404    19.58 21.41 02a60000o0563c       0   25.193544
60000.565849 20.449472      NaN  -17.5     8 c    0    2.07 196.66427 -1.54845  5645.11  2356.78 2.61 2.44  52.1 -0.400    19.53 21.40 02a60000o0569c       0   24.468647
60000.571558 20.321591      NaN   -6.5     9 c    0    1.30 196.66427 -1.54845  5704.09  2439.99 2.75 2.60  48.3 -0.395    19.45 21.38 02a60000o0581c       0   24.813599
60000.603913 20.009244      NaN    4.5    12 c    0    0.97 196.66427 -1.54845  5725.00  2316.49 2.58 2.46  66.2 -0.402    19.48 21.32 02a60000o0650c       0   26.052153
60002.317299 20.449472      NaN   12.5     8 c    0    2.55 196.66427 -1.54845  4885.11  4127.71 2.10 1.94 -24.6 -0.397    19.61 21.36 04a60002o0674c       0   24.468647
60002.323738 20.449472      NaN    6.5     8 c    0    2.08 196.66427 -1.54845  4908.88  4159.32 2.04 1.92 -27.0 -0.400    19.65 21.38 04a60002o0688c       0   24.468647
60002.357501 20.321591      NaN   12.5     9 c    0    1.62 196.66427 -1.54845  4869.10  4052.69 2.22 2.12 -17.6 -0.397    19.60 21.51 04a60002o0762c       0   24.813599
60002.382459 20.103715      NaN   25.5    11 c    0    1.22 196.66427 -1.54845  4858.89  4150.43 2.13 2.00 -74.1 -0.399    19.62 21.43 04a60002o0816c       0   25.606926
60020.912943 20.207197      NaN   -5.5    10 c    0    1.72 196.66427 -1.54845  7940.44  4955.36 2.40 2.16 -55.2 -0.398    19.37 21.19 03a60021o0402c       0   25.193544
60020.915207 19.510313      NaN  -34.5    19 c    0    1.08 196.66427 -1.54845  7921.65  4916.65 2.49 2.16 -57.5 -0.393    18.97 20.78 03a60021o0407c       0   29.928493
60020.948596 20.321591      NaN  -14.5     9 c    0    1.07 196.66427 -1.54845  7980.27  4994.12 2.61 2.40 -48.8 -0.387    19.67 21.63 03a60021o0480c       0   24.813599
60020.957780 20.594452      NaN   15.5     7 c    0    2.60 196.66427 -1.54845  8001.73  4879.70 2.58 2.35 -56.9 -0.387    19.48 21.43 03a60021o0500c       0   24.160188
60024.949024 20.103715      NaN   -0.5    11 c    0    1.28 196.66427 -1.54845  2109.00   262.37 2.58 2.46 -28.3 -0.390    19.57 21.43 03a60025o0487c       0   25.606926
60024.977421 20.103715      NaN    0.5    11 c    0    1.36 196.66427 -1.54845  2101.32   221.70 2.42 2.25 -48.3 -0.391    19.65 21.41 03a60025o0548c       0   25.606926
60024.982459 20.321591      NaN  -27.5     9 c    0    1.76 196.66427 -1.54845  2158.91   301.32 2.45 2.32 -56.8 -0.393    19.60 21.40 03a60025o0559c       0   24.813599
60024.984489 20.207197      NaN  -40.5    10 c    0    2.22 196.66427 -1.54845  2180.54   184.01 2.36 2.18 -49.3 -0.397    19.68 21.41 03a60025o0563c       0   25.193544
60025.010319 20.207197      NaN  -26.5    10 c    0    1.69 196.66427 -1.54845  8673.50   113.23 2.58 2.33 -47.3 -0.411    19.62 21.37 03a60025o0619c       0   25.193544
60025.013475 20.009244      NaN   -9.5    12 c    0    1.30 196.66427 -1.54845  8691.61   153.91 2.58 2.31 -42.4 -0.411    19.58 21.36 03a60025o0626c       0   26.052153
60025.021744 20.449472      NaN  -55.5     8 c    0    2.28 196.66427 -1.54845  8634.61    74.40 2.53 2.24 -51.5 -0.409    19.63 21.36 03a60025o0644c       0   24.468647
60025.053883 20.207197      NaN  -22.5    10 c    0    1.44 196.66427 -1.54845  8617.42   196.03 2.39 2.15 -45.8 -0.427    19.65 21.28 03a60025o0714c       0   25.193544
60032.977502 19.226921      NaN   38.5    22 c    0    1.36 196.66427 -1.54845  4899.09  4111.87 2.90 2.55 -58.4 -0.376    18.66 20.58 03a60033o0527c    8192   31.917310
60032.980684 19.128787      NaN  -47.5    27 c    0    1.38 196.66427 -1.54845  4919.55  4151.46 2.64 2.38 -49.1 -0.385    18.06 19.86 03a60033o0534c    8192   35.548765
60033.013511 20.009244      NaN   -6.5    12 c    0    1.08 196.66427 -1.54845  4866.19  4075.16 3.24 2.74 -67.2 -0.361    19.30 21.36 03a60033o0604c    8192   26.052153
60033.023060 20.207197      NaN   -3.5    10 c    0    1.47 196.66427 -1.54845  4842.78  4191.73 2.58 2.23 -59.7 -0.378    19.54 21.35 03a60033o0625c    8192   25.193544
60051.173101 20.207197      NaN   25.5    10 c    0    1.68 196.66427 -1.54845  6847.66  8100.55 2.44 2.19 -49.4 -0.400    19.39 21.22 04a60051o0465c       0   25.193544
60051.176389 20.009244      NaN   -2.5    12 c    0    1.31 196.66427 -1.54845  6869.74  8135.96 2.41 2.13 -55.2 -0.399    19.46 21.23 04a60051o0472c       0   26.052153
60051.208692 20.103715      NaN   20.5    11 c    0    1.59 196.66427 -1.54845  6830.30  8025.00 2.33 2.03 -54.2 -0.411    19.53 21.29 04a60051o0541c       0   25.606926
60051.215996 20.207197      NaN   27.5    10 c    0    1.52 196.66427 -1.54845  6814.00  8135.73 2.48 2.08 -55.8 -0.407    19.48 21.27 04a60051o0557c       0   25.193544
60054.205114 20.103715      NaN  -26.5    11 c    0    0.88 196.66427 -1.54845  1046.70  8370.18 2.71 2.21 -87.1 -0.353    19.49 21.42 04a60054o0542c       0   25.606926
60054.207870 20.103715      NaN   29.5    11 c    0    1.40 196.66427 -1.54845  1067.29  8406.73 2.62 2.16 -86.5 -0.359    19.49 21.40 04a60054o0548c       0   25.606926
60054.215709 20.103715      NaN   28.5    11 c    0    1.29 196.66427 -1.54845  1012.31  8322.25 2.74 2.20 -85.9 -0.354    19.46 21.35 04a60054o0565c       0   25.606926
60054.249251 20.103715      NaN   17.5    11 c    0    2.11 196.66427 -1.54845  1005.52  8418.44 2.70 2.09 -85.3 -0.351    19.45 21.22 04a60054o0637c       0   25.606926
60057.167919 20.009244      NaN    6.5    12 c    0    1.56 196.66427 -1.54845   481.39  1900.51 3.26 2.10  46.4 -0.352    19.40 21.26 04a60057o0407c       0   26.052153
60057.171524 20.207197      NaN   -7.5    10 c    0    1.80 196.66427 -1.54845   503.74  1935.71 3.19 2.00  48.7 -0.360    19.44 21.25 04a60057o0415c       0   25.193544
60057.177420 20.009244      NaN   -7.5    12 c    0    1.32 196.66427 -1.54845   448.47  1850.60 3.11 2.00  46.6 -0.364    19.40 21.23 04a60057o0428c       0   26.052153
60057.212944 20.009244      NaN   -6.5    12 c    0    1.51 196.66427 -1.54845   450.44  1933.72 3.20 1.95  46.9 -0.368    19.39 21.19 04a60057o0504c       0   26.052153