         MJD         m       dm  uJy  duJy F  err  chi/N        RA    Dec        x        y  maj  min   phi  apfit  mag5sig   Sky            Obs    Mask    duJy_new
57399.538867 19.894850      NaN    2    13 c    0   1.00 156.04305 -0.823  4093.50  2264.56 4.02 3.56 -14.7 -0.424    19.66 21.64 02a57399o0553c       0   19.497934
57399.548694 19.384550      NaN   20    15 c    0   1.26 156.04305 -0.823  3797.85  1665.90 4.25 3.63 -15.1 -0.443    19.66 21.65 02a57399o0568c       0   20.884670
57399.554120 19.841877      NaN   -9    14 c    0   0.84 156.04305 -0.823  5866.45  7609.66 3.65 3.47  78.8 -0.407    19.66 21.66 02a57399o0576c       0   20.178440
57399.586547 19.696897      NaN  -10    16 c    0   1.04 156.04305 -0.823  5629.93  9377.50 3.70 3.60  49.6 -0.415    19.68 21.68 02a57399o0623c       0   21.614103
57421.590748 19.696897      NaN   -8    16 c    0   1.21 156.04305 -0.823  6022.92  8896.34 3.57 3.53  66.1 -0.428    19.44 21.22 02a57421o0655c       0   21.614103
57421.614471 19.063754      NaN   36    17 c    0   0.91 156.04305 -0.823  5734.03  8311.81 3.73 3.57  80.7 -0.415    19.34 21.09 02a57421o0694c       0   22.364468
57421.637565 19.569016      NaN   -7    18 c    0   1.03 156.04305 -0.823  6896.23  7735.74 3.77 3.57  86.9 -0.410    19.26 20.99 02a57421o0732c       0   23.133730
57421.654623 19.063754      NaN   24    21 c    0   0.89 156.04305 -0.823  6844.65  7695.89 4.05 3.82  88.2 -0.383    19.08 20.83 02a57421o0760c       0   25.537609
57422.587349 19.696897      NaN   -9    16 c    0   1.14 156.04305 -0.823  5809.45  8952.98 3.90 3.73  83.3 -0.413    19.47 21.43 02a57422o0649c       0   21.614103
57422.610975 19.271854      NaN   15    19 c    0   0.95 156.04305 -0.823  5521.34  8368.95 4.15 3.96  89.1 -0.377    19.29 21.28 02a57422o0688c       0   23.920064
57422.634638 19.510313      NaN   -4    19 c    0   0.82 156.04305 -0.823  6688.46  7791.16 3.91 3.64  86.8 -0.409    19.26 21.10 02a57422o0727c       0   23.920064
57422.652268 19.631075      NaN  -14    17 c    0   1.15 156.04305 -0.823  6845.86  7696.13 3.91 3.62  89.8 -0.410    19.19 20.98 02a57422o0756c       0   22.364468
57428.576313 19.766969      NaN   -5    15 c    0   0.89 156.04305 -0.823  6043.11  8963.88 3.71 3.50 -86.6 -0.438    19.66 21.69 02a57428o0617c       0   20.884670
57428.600203 19.351140      NaN   19    16 c    0   0.94 156.04305 -0.823  5789.93  8382.16 3.70 3.43 -82.5 -0.438    19.60 21.58 02a57428o0656c       0   21.614103
57428.624105 19.401649      NaN   19    15 c    0   1.11 156.04305 -0.823  6988.50  7805.10 3.69 3.38 -87.9 -0.444    19.53 21.47 02a57428o0695c       0   20.884670
57428.644924 19.569016      NaN  -12    18 c    0   1.07 156.04305 -0.823  6993.54  7643.89 3.73 3.38 -89.7 -0.436    19.42 21.28 02a57428o0729c       0   23.133730
57436.282222 17.813578      NaN   51    74 c    0   0.95 156.04305 -0.823  4994.49  2024.15 5.48 4.68  -4.6 -0.395    17.87 18.97 02a57436o0124c       2   75.413324
57436.296330 18.261819      NaN -101    60 c    0   1.23 156.04305 -0.823  5279.19  2609.63 5.11 4.55  -6.7 -0.393    18.04 19.15 02a57436o0147c       0   61.734670
57436.310437 18.158337      NaN   34    55 c    0   0.93 156.04305 -0.823  4113.40  3189.80 4.85 4.31 -14.2 -0.376    18.13 19.21 02a57436o0170c       0   56.887340
57436.324536 18.504094      NaN  -10    48 c    0   0.98 156.04305 -0.823  3840.19  2997.18 5.02 4.09 -10.5 -0.379    18.25 19.40 02a57436o0193c       0   50.151465
57452.480321 19.766969      NaN    0    15 c    0   0.95 156.04305 -0.823  5807.33  9064.45 3.69 3.63  78.4 -0.426    19.68 21.70 02a57452o0442c       0   20.884670
57452.502356 19.766969      NaN    4    14 c    0   0.98 156.04305 -0.823  5518.23  8480.68 3.73 3.56  89.6 -0.417    19.63 21.63 02a57452o0485c       0   20.178440
57452.524583 19.841877      NaN  -41    14 c    0   0.79 156.04305 -0.823  6681.87  7904.60 3.70 3.43  85.7 -0.421    19.59 21.53 02a57452o0528c       0   20.178440
57452.547071 19.766969      NaN   -5    15 c    0   0.96 156.04305 -0.823  6805.37  7673.14 3.72 3.40  86.4 -0.429    19.52 21.41 02a57452o0571c       0   20.884670
57460.451847 19.766969      NaN  -18    15 c    0   1.16 156.04305 -0.823  5922.33  8850.51 3.75 3.54  86.2 -0.427    19.58 21.51 02a57460o0487c       0   20.884670
57460.474017 19.569016      NaN   10    15 c    0   1.25 156.04305 -0.823  5633.56  8267.16 3.68 3.41 -86.9 -0.467    19.56 21.45 02a57460o0530c       0   20.884670
57460.496256 19.631075      NaN   -1    17 c    0   0.96 156.04305 -0.823  6819.37  7690.63 3.73 3.46  85.8 -0.441    19.44 21.30 02a57460o0573c       0   22.364468
57460.518410 19.631075      NaN  -19    17 c    0   0.99 156.04305 -0.823  6802.41  7674.98 3.72 3.37  85.8 -0.436    19.45 21.26 02a57460o0616c       0   22.364468
57480.409208 19.652575      NaN    3    16 c    0   0.79 156.04305 -0.823  5637.16  8879.18 3.76 3.56 -90.0 -0.426    19.63 21.63 02a57480o0404c       0   21.614103
57480.432176 19.766969      NaN    0    15 c    0   1.08 156.04305 -0.823  5350.93  8296.06 3.77 3.55 -83.6 -0.423    19.60 21.59 02a57480o0449c       0   20.884670
57480.455238 19.318728      NaN   24    15 c    0   0.97 156.04305 -0.823  6517.10  7721.20 3.73 3.42 -87.2 -0.427    19.56 21.51 02a57480o0494c       0   20.884670
57480.478492 19.631075      NaN  -24    17 c    0   0.91 156.04305 -0.823  6791.51  7665.71 3.70 3.36  88.2 -0.434    19.50 21.38 02a57480o0539c       0   22.364468
57490.342772 19.569016      NaN  -23    18 c    0   1.07 156.04305 -0.823  5668.74  8717.24 3.93 3.73  79.6 -0.409    19.33 21.10 02a57490o0335c       0   23.133730
57490.362809 19.241693      NaN   14    20 c    0   0.76 156.04305 -0.823  5377.11  8137.11 3.85 3.65 -89.2 -0.405    19.37 21.18 02a57490o0369c       0   24.721842
57490.401251 19.766969      NaN   -3    15 c    0   1.14 156.04305 -0.823  6793.77  7662.41 3.91 3.54  89.6 -0.399    19.53 21.52 02a57490o0434c       0   20.884670
57491.339398 19.419021      NaN    3    20 c    0   1.10 156.04305 -0.823  6079.63  8739.03 4.09 3.85  87.6 -0.415    19.13 20.79 02a57491o0246c       0   24.721842
57491.359508 18.836735      NaN   41    22 c    0   1.26 156.04305 -0.823  5788.45  8158.75 4.40 4.15 -82.2 -0.377    19.01 20.76 02a57491o0280c       0   26.366066
57491.379438 19.128787      NaN   19    21 c    0   0.92 156.04305 -0.823  6950.97  7584.57 4.41 4.12  87.0 -0.374    19.03 20.77 02a57491o0314c       0   25.537609
57491.398104 18.748255      NaN   44    24 c    0   1.15 156.04305 -0.823  6795.88  7662.77 4.71 4.33 -84.3 -0.352    18.82 20.64 02a57491o0347c       0   28.056540
57507.342638 19.401649      NaN   16    16 c    0   1.05 156.04305 -0.823  6168.20  8545.02 4.12 3.87 -87.4 -0.408    19.45 21.50 02a57507o0244c       0   21.614103
57507.355258 19.197966      NaN   29    16 c    0   1.30 156.04305 -0.823  6209.42  8506.02 3.90 3.64 -88.1 -0.425    19.51 21.50 02a57507o0269c       0   21.614103
57507.369488 19.631075      NaN  -13    17 c    0   1.21 156.04305 -0.823  6151.52  8486.32 3.95 3.72 -83.9 -0.418    19.44 21.44 02a57507o0297c       0   22.364468
57507.385905 19.631075      NaN  -12    17 c    0   1.03 156.04305 -0.823  6228.49  8564.95 3.94 3.73 -86.3 -0.418    19.41 21.37 02a57507o0329c       0   22.364468
57507.402412 19.241693      NaN   20    18 c    0   0.94 156.04305 -0.823  6131.07  8583.27 3.89 3.68 -88.6 -0.416    19.37 21.31 02a57507o0361c       0   23.133730
57509.350449 19.569016      NaN  -14    18 c    0   1.04 156.04305 -0.823  6167.02  8543.95 3.89 3.61 -87.6 -0.433    19.41 21.29 02a57509o0276c       0   23.133730
57509.366733 19.569016      NaN  -14    18 c    0   1.11 156.04305 -0.823  6206.47  8505.44 3.89 3.60 -88.1 -0.429    19.39 21.26 02a57509o0308c       0   23.133730
57509.382488 19.529530      NaN    6    17 c    0   1.22 156.04305 -0.823  6147.46  8485.65 3.85 3.59 -87.0 -0.431    19.34 21.18 02a57509o0339c       0   22.364468
57509.398136 19.529530      NaN    3    18 c    0   1.25 156.04305 -0.823  6225.23  8563.97 3.85 3.62  89.2 -0.425    19.29 21.12 02a57509o0370c       0   23.133730
57509.413198 19.436675      NaN    5    19 c    0   1.15 156.04305 -0.823  6129.34  8581.69 3.83 3.59 -90.0 -0.436    19.22 21.01 02a57509o0400c       0   23.920064
57511.320982 19.510313      NaN    7    17 c    0   1.08 156.04305 -0.823  8035.86  8727.84 4.34 3.83  84.5 -0.413    19.39 21.37 02a57511o0220c       0   22.364468
57511.333057 19.569016      NaN  -16    18 c    0   0.84 156.04305 -0.823  8015.54  8690.06 4.28 3.81  85.8 -0.413    19.38 21.34 02a57511o0243c       0   23.133730
57511.345124 19.696897      NaN  -25    16 c    0   1.26 156.04305 -0.823  8074.95  8770.22 4.25 3.86  85.6 -0.408    19.36 21.34 02a57511o0266c       0   21.614103
57511.357154 19.169763      NaN   28    17 c    0   1.23 156.04305 -0.823  8094.84  8654.51 4.04 3.59  84.7 -0.433    19.40 21.28 02a57511o0289c       0   22.364468
57511.369083 19.051202      NaN   37    17 c    0   1.06 156.04305 -0.823  5999.84  8486.82 3.90 3.66 -86.9 -0.424    19.36 21.27 02a57511o0312c       0   22.364468
57514.243430 19.302877      NaN  -38    23 c    0   1.28 156.04305 -0.823  5850.39  9592.29 4.07 3.89  47.8 -0.426    19.09 20.68 02a57514o0065c       0   27.206055
57514.250686 19.302877      NaN    7    21 c    0   1.17 156.04305 -0.823  5831.55  9558.49 4.07 3.94  34.3 -0.426    19.36 21.27 02a57514o0080c       0   25.537609
57514.260367 19.436675      NaN    5    19 c    0   1.12 156.04305 -0.823  5889.81  9641.38 4.06 3.94  54.2 -0.432    19.43 21.40 02a57514o0100c       0   23.920064
57514.272573 19.302877      NaN   13    19 c    0   1.08 156.04305 -0.823  5906.86  9528.37 4.11 3.99  51.1 -0.431    19.46 21.49 02a57514o0125c       0   23.920064
57514.285813 18.978793      NaN   37    19 c    0   0.90 156.04305 -0.823  5865.97  9592.36 4.03 3.93  66.6 -0.418    19.49 21.52 02a57514o0152c       0   23.920064
57538.256992 19.454622      NaN   -5    20 c    0   1.12 156.04305 -0.823  5405.93  8017.60 4.04 3.71  86.9 -0.458    19.20 20.98 02a57538o0057c       0   24.721842
57538.265313 19.014394      NaN   22    23 c    0   0.74 156.04305 -0.823  5386.43  7977.56 4.13 3.78 -85.9 -0.467    19.30 21.22 02a57538o0074c       0   27.206055
57538.276348 19.510313      NaN   -4    19 c    0   1.24 156.04305 -0.823  5443.41  8054.86 4.04 3.75 -81.6 -0.455    19.31 21.22 02a57538o0096c       0   23.920064
57538.288952 19.436675      NaN    5    19 c    0   1.10 156.04305 -0.823  5462.42  7936.07 3.94 3.61 -78.2 -0.432    19.31 21.20 02a57538o0121c       0   23.920064
57538.298924 19.454622      NaN   -1    20 c    0   1.03 156.04305 -0.823  5423.90  7992.17 3.93 3.64 -73.8 -0.428    19.27 21.16 02a57538o0141c       0   24.721842
57539.255902 18.967180      NaN   29    22 c    0   0.86 156.04305 -0.823  5187.13  8849.54 3.98 3.72  87.8 -0.455    19.20 20.92 02a57539o0047c       0   26.366066
57539.264245 19.454622      NaN   -6    20 c    0   0.97 156.04305 -0.823  5168.07  8809.38 3.95 3.76 -79.5 -0.453    19.35 21.24 02a57539o0064c       0   24.721842
57539.275134 19.454622      NaN  -26    20 c    0   1.04 156.04305 -0.823  5224.45  8886.29 3.90 3.68 -79.9 -0.454    19.37 21.25 02a57539o0086c       0   24.721842
57539.288349 19.212347      NaN    7    23 c    0   1.00 156.04305 -0.823  5243.94  8766.11 3.85 3.68 -71.6 -0.452    19.19 21.02 02a57539o0112c       0   27.206055
57540.253893 19.351140      NaN  -21    22 c    0   1.13 156.04305 -0.823  7514.00  8295.99 4.16 3.72  87.0 -0.453    19.10 20.72 02a57540o0042c       0   26.366066
57540.261221 19.510313      NaN    1    19 c    0   0.74 156.04305 -0.823  7493.97  8255.36 4.07 3.54  87.7 -0.455    19.41 21.30 02a57540o0057c       0   23.920064
57540.271197 19.631075      NaN  -42    17 c    0   1.20 156.04305 -0.823  7552.31  8331.48 4.19 3.67  88.4 -0.450    19.42 21.37 02a57540o0077c       0   22.364468
57540.284341 19.197966      NaN   23    18 c    0   1.13 156.04305 -0.823  7571.77  8213.35 4.10 3.51  88.0 -0.443    19.41 21.32 02a57540o0103c       0   23.133730
57540.296169 19.436675      NaN    8    18 c    0   1.25 156.04305 -0.823  7532.98  8269.99 4.07 3.47  89.0 -0.439    19.37 21.23 02a57540o0126c       0   23.133730
57544.250158 18.000411      NaN   56    58 c    0   1.02 156.04305 -0.823  7601.78  8909.74 4.09 3.79  76.8 -0.444    18.28 19.47 02a57544o0043c       0   59.792721
57544.254556 18.978793      NaN  -87    31 c    0   1.37 156.04305 -0.823  7582.24  8871.15 4.12 3.75  76.3 -0.444    18.68 20.23 02a57544o0052c       0   34.236960
57544.261893 18.376212      NaN   25    46 c    0   1.10 156.04305 -0.823  7641.17  8949.46 4.13 3.66  81.7 -0.446    18.61 20.33 02a57544o0067c       0   48.240745
57544.271752 19.128787      NaN  -53    27 c    0   1.03 156.04305 -0.823  7661.62  8831.68 4.08 3.62  85.6 -0.449    19.04 20.83 02a57544o0087c       0   30.662183
57544.284316 18.836735      NaN   20    29 c    0   1.20 156.04305 -0.823  7625.03  8887.38 4.08 3.61  83.9 -0.443    18.98 20.81 02a57544o0112c       0   32.437162
57548.250278 17.976960      NaN  -15    78 c    0   1.13 156.04305 -0.823  5354.19  8005.83 4.06 3.84  79.5 -0.459    18.32 19.32 02a57548o0045c       2   79.342104
57548.253192 18.237955      NaN   44    47 c    0   0.96 156.04305 -0.823  5336.60  7965.83 4.04 3.80 -87.8 -0.452    18.62 19.84 02a57548o0051c       0   49.195218
57548.259117 19.026525      NaN    9    27 c    0   1.12 156.04305 -0.823  5395.27  8043.92 4.00 3.77  88.1 -0.457    18.97 20.50 02a57548o0063c       0   30.662183
57548.267496 19.212347      NaN  -14    25 c    0   0.99 156.04305 -0.823  5415.46  7926.96 3.97 3.69 -87.4 -0.454    19.08 20.71 02a57548o0080c       0   28.916595
57548.278484 19.401649      NaN  -21    21 c    0   1.48 156.04305 -0.823  5377.19  7983.31 3.93 3.67 -83.1 -0.449    19.06 20.68 02a57548o0102c       0   25.537609
57756.598746 19.569016      NaN   13    14 c    0   1.13 156.04305 -0.823  7043.15  6940.03 3.53 3.31 -68.3 -0.455    19.74 21.68 02a57756o0740c       0   20.178440
57756.617390 19.922338      NaN  -11    13 c    0   1.24 156.04305 -0.823  7025.23  6901.09 3.56 3.37 -70.6 -0.448    19.73 21.68 02a57756o0772c       0   19.497934
57756.624398 19.841877      NaN    0    14 c    0   1.05 156.04305 -0.823  7085.34  6981.76 3.51 3.29 -66.6 -0.456    19.75 21.69 02a57756o0786c       0   20.178440
57756.634486 19.816329      NaN    2    14 c    0   1.07 156.04305 -0.823  7100.28  6861.08 3.51 3.32 -68.9 -0.457    19.74 21.69 02a57756o0803c       0   20.178440
57756.654031 19.766969      NaN  -24    15 c    0   0.92 156.04305 -0.823  7064.90  6922.60 3.50 3.28 -63.0 -0.458    19.73 21.65 02a57756o0839c       0   20.884670
57776.590127 19.696897      NaN  -10    16 c    0   0.94 156.04305 -0.823  5585.94  7667.48 4.04 3.91  80.5 -0.386    19.66 21.73 02a57776o0716c       0   21.614103
57776.607866 19.696897      NaN    0    16 c    0   0.99 156.04305 -0.823  5649.58  7744.84 3.73 3.66  80.5 -0.416    19.68 21.65 02a57776o0750c       0   21.614103
57776.626601 19.696897      NaN  -22    16 c    0   0.99 156.04305 -0.823  5669.50  7626.73 3.79 3.67  81.3 -0.408    19.62 21.55 02a57776o0786c       0   21.614103
57776.638108 19.318728      NaN   18    17 c    0   0.87 156.04305 -0.823  5633.28  7684.75 3.82 3.70  83.0 -0.403    19.57 21.47 02a57776o0809c       0   22.364468
57780.567040 19.841877      NaN  -17    14 c    0   1.25 156.04305 -0.823  5447.55  9242.54 3.43 3.16 -17.9 -0.421    19.84 21.90 02a57780o0669c       0   20.178440
57780.585029 19.652575      NaN    6    15 c    0   1.16 156.04305 -0.823  5428.89  9203.00 3.48 3.25 -18.6 -0.407    19.81 21.85 02a57780o0700c       0   20.884670
57780.601460 19.841877      NaN  -12    14 c    0   1.36 156.04305 -0.823  5490.02  9281.38 3.40 3.13 -18.4 -0.414    19.81 21.83 02a57780o0732c       0   20.178440
57780.625129 19.841877      NaN  -22    14 c    0   1.26 156.04305 -0.823  5514.97  9161.10 4.00 3.90  31.0 -0.419    19.67 21.78 02a57780o0774c       0   20.178440
57780.631348 19.841877      NaN   -9    14 c    0   1.56 156.04305 -0.823  5475.32  9218.53 3.82 3.69  14.0 -0.437    19.68 21.74 02a57780o0787c       0   20.178440
57784.559429 19.766969      NaN   -6    15 c    0   0.83 156.04305 -0.823  7157.76  7418.42 3.82 3.62  89.1 -0.406    19.79 21.93 02a57784o0468c       0   20.884670
57784.563203 19.696897      NaN    4    15 c    0   0.84 156.04305 -0.823  7140.33  7378.91 3.86 3.66  89.2 -0.403    19.78 21.93 02a57784o0475c       0   20.884670
57784.584871 19.367717      NaN   21    15 c    0   1.03 156.04305 -0.823  7199.61  7457.15 3.79 3.62  88.8 -0.410    19.76 21.88 02a57784o0517c       0   20.884670
57784.603939 19.609992      NaN   11    14 c    0   1.27 156.04305 -0.823  7223.06  7338.31 3.86 3.70 -88.4 -0.401    19.71 21.82 02a57784o0553c       0   20.178440
57784.610669 19.766969      NaN  -34    15 c    0   1.06 156.04305 -0.823  7183.28  7394.34 3.89 3.70 -88.6 -0.402    19.69 21.79 02a57784o0567c       0   20.884670
57804.525096 17.069016      NaN -165   180 c    0   0.90 156.04305 -0.823  4200.28  9709.17 3.72 3.55   1.8 -0.473    16.50 18.15 02a57804o0607c       2  180.585629
57804.540413 18.336727      NaN  -21    56 c    0   1.31 156.04305 -0.823  4259.31  9786.55 3.74 3.44  -0.4 -0.401    18.19 19.75 02a57804o0635c       0   57.854727
57804.545577 19.302877      NaN  -28    23 c    0   1.12 156.04305 -0.823  8085.60   100.23 3.92 3.85 -55.2 -0.402    19.06 20.76 02a57804o0644c       0   27.206055
57804.572763 19.212347      NaN  -29    25 c    0   1.01 156.04305 -0.823  4244.56  9726.14 3.96 3.75  17.5 -0.411    19.12 20.80 02a57804o0692c       0   28.916595
57804.578251 15.761819      NaN  739   354 c    0   0.25 156.04305 -0.823  8071.14    37.74 3.95 3.90   7.9 -0.411    19.23 20.91 02a57804o0702c       2  354.298136
57808.495521 19.241693      NaN    5    23 c    0   1.15 156.04305 -0.823  4318.71  8482.02 3.54 3.45   8.1 -0.439    19.28 21.14 02a57808o0529c       0   27.206055
57808.512135 19.549093      NaN    8    16 c    0   0.89 156.04305 -0.823  4302.09  8441.85 3.57 3.50  18.5 -0.450    19.65 21.56 02a57808o0560c       0   21.614103
57808.528884 19.454622      NaN   13    16 c    0   0.88 156.04305 -0.823  4361.49  8520.57 3.57 3.52  17.5 -0.444    19.62 21.49 02a57808o0591c       0   21.614103
57808.563052 19.436675      NaN   11    17 c    0   1.17 156.04305 -0.823  4347.53  8456.80 3.73 3.66  33.8 -0.429    19.45 21.28 02a57808o0655c       0   22.364468
57816.401003 19.922338      NaN  -15    13 c    0   1.47 156.04305 -0.823  3149.76  3469.07 3.85 3.76  87.1 -0.382    19.59 21.55 02a57816o0298c       0   19.497934
57816.422787 19.472870      NaN   18    14 c    0   0.80 156.04305 -0.823  7312.13  6939.14 3.71 3.50  85.0 -0.415    19.73 21.80 02a57816o0341c       0   20.178440
57816.439543 19.894850      NaN    2    13 c    0   1.08 156.04305 -0.823  7369.59  7017.66 3.70 3.46  87.9 -0.421    19.74 21.84 02a57816o0370c       0   19.497934
57816.457601 19.922338      NaN   -3    13 c    0   0.98 156.04305 -0.823  7392.56  6901.76 3.68 3.41 -89.8 -0.426    19.74 21.81 02a57816o0406c       0   19.497934
57816.464021 19.367717      NaN   24    14 c    0   0.82 156.04305 -0.823  7352.31  6959.39 3.71 3.44 -89.3 -0.424    19.73 21.82 02a57816o0418c       0   20.178440
57836.433015 19.002397      NaN   38    18 c    0   1.31 156.04305 -0.823  4722.40  8813.63 3.67 3.59  32.8 -0.431    18.97 20.77 02a57836o0388c       0   23.133730
57836.448503 19.510313      NaN   -7    19 c    0   1.18 156.04305 -0.823  4705.15  8773.10 4.01 3.92  65.8 -0.402    18.85 20.71 02a57836o0417c       0   23.920064
57836.464721 19.256669      NaN   13    20 c    0   1.12 156.04305 -0.823  4764.27  8851.69 3.60 3.54  19.3 -0.443    18.93 20.70 02a57836o0447c       0   24.721842
57836.480994 19.128787      NaN   16    22 c    0   0.81 156.04305 -0.823  4784.49  8733.77 3.62 3.54  12.8 -0.433    18.89 20.62 02a57836o0477c       0   26.366066
57836.497267 19.302877      NaN  -16    23 c    0   1.07 156.04305 -0.823  4748.93  8789.61 3.78 3.66  34.5 -0.427    18.80 20.54 02a57836o0507c       0   27.206055
57840.421478 19.569016      NaN   -9    18 c    0   1.23 156.04305 -0.823  4938.98  8387.10 3.52 3.43   6.6 -0.451    19.00 20.83 02a57840o0369c       0   23.133730
57840.455503 19.401649      NaN  -30    21 c    0   0.95 156.04305 -0.823  4982.98  8422.86 3.77 3.69  51.9 -0.426    18.92 20.76 02a57840o0431c       0   25.537609
57840.472629 19.351140      NaN  -32    22 c    0   0.94 156.04305 -0.823  5004.19  8304.22 3.75 3.66  51.2 -0.429    18.90 20.72 02a57840o0463c       0   26.366066
57840.489844 19.351140      NaN  -15    22 c    0   1.17 156.04305 -0.823  4964.35  8361.59 3.82 3.73  45.6 -0.419    18.82 20.61 02a57840o0495c       0   26.366066
57844.389032 19.510313      NaN   -1    19 c    0   0.96 156.04305 -0.823  7035.91  8512.41 3.59 3.51 -61.0 -0.463    19.64 21.69 02a57844o0301c       0   23.920064
57844.405995 19.696897      NaN   -6    16 c    0   1.37 156.04305 -0.823  7019.46  8472.24 3.53 3.42 -58.6 -0.473    19.62 21.64 02a57844o0331c       0   21.614103
57844.424724 19.076453      NaN   29    19 c    0   1.05 156.04305 -0.823  7081.73  8549.59 3.61 3.54 -59.3 -0.464    19.58 21.59 02a57844o0366c       0   23.920064
57844.434582 19.631075      NaN  -15    17 c    0   1.31 156.04305 -0.823  7098.08  8431.45 3.52 3.41 -63.4 -0.470    19.58 21.54 02a57844o0385c       0   22.364468
57844.451261 19.454622      NaN  -12    20 c    0   1.10 156.04305 -0.823  7060.14  8488.11 3.75 3.67  82.5 -0.435    19.51 21.49 02a57844o0417c       0   24.721842
57868.407250 20.009244      NaN  -13    12 c    0   1.18 156.04305 -0.823  5688.48  6598.76 2.75 2.50  16.1 -0.490    19.18 20.28 02a57868o0127c       0   18.845940
57868.420301 19.841877      NaN  -15    14 c    0   0.79 156.04305 -0.823  5745.50  6676.54 2.88 2.54  10.4 -0.482    19.12 20.22 02a57868o0152c       0   20.178440
57868.433365 19.609992      NaN    5    16 c    0   0.83 156.04305 -0.823  5766.63  6558.91 3.12 2.89  22.9 -0.464    18.93 20.12 02a57868o0177c       0   21.614103
57868.446526 19.014394      NaN  -22    30 c    0   1.14 156.04305 -0.823  5728.69  6616.43 2.99 2.60   9.3 -0.477    18.34 19.41 02a57868o0202c       0   33.334208
57896.367049 19.510313      NaN   -5    19 c    0   1.05 156.04305 -0.823  7297.70  8126.90 3.75 3.68 -80.8 -0.394    19.06 20.92 02a57896o0192c    8192   23.920064
57900.284785 19.868040      NaN    3    13 c    0   0.88 156.04305 -0.823  5994.87  7445.19 2.63 2.49  62.3 -0.497    19.48 20.99 02a57900o0074c    8192   19.497934
57900.318941 19.674510      NaN   14    12 c    0   1.14 156.04305 -0.823  6028.41  7482.30 2.60 2.44  38.0 -0.516    19.42 20.94 02a57900o0139c    8192   18.845940
58074.612605 20.103715      NaN   -4    11 c    0   0.76 156.04305 -0.823  3313.86  7585.85 2.53 2.28  35.2 -0.474    19.57 21.16 02a58074o0760c       0   18.225516
58074.620577 20.207197      NaN    1    10 c    0   1.13 156.04305 -0.823  3329.98  7625.07 2.56 2.26  36.8 -0.468    19.61 21.19 02a58074o0777c       0   17.639996
58074.628659 19.631075      NaN   22    10 c    0   1.01 156.04305 -0.823  3270.28  7548.87 2.52 2.26  37.4 -0.482    19.64 21.21 02a58074o0794c       0   17.639996
58074.636604 20.321591      NaN  -18     9 c    0   1.08 156.04305 -0.823  3248.40  7666.73 2.60 2.27  36.9 -0.486    19.60 21.19 02a58074o0811c       0   17.092965
58082.608514 20.103715      NaN  -24    11 c    0   2.41 156.04305 -0.823  3680.75  5073.85 2.60 2.47  54.7 -0.413    18.97 20.60 02a58082o0880c       0   18.225516
58082.617298 19.674510      NaN   20    10 c    0   1.19 156.04305 -0.823  3700.66  5113.81 2.38 2.27  52.9 -0.423    19.39 20.92 02a58082o0895c       0   17.639996
58082.624927 18.438271      NaN  -55    51 c    0   1.57 156.04305 -0.823  3639.47  5039.14 2.39 2.33  51.7 -0.418    17.86 19.42 02a58082o0911c       0   53.029892
58082.634869 20.137125      NaN    9     8 c    0   1.83 156.04305 -0.823  3618.34  5157.51 2.37 2.25  48.2 -0.432    19.47 21.01 02a58082o0928c       0   16.588232
58134.603919 20.594452      NaN   -3     7 c    0   1.29 156.04305 -0.823  7922.81  4777.22 2.54 2.42 -79.2 -0.422    19.84 21.84 02a58134o0862c       0   16.129769
58134.613839 20.244005      NaN    6     8 c    0   1.20 156.04305 -0.823  7905.62  4739.48 2.67 2.58 -69.6 -0.418    19.76 21.81 02a58134o0883c       0   16.588232
58134.623890 20.207197      NaN    7     8 c    0   0.92 156.04305 -0.823  7965.50  4816.41 2.59 2.49 -71.6 -0.423    19.78 21.78 02a58134o0904c       0   16.588232
58134.633894 20.171596      NaN    5     9 c    0   0.77 156.04305 -0.823  7987.03  4699.40 2.65 2.58 -73.7 -0.430    19.73 21.75 02a58134o0925c       0   17.092965
58162.550867 20.594452      NaN    0     7 c    0   1.36 156.04305 -0.823  6730.61  3381.54 2.44 2.35  75.8 -0.412    19.83 21.71 02a58162o0236c    8192   16.129769
58162.561674 20.362567      NaN    6     7 c    0   1.18 156.04305 -0.823  6749.01  3264.81 2.48 2.37  54.4 -0.416    19.83 21.71 02a58162o0258c    8192   16.129769
58226.398089 17.774377      NaN   52    77 c    0   1.18 156.04305 -0.823  8422.29  2378.95 2.73 2.64 -73.0 -0.415    17.45 18.98 02a58226o0166c 8388610   78.359233
58226.408534 18.208845      NaN  -55    63 c    0   1.25 156.04305 -0.823  8403.57  2340.12 2.70 2.60 -69.6 -0.405    17.65 19.16 02a58226o0188c 8388610   64.654230
58254.352419 20.449472      NaN   -6     8 c    0   2.20 156.04305 -0.823  9170.45  4344.27 3.10 2.84 -59.1 -0.405    19.43 21.36 02a58254o0027c    8192   16.588232
58254.363086 19.816329      NaN    8    12 c    0   1.06 156.04305 -0.823  9190.72  4227.59 2.88 2.77  89.9 -0.430    19.40 21.26 02a58254o0050c    8192   18.845940
58278.288480 19.696897      NaN    1    16 c    0   1.16 156.04305 -0.823  7996.69  3235.32 2.82 2.59 -63.0 -0.401    18.96 20.48 02a58278o0108c    8192   21.614103
58278.299632 17.729132      NaN  -78    98 c    0   0.91 156.04305 -0.823  7977.07  3196.33 2.90 2.70 -65.0 -0.391    16.71 18.30 02a58278o0131c       2   99.071537
58278.311159 18.933071      NaN   41    19 c    0   0.93 156.04305 -0.823  8033.78  3274.92 2.80 2.57 -56.9 -0.405    19.01 20.56 02a58278o0154c    8192   23.920064
58278.323296 16.076581      NaN -865   449 c    0   1.37 156.04305 -0.823  8052.63  3158.22 2.97 2.84 -51.4 -0.398    15.75 17.36 02a58278o0177c       2  449.235094
58286.267297 19.510313      NaN   10    16 c    0   0.82 156.04305 -0.823  8127.35  3193.39 2.97 2.68 -58.9 -0.412    19.19 20.59 02a58286o0059c       0   21.614103
58286.278178 19.766969      NaN    0    15 c    0   1.03 156.04305 -0.823  8107.05  3154.24 2.92 2.63 -58.9 -0.402    19.15 20.51 02a58286o0082c       0   20.884670
58286.289075 19.351140      NaN   19    16 c    0   0.94 156.04305 -0.823  8164.67  3232.46 2.93 2.61 -54.7 -0.408    19.11 20.48 02a58286o0105c       0   21.614103
58286.300038 19.401649      NaN   13    17 c    0   0.94 156.04305 -0.823  8186.12  3116.12 2.80 2.60 -56.6 -0.420    19.15 20.47 02a58286o0128c       0   22.364468
58458.628030 20.321591      NaN   -6     9 c    0   0.99 156.04305 -0.823  1517.13  2966.13 2.63 2.47  47.3 -0.417    19.70 21.61 02a58458o0575c       0   17.092965
58458.636931 20.039830      NaN   11     8 c    0   1.08 156.04305 -0.823  1539.40  3004.48 2.62 2.43  45.4 -0.420    19.71 21.60 02a58458o0593c       0   16.588232
58458.645136 20.362567      NaN    2     8 c    0   1.45 156.04305 -0.823  1479.62  2927.92 2.58 2.42  44.3 -0.424    19.71 21.58 02a58458o0610c       0   16.588232
58458.654042 20.137125      NaN    2    10 c    0   1.01 156.04305 -0.823  1459.81  3046.71 2.54 2.38  45.5 -0.432    19.61 21.29 02a58458o0628c       0   17.639996
58462.617897 20.039830      NaN    5    10 c    0   1.46 156.04305 -0.823  3467.46  1026.64 3.46 3.21  43.8 -0.387    19.54 21.77 02a58462o0889c       0   17.639996
58462.626700 19.674510      NaN   22     9 c    0   1.32 156.04305 -0.823  3486.73  1066.61 3.34 3.08  42.9 -0.391    19.51 21.76 02a58462o0907c       0   17.092965
58462.634935 20.449472      NaN   -3     8 c    0   1.67 156.04305 -0.823  3426.91   989.60 3.00 2.80  48.0 -0.401    19.59 21.75 02a58462o0924c       0   16.588232
58462.643834 19.609992      NaN   22    10 c    0   1.22 156.04305 -0.823  3407.10  1109.27 3.29 3.09  47.2 -0.407    19.51 21.73 02a58462o0942c       0   17.639996
58486.559619 20.321591      NaN  -13     9 c    0   0.84 156.04305 -0.823  7333.41  4927.27 2.57 2.47 -63.6 -0.409    19.72 21.74 02a58486o0767c       0   17.092965
58486.574106 20.449472      NaN    0     8 c    0   1.20 156.04305 -0.823  7347.60  4966.49 2.57 2.49 -61.2 -0.414    19.72 21.74 02a58486o0798c       0   16.588232
58486.582983 20.321591      NaN   -1     9 c    0   1.13 156.04305 -0.823  3315.60  5663.47 2.54 2.46 -47.9 -0.416    19.69 21.75 02a58486o0817c       0   17.092965
58486.587558 20.594452      NaN   -9     7 c    0   1.35 156.04305 -0.823  3332.88  5548.30 2.54 2.49 -50.2 -0.414    19.68 21.75 02a58486o0827c       0   16.129769
58494.516981 20.321591      NaN   -3     9 c    0   1.07 156.04305 -0.823  7356.76  1039.84 2.69 2.56  58.1 -0.417    19.71 21.91 02a58494o0669c       0   17.092965
58494.525053 20.321591      NaN   -1     9 c    0   1.11 156.04305 -0.823  7374.37  1080.03 2.68 2.58  72.3 -0.413    19.71 21.93 02a58494o0686c       0   17.092965
58494.533951 20.449472      NaN   -2     8 c    0   1.22 156.04305 -0.823  7311.09  1005.86 2.74 2.61  73.6 -0.402    19.72 21.94 02a58494o0704c       0   16.588232
58494.542907 20.405150      NaN    1     8 c    0   1.33 156.04305 -0.823  7290.81  1124.03 2.71 2.58  70.3 -0.408    19.71 21.96 02a58494o0722c       0   16.588232
58518.500066 20.103715      NaN   -1    11 c    0   0.82 156.04305 -0.823  1311.42  7566.65 2.56 2.23   7.2 -0.450    19.80 21.84 02a58518o0595c       0   18.225516
58518.509072 20.207197      NaN    0    10 c    0   0.79 156.04305 -0.823  1291.59  7529.20 2.55 2.20   8.4 -0.470    19.81 21.84 02a58518o0613c       0   17.639996
58518.517546 20.321591      NaN   -9     9 c    0   1.11 156.04305 -0.823  1349.86  7608.28 2.54 2.23   6.3 -0.465    19.79 21.85 02a58518o0630c       0   17.092965
58518.526467 20.171596      NaN    7     8 c    0   1.53 156.04305 -0.823  1369.81  7492.91 2.54 2.27   7.7 -0.457    19.79 21.85 02a58518o0648c       0   16.588232
58574.385862 20.103715      NaN   -9    11 c    0   1.38 156.04305 -0.823  1297.65  9527.58 3.08 2.83 -36.5 -0.428    19.45 21.59 02a58574o0008c    8192   18.225516
58574.394567 17.482434      NaN   36   111 c    0   0.90 156.04305 -0.823  1277.90  9488.08 3.44 2.94 -29.2 -0.410    16.98 19.09 02a58574o0026c       2  111.947173
58578.391847 20.405150      NaN    1     8 c    0   0.93 156.04305 -0.823  5181.12  7581.15 2.62 2.38  54.9 -0.402    19.69 21.74 02a58578o0368c       0   16.588232
58578.400839 20.321591      NaN   -6     9 c    0   0.95 156.04305 -0.823  5162.54  7542.42 2.77 2.39  53.3 -0.397    19.71 21.73 02a58578o0387c       0   17.092965
58578.409988 20.321591      NaN   -3     9 c    0   0.98 156.04305 -0.823  5220.26  7620.07 2.72 2.37  53.5 -0.393    19.67 21.71 02a58578o0406c       0   17.092965
58578.419040 20.207197      NaN   -1    10 c    0   0.95 156.04305 -0.823  5240.24  7504.56 2.70 2.40  52.4 -0.399    19.68 21.69 02a58578o0425c       0   17.639996
58582.380079 20.449472      NaN   -8     8 c    0   1.01 156.04305 -0.823  1307.00  3693.99 2.58 2.39 -53.7 -0.442    19.62 21.50 02a58582o0340c       0   16.588232
58582.389114 20.449472      NaN   -2     8 c    0   1.48 156.04305 -0.823  1288.47  3655.13 2.54 2.36 -54.1 -0.429    19.60 21.47 02a58582o0359c       0   16.588232
58582.398135 20.171596      NaN    4     9 c    0   1.34 156.04305 -0.823  1347.53  3733.48 2.55 2.33 -54.3 -0.427    19.62 21.45 02a58582o0378c       0   17.092965
58582.407205 20.321591      NaN   -6     9 c    0   1.28 156.04305 -0.823  1368.37  3616.74 2.52 2.29 -53.2 -0.425    19.62 21.43 02a58582o0397c       0   17.092965
58610.348839 20.244005      NaN    5     8 c    0   1.25 156.04305 -0.823  7122.62  3724.01 2.40 2.30  70.1 -0.398    19.71 21.47 02a58610o0223c       0   16.588232
58610.357746 20.321591      NaN   -8     9 c    0   1.12 156.04305 -0.823  7104.27  3685.34 2.42 2.31  64.2 -0.400    19.69 21.43 02a58610o0242c       0   17.092965
58610.366782 20.449472      NaN   -4     8 c    0   1.04 156.04305 -0.823  7164.52  3762.14 2.42 2.31  60.1 -0.394    19.70 21.41 02a58610o0261c       0   16.588232
58610.375757 20.449472      NaN    0     8 c    0   1.39 156.04305 -0.823  7187.46  3644.31 2.41 2.31 -75.2 -0.401    19.71 21.42 02a58610o0280c       0   16.588232
58634.269612 20.039830      NaN    2    11 c    0   0.96 156.04305 -0.823  9801.41  8098.54 2.71 2.60  51.6 -0.395    19.69 21.41 02a58634o0085c       0   18.225516
58634.272429 20.137125      NaN    2    10 c    0   1.17 156.04305 -0.823  9782.15  8059.51 2.74 2.68  56.9 -0.392    19.65 21.39 02a58634o0091c       0   17.639996
58634.278080 20.244005      NaN    2     9 c    0   1.29 156.04305 -0.823  9842.00  8138.01 2.73 2.68 -82.5 -0.389    19.64 21.37 02a58634o0103c       0   17.092965
58634.288443 20.244005      NaN    2     9 c    0   1.37 156.04305 -0.823  9862.46  8020.35 2.67 2.64  85.5 -0.397    19.64 21.35 02a58634o0125c       0   17.092965
58642.247751 17.972330      NaN   49    62 c    0   1.04 156.04305 -0.823  1611.33  7976.28 2.47 2.38 -56.7 -0.444    18.14 18.94 02a58642o0034c       2   63.680212
58642.251006 18.684100      NaN   26    32 c    0   2.39 156.04305 -0.823  1592.47  7936.80 2.53 2.41 -57.2 -0.432    18.58 19.51 02a58642o0041c       0   35.144978
58642.256040 19.115465      NaN   22    20 c    0   0.69 156.04305 -0.823  1650.38  8013.98 2.52 2.39 -60.7 -0.416    19.04 20.10 02a58642o0052c       0   24.721842
58642.266799 19.696897      NaN    3    15 c    0   0.98 156.04305 -0.823  1671.86  7895.84 2.57 2.49 -68.8 -0.411    19.16 20.43 02a58642o0075c       0   20.884670
58790.570760 19.549093      NaN   16    13 c    0   1.01 156.04305 -0.823  2719.29  2390.76 2.53 2.44  31.2 -0.402    19.16 20.60 02a58790o0814c       0   19.497934
58790.574380 19.922338      NaN   -6    13 c    0   0.91 156.04305 -0.823  2739.36  2429.02 2.54 2.44  31.0 -0.396    19.16 20.63 02a58790o0821c       0   19.497934
58790.580517 19.589310      NaN   17    12 c    0   0.94 156.04305 -0.823  2683.08  2351.19 2.41 2.33  41.0 -0.400    19.27 20.67 02a58790o0834c       0   18.845940
58790.590679 19.816329      NaN    7    12 c    0   1.01 156.04305 -0.823  2661.46  2468.09 2.42 2.35  41.1 -0.402    19.31 20.72 02a58790o0856c       0   18.845940
58794.614166 19.631075      NaN   18    11 c    0   1.22 156.04305 -0.823  8229.25  6759.56 2.71 2.41  39.2 -0.383    19.50 21.06 02a58794o0756c       0   18.225516
58794.624888 20.039830      NaN    2    11 c    0   1.21 156.04305 -0.823  8240.67  6799.13 2.58 2.45  46.6 -0.390    19.52 21.10 02a58794o0778c       0   18.225516
58794.628088 19.841877      NaN   12    10 c    0   1.58 156.04305 -0.823  8182.20  6721.15 2.63 2.45  45.4 -0.391    19.55 21.11 02a58794o0785c       0   17.639996
58794.633443 19.922338      NaN   12     9 c    0   1.44 156.04305 -0.823  8168.11  6837.85 2.69 2.42  41.9 -0.406    19.53 21.10 02a58794o0796c       0   17.092965
58814.607934 20.103715      NaN   -8    11 c    0   0.67 156.04305 -0.823  8780.25  8912.31 2.71 2.60 -69.2 -0.388    19.66 21.42 02a58814o0803c       0   18.225516
58814.611495 20.207197      NaN  -24    10 c    0   1.06 156.04305 -0.823  8795.55  8952.05 2.76 2.59 -62.6 -0.390    19.70 21.42 02a58814o0810c       0   17.639996
58814.617096 20.207197      NaN   -7    10 c    0   1.13 156.04305 -0.823  8738.38  8873.96 2.72 2.63 -86.0 -0.387    19.65 21.41 02a58814o0821c       0   17.639996
58814.630278 19.569016      NaN   24    10 c    0   1.18 156.04305 -0.823  8717.18  8992.20 2.72 2.63 -79.7 -0.382    19.65 21.44 02a58814o0849c       0   17.639996
58846.559002 20.071303      NaN    7     9 c    0   0.79 156.04305 -0.823  8981.67  2589.69 2.94 2.59 -59.0 -0.390    19.69 21.90 02a58846o0786c       0   17.092965
58846.563449 20.449472      NaN  -12     8 c    0   1.05 156.04305 -0.823  8996.78  2632.15 2.85 2.66 -60.3 -0.392    19.71 21.90 02a58846o0795c       0   16.588232
58846.570283 20.282105      NaN    1     9 c    0   1.09 156.04305 -0.823  8945.23  2553.35 3.26 2.90 -61.2 -0.389    19.57 21.88 02a58846o0809c       0   17.092965
58846.582469 19.816329      NaN   16     9 c    0   0.85 156.04305 -0.823  8922.69  2676.59 2.71 2.59  13.2 -0.389    19.73 21.88 02a58846o0832c       0   17.092965
58870.474491 20.594452      NaN   -6     7 c    0   1.79 156.04305 -0.823  6937.68   731.61 2.33 2.16 -67.9 -0.423    19.87 21.88 02a58870o0592c       0   16.129769
58870.477235 20.244005      NaN   11     6 c    0   1.74 156.04305 -0.823  6957.17   770.77 2.34 2.15 -66.3 -0.422    19.85 21.90 02a58870o0598c       0   15.721624
58870.483492 20.449472      NaN  -16     8 c    0   1.14 156.04305 -0.823  6899.80   693.25 2.38 2.17 -63.7 -0.426    19.87 21.89 02a58870o0611c       0   16.588232
58870.497436 19.766969      NaN   21     8 c    0   1.02 156.04305 -0.823  6882.51   811.29 2.42 2.22 -62.6 -0.417    19.87 21.92 02a58870o0641c       0   16.588232
58874.464064 20.594452      NaN   -4     7 c    0   1.02 156.04305 -0.823  7120.67  4622.04 2.37 2.28 -65.4 -0.407    19.85 22.01 02a58874o0572c       0   16.129769
58874.474085 20.594452      NaN  -13     7 c    0   1.46 156.04305 -0.823  7139.95  4662.10 2.36 2.33 -75.8 -0.484    19.88 22.03 02a58874o0593c       0   16.129769
58874.485150 20.594452      NaN   -6     7 c    0   1.09 156.04305 -0.823  7084.26  4584.89 2.33 2.32 -72.7 -0.404    19.88 22.04 02a58874o0616c       0   16.129769
58874.488426 20.594452      NaN   -6     7 c    0   1.07 156.04305 -0.823  7065.32  4701.51 2.36 2.27  41.7 -0.409    19.89 22.05 02a58874o0623c       0   16.129769
58878.405057 19.128787      NaN    0    27 c    0   1.31 156.04305 -0.823  7119.10  4619.00 2.54 2.34  43.9 -0.391    18.42 20.21 02a58878o0434c       0   30.662183
58878.413860 19.089302      NaN  -23    28 c    0   1.49 156.04305 -0.823  7081.51  4580.98 2.36 2.29  63.0 -0.395    18.28 20.12 02a58878o0453c       0   31.546306
58878.424061 20.207197      NaN   -4    10 c    0   1.33 156.04305 -0.823  7060.23  4697.16 2.38 2.28  44.2 -0.402    19.39 21.24 02a58878o0475c       0   17.639996
58902.432538 20.449472      NaN   -5     8 c    0   1.74 156.04305 -0.823  4474.54  8588.77 2.53 2.27 -49.0 -0.421    19.79 21.76 02a58902o0478c       0   16.588232
58902.441709 20.321591      NaN  -19     9 c    0   1.12 156.04305 -0.823  4490.53  8631.08 2.50 2.30 -46.2 -0.415    19.80 21.75 02a58902o0497c       0   17.092965
58902.444877 20.321591      NaN    4     8 c    0   1.51 156.04305 -0.823  4433.50  8552.21 2.51 2.34 -46.0 -0.416    19.78 21.76 02a58902o0503c       0   16.588232
58902.462142 20.449472      NaN   -2     8 c    0   1.10 156.04305 -0.823  6153.40  1891.10 2.48 2.34 -65.0 -0.400    19.73 21.74 02a58902o0539c       0   16.588232
58930.431761 19.979496      NaN    2    12 c    0   1.61 156.04305 -0.823  6197.54  3624.53 2.37 2.29  89.2 -0.399    19.03 20.80 02a58930o0398c       0   18.845940
58930.434996 20.761819      NaN  -19     6 c    0   2.32 156.04305 -0.823  6179.53  3583.60 2.33 2.24 -72.4 -0.404    19.66 21.50 02a58930o0405c       0   15.721624
58930.441038 20.244005      NaN    6     8 c    0   1.40 156.04305 -0.823  6237.38  3661.88 2.36 2.22 -67.6 -0.405    19.64 21.43 02a58930o0418c       0   16.588232
58930.451373 19.841877      NaN   -9    14 c    0   1.00 156.04305 -0.823  6258.01  3548.29 2.42 2.33 -80.0 -0.399    19.16 20.92 02a58930o0440c       0   20.178440
58934.364600 18.857417      NaN   33    24 c    0   1.05 156.04305 -0.823  6203.84  3623.15 2.94 2.81 -61.9 -0.383    18.53 20.55 02a58934o0314c       0   28.056540
58934.368861 19.454622      NaN  -29    20 c    0   1.14 156.04305 -0.823  4390.39  6976.42 2.87 2.71 -40.4 -0.387    18.71 20.74 02a58934o0322c       0   24.721842
58934.375033 20.009244      NaN  -27    12 c    0   1.37 156.04305 -0.823  6241.26  3660.03 2.82 2.78 -76.7 -0.382    19.08 21.12 02a58934o0335c       0   18.845940
58934.388758 19.401649      NaN   -9    21 c    0   0.92 156.04305 -0.823  6262.86  3548.47 2.87 2.81  79.5 -0.377    18.75 20.79 02a58934o0364c       0   25.537609
58958.323993 20.321591      NaN  -24     9 c    0   1.15 156.04305 -0.823  5795.82  6329.71 2.57 2.26  41.3 -0.403    19.72 21.50 02a58958o0215c       0   17.092965
58958.327261 20.103715      NaN   10     8 c    0   1.14 156.04305 -0.823  5776.66  6291.02 2.54 2.26  46.7 -0.402    19.73 21.50 02a58958o0222c       0   16.588232
58958.333398 20.207197      NaN    0    10 c    0   0.86 156.04305 -0.823  5834.91  6371.22 2.60 2.30  46.1 -0.402    19.75 21.50 02a58958o0235c       0   17.639996
58958.343889 20.449472      NaN   -6     8 c    0   1.45 156.04305 -0.823  5855.18  6253.12 2.56 2.28  47.7 -0.403    19.74 21.50 02a58958o0257c       0   16.588232
58962.362967 17.976960      NaN   -7    78 c    0   0.95 156.04305 -0.823  9997.89  1780.51 2.56 2.28 -48.5 -0.412    17.18 18.69 02a58962o0279c       2   79.342104
58962.365756 18.649074      NaN  -46    42 c    0   1.48 156.04305 -0.823  9979.19  1741.18 2.55 2.28 -49.8 -0.415    17.95 19.46 02a58962o0285c    8192   44.442878
58962.373265 17.875167      NaN   48    70 c    0   0.98 156.04305 -0.823 10038.51  1819.22 2.54 2.25 -47.8 -0.404    17.60 19.12 02a58962o0301c       2   71.492443
58962.384656 19.256669      NaN   -4    24 c    0   1.21 156.04305 -0.823 10059.44  1702.54 2.59 2.28 -48.5 -0.413    18.63 20.16 02a58962o0325c    8192   28.056540
58982.286144 19.816329      NaN   14    10 c    0   0.82 156.04305 -0.823  3743.12  1575.91 2.54 2.29 -58.5 -0.419    19.65 21.34 02a58982o0099c       0   17.639996
58982.289366 19.979496      NaN    8    10 c    0   1.02 156.04305 -0.823  3724.31  1537.16 2.65 2.32 -58.2 -0.416    19.62 21.40 02a58982o0106c       0   17.639996
58982.294896 20.071303      NaN    5    10 c    0   1.29 156.04305 -0.823  3783.47  1615.23 2.73 2.40 -52.7 -0.408    19.51 21.31 02a58982o0118c       0   17.639996
58982.306430 19.816329      NaN   14    10 c    0   1.41 156.04305 -0.823  3802.73  1497.91 2.63 2.28 -53.4 -0.418    19.45 21.22 02a58982o0143c       0   17.639996
58986.308317 20.009244      NaN    7    10 c    0   1.12 156.04305 -0.823  7828.58  8182.64 2.85 2.65  57.3 -0.393    19.59 21.45 02a58986o0165c       0   17.639996
58986.312481 20.207197      NaN   -1    10 c    0   0.80 156.04305 -0.823  7809.45  8142.15 2.80 2.63  66.6 -0.392    19.63 21.46 02a58986o0174c       0   17.639996
58986.318458 19.894850      NaN   11    10 c    0   1.37 156.04305 -0.823  7868.14  8221.41 2.80 2.62  59.7 -0.392    19.62 21.44 02a58986o0187c       0   17.639996
58986.328610 20.207197      NaN    1    10 c    0   1.15 156.04305 -0.823  7888.97  8105.13 2.77 2.66 -80.5 -0.394    19.62 21.43 02a58986o0209c       0   17.639996
58990.274189 20.009244      NaN  -13    12 c    0   0.79 156.04305 -0.823  7840.05  8177.52 2.68 2.52  59.4 -0.400    19.63 21.32 02a58990o0087c       0   18.845940
58990.277389 20.171596 0.315214   32     9 c    0   1.33 156.04305 -0.823  7820.89  8138.07 2.67 2.54  63.7 -0.401    19.65 21.33 02a58990o0094c       0   17.092965
58990.282887 20.321591      NaN  -11     9 c    0   1.49 156.04305 -0.823  7878.92  8217.01 2.70 2.52  51.5 -0.399    19.67 21.34 02a58990o0106c       0   17.092965
58990.294875 20.207197      NaN   -4    10 c    0   0.79 156.04305 -0.823  7897.96  8100.49 2.68 2.54  55.1 -0.396    19.64 21.35 02a58990o0132c       0   17.639996
58994.300643 20.321591      NaN   -9     9 c    0   1.10 156.04305 -0.823  2335.46  3801.21 2.56 2.47  60.0 -0.395    19.52 21.25 02a58994o0138c       0   17.092965
58994.303844 20.321591      NaN  -17     9 c    0   1.14 156.04305 -0.823  2316.87  3762.03 2.57 2.48  61.7 -0.392    19.54 21.23 02a58994o0145c       0   17.092965
58994.311654 20.321591      NaN   -9     9 c    0   1.56 156.04305 -0.823  2377.56  3839.39 2.66 2.57  67.3 -0.386    19.46 21.18 02a58994o0162c       0   17.092965
58994.322288 19.674510      NaN   17    11 c    0   0.84 156.04305 -0.823  2398.42  3723.13 2.79 2.71  55.9 -0.391    19.41 21.12 02a58994o0185c       0   18.225516
59142.616927 19.816329      NaN    2    14 c    0   1.16 156.04305 -0.823  2613.94   431.38 2.46 2.28 -81.2 -0.395    19.18 20.60 02a59142o0924c       0   20.178440
59142.621054 19.367717      NaN   24    14 c    0   1.77 156.04305 -0.823  2633.50   470.72 2.55 2.29 -69.5 -0.404    19.18 20.56 02a59142o0933c       0   20.178440
59142.631575 19.491430      NaN    2    19 c    0   1.35 156.04305 -0.823  2573.53   390.07 2.48 2.30 -77.2 -0.394    18.97 20.38 02a59142o0956c       0   23.920064
59142.642116 19.076453      NaN   20    22 c    0   0.64 156.04305 -0.823  2556.78   508.78 2.45 2.22 -65.3 -0.400    18.76 19.88 02a59142o0979c       0   26.366066
59170.599571 20.039830      NaN    6    10 c    0   1.21 156.04305 -0.823  7019.18  2686.13 2.50 2.33  38.6 -0.391    19.60 21.19 02a59170o0805c       0   17.639996
59170.603243 20.137125      NaN    6     9 c    0   1.40 156.04305 -0.823  7039.29  2725.17 2.50 2.31  41.8 -0.391    19.59 21.21 02a59170o0813c       0   17.092965
59170.608762 19.766969      NaN   19     9 c    0   1.03 156.04305 -0.823  6981.56  2647.72 2.53 2.35  46.8 -0.391    19.57 21.23 02a59170o0825c       0   17.092965
59170.629921 20.207197      NaN  -11    10 c    0   0.97 156.04305 -0.823  6958.73  2764.10 2.47 2.33  49.6 -0.393    19.62 21.25 02a59170o0871c       0   17.639996
59178.620239 20.103715      NaN    1    11 c    0   1.09 156.04305 -0.823  6823.33  8986.19 2.49 2.46  60.2 -0.406    19.67 21.27 02a59178o0405c       0   18.225516
59178.624356 20.039830      NaN    6    10 c    0   1.49 156.04305 -0.823  6842.74  9025.32 2.48 2.45  60.5 -0.404    19.66 21.26 02a59178o0414c       0   17.639996
59178.644734 19.841877      NaN    7    12 c    0   0.92 156.04305 -0.823  6785.23  8946.82 2.44 2.43  71.2 -0.411    19.68 21.21 02a59178o0456c       0   18.845940
59178.653443 19.979496      NaN    2    12 c    0   0.96 156.04305 -0.823  6766.58  9064.54 2.45 2.44 -77.7 -0.409    19.45 20.80 02a59178o0475c       0   18.845940
59194.588385 20.137125      NaN    9     8 c    0   1.19 156.04305 -0.823  8240.86  6756.85 2.58 2.44  36.6 -0.402    19.71 21.57 02a59194o0874c       0   16.588232
59194.591597 20.449472      NaN  -13     8 c    0   1.50 156.04305 -0.823  8263.44  6794.65 2.60 2.45  41.3 -0.395    19.75 21.57 02a59194o0881c       0   16.588232
59194.597115 20.207197      NaN    7     8 c    0   1.27 156.04305 -0.823  8204.65  6716.91 2.63 2.45  39.9 -0.398    19.74 21.56 02a59194o0893c       0   16.588232
59194.609378 20.207197      NaN   -2    10 c    0   1.03 156.04305 -0.823  8186.56  6833.59 2.61 2.49  39.5 -0.396    19.70 21.53 02a59194o0919c       0   17.639996
59196.612589 19.419021      NaN   21    14 c    0   0.87 156.04305 -0.823  6106.19  1971.18 4.73 4.30  -1.3 -0.306    19.14 21.60 01a59196o0404c       0   20.178440
59196.615811 19.922338      NaN   -5    13 c    0   1.10 156.04305 -0.823  6086.86  1932.48 5.69 3.80  -0.3 -0.292    19.04 21.59 01a59196o0411c       0   19.497934
59196.618620 20.009244      NaN   10     9 c    0   1.25 156.04305 -0.823  6145.81  2011.06 3.49 3.21  32.5 -0.309    19.44 21.65 01a59196o0417c       0   17.092965
59196.630162 20.449472      NaN   -3     8 c    0   1.44 156.04305 -0.823  6164.28  1895.36 3.03 2.90 -82.7 -0.353    19.57 21.62 01a59196o0442c       0   16.588232
59198.551357 18.944322      NaN   10    29 c    0   1.25 156.04305 -0.823  8238.84  6755.78 2.63 2.51  38.4 -0.391    18.33 20.02 02a59198o0792c       0   32.437162
59198.554101 19.169763      NaN  -51    26 c    0   0.92 156.04305 -0.823  8257.38  6793.39 2.70 2.50  31.8 -0.383    18.56 20.29 02a59198o0798c       0   29.785390
59198.556857 18.933071      NaN   29    23 c    0   1.30 156.04305 -0.823  8199.61  6716.84 2.60 2.46  37.2 -0.392    18.67 20.36 02a59198o0804c       0   27.206055
59198.564198 19.841877      NaN   -9    14 c    0   0.91 156.04305 -0.823  8178.68  6832.32 2.58 2.48  42.8 -0.392    19.29 21.04 02a59198o0820c       0   20.178440
59204.570847 20.321591      NaN    4     8 c    0   0.89 156.04305 -0.823  5915.61  8265.94 2.63 2.29  -5.8 -0.387    19.78 21.83 01a59204o0756c       0   16.588232
59204.574538 20.594452      NaN  -10     7 c    0   1.55 156.04305 -0.823  5897.00  8227.87 2.41 2.28 -22.3 -0.425    19.83 21.84 01a59204o0764c       0   16.129769
59204.582750 20.594452      NaN   -1     7 c    0   1.30 156.04305 -0.823  5957.87  8304.86 2.62 2.25  -0.5 -0.365    19.82 21.80 01a59204o0781c       0   16.129769
59204.594784 20.761819      NaN    0     6 c    0   1.46 156.04305 -0.823  5977.78  8190.50 2.34 2.25 -64.1 -0.379    19.86 21.85 01a59204o0807c       0   15.721624
59206.538812 20.449472      NaN    0     8 c    0   1.38 156.04305 -0.823  6302.27  6844.94 2.65 2.42  39.2 -0.404    19.71 21.63 02a59206o0741c       0   16.588232
59206.542025 20.449472      NaN  -29     8 c    0   1.69 156.04305 -0.823  6320.77  6883.70 2.62 2.41  31.5 -0.410    19.73 21.62 02a59206o0748c       0   16.588232
59206.544769 20.449472      NaN  -16     8 c    0   1.33 156.04305 -0.823  6263.37  6806.33 2.57 2.38  34.4 -0.411    19.74 21.61 02a59206o0754c       0   16.588232
59206.549801 20.449472      NaN  -21     8 c    0   1.38 156.04305 -0.823  6243.30  6921.99 2.50 2.36  34.2 -0.411    19.76 21.64 02a59206o0765c       0   16.588232
59208.554792 20.103715      NaN   10     8 c    0   1.05 156.04305 -0.823   395.57  3901.68 2.47 2.36  23.1 -0.371    19.76 21.59 01a59208o0761c       0   16.588232
59208.556635 20.137125      NaN   12     7 c    0   1.56 156.04305 -0.823   376.45  3864.23 2.57 2.33   8.6 -0.369    19.70 21.62 01a59208o0765c       0   16.129769
59208.562161 20.594452      NaN   -9     7 c    0   2.22 156.04305 -0.823   436.28  3942.95 2.62 2.38   7.8 -0.367    19.70 21.66 01a59208o0777c       0   16.129769
59208.567234 20.594452      NaN   -7     7 c    0   1.50 156.04305 -0.823   456.54  3826.73 2.45 2.33   7.7 -0.378    19.78 21.70 01a59208o0788c       0   16.129769
59224.496696 20.449472      NaN   -7     8 c    0   0.92 156.04305 -0.823  6211.83  3616.96 2.75 2.32 -10.7 -0.370    19.74 21.82 01a59224o0592c       0   16.588232
59224.525430 20.594452      NaN  -11     7 c    0   1.26 156.04305 -0.823  6192.67  3577.42 2.62 2.41  -4.9 -0.357    19.78 21.86 01a59224o0653c       0   16.129769
59224.528656 20.244005      NaN    6     8 c    0   1.06 156.04305 -0.823  6250.21  3655.56 2.58 2.46  -7.1 -0.360    19.79 21.89 01a59224o0660c       0   16.588232
59224.534199 20.449472      NaN  -24     8 c    0   1.04 156.04305 -0.823  6269.10  3538.70 2.61 2.41   8.6 -0.363    19.78 21.90 01a59224o0672c       0   16.588232
59226.524258 20.009244      NaN   16     7 c    0   1.30 156.04305 -0.823   682.94   512.09 2.72 2.33 -58.5 -0.415    19.83 21.89 02a59226o0714c       0   16.129769
59226.527466 20.449472      NaN  -17     8 c    0   1.14 156.04305 -0.823   703.99   550.85 2.61 2.22 -59.1 -0.424    19.85 21.89 02a59226o0721c       0   16.588232
59226.531123 20.171596      NaN    8     8 c    0   1.08 156.04305 -0.823   644.16   471.65 2.67 2.26 -56.7 -0.423    19.84 21.89 02a59226o0729c       0   16.588232
59226.536220 20.244005      NaN    9     7 c    0   1.19 156.04305 -0.823   624.72   590.41 2.59 2.21 -61.7 -0.427    19.83 21.89 02a59226o0740c       0   16.129769
59228.511853 20.449472      NaN   -6     8 c    0   1.39 156.04305 -0.823  6209.39  3617.34 3.30 2.93  -6.1 -0.328    19.53 21.90 01a59228o0403c       0   16.588232
59228.521733 19.950541      NaN   12     9 c    0   1.21 156.04305 -0.823  6189.93  3580.10 3.46 3.02  -3.8 -0.342    19.49 21.94 01a59228o0424c       0   17.092965
59228.524502 20.449472      NaN    1     8 c    0   1.27 156.04305 -0.823  6247.97  3657.39 3.16 3.08 -67.4 -0.330    19.57 21.94 01a59228o0430c       0   16.588232
59228.531022 20.321591      NaN   -2     9 c    0   1.17 156.04305 -0.823  6267.02  3541.92 3.13 2.95 -19.5 -0.343    19.59 21.96 01a59228o0444c       0   17.092965
59230.497943 20.449472      NaN   -7     8 c    0   1.08 156.04305 -0.823   676.29   514.76 2.66 2.37 -61.6 -0.407    19.77 21.74 02a59230o0649c       0   16.588232
59230.501143 20.362567      NaN    9     6 c    0   2.44 156.04305 -0.823   698.66   552.10 2.67 2.32 -65.3 -0.419    19.76 21.75 02a59230o0656c       0   15.721624
59230.509244 20.171596      NaN    5     9 c    0   0.98 156.04305 -0.823   637.13   474.80 2.66 2.31 -60.7 -0.409    19.74 21.73 02a59230o0673c       0   17.092965
59230.519343 20.449472      NaN   -7     8 c    0   1.17 156.04305 -0.823   621.69   591.69 2.67 2.28 -61.8 -0.420    19.76 21.73 02a59230o0695c       0   16.588232
59232.500369 20.321591      NaN   -3     9 c    0   1.07 156.04305 -0.823  7959.01 10118.65 2.88 2.36 -77.1 -0.386    19.69 21.75 01a59232o0526c       0   17.092965
59232.502210 20.449472      NaN   -4     8 c    0   1.25 156.04305 -0.823  7939.65 10079.32 2.85 2.39 -76.8 -0.384    19.69 21.75 01a59232o0530c       0   16.588232
59232.506917 20.009244      NaN   10     9 c    0   1.11 156.04305 -0.823  7999.54 10159.02 2.82 2.49 -68.1 -0.375    19.64 21.74 01a59232o0540c       0   17.092965
59232.511992 20.207197      NaN   -3    10 c    0   1.38 156.04305 -0.823  8018.23 10039.97 2.96 2.61 -81.5 -0.400    19.48 21.61 01a59232o0551c       0   17.639996
59234.553099 19.401649      NaN    0    21 c    0   0.90 156.04305 -0.823  9790.21  8084.99 2.75 2.66  60.8 -0.389    18.83 20.68 02a59234o0526c    8192   25.537609
59234.557217 19.868040      NaN   12    10 c    0   1.13 156.04305 -0.823  9770.78  8046.27 2.70 2.62  55.4 -0.397    19.66 21.63 02a59234o0535c    8192   17.639996
59234.592198 18.094452      NaN  -84    70 c    0   1.40 156.04305 -0.823  9826.70  8129.36 2.67 2.63  85.7 -0.498    17.16 18.77 02a59234o0610c       2   71.492443
59252.499957 20.543943      NaN    2     7 c    0   1.54 156.04305 -0.823  4738.58  4238.13 2.60 2.43 -82.7 -0.372    19.78 22.01 01a59252o0640c       0   16.129769
59252.503181 20.449472      NaN  -15     8 c    0   1.16 156.04305 -0.823  4758.44  4277.61 2.60 2.43 -79.9 -0.371    19.78 22.01 01a59252o0647c       0   16.588232
59252.513037 20.495680      NaN    3     7 c    0   1.17 156.04305 -0.823  4700.48  4199.68 2.80 2.63 -80.5 -0.369    19.66 22.01 01a59252o0667c       0   16.129769
59252.518564 20.244005      NaN    9     7 c    0   1.37 156.04305 -0.823  4684.39  4313.93 2.74 2.56 -82.3 -0.369    19.69 22.02 01a59252o0679c       0   16.129769
59256.480034 20.321591      NaN   -5     9 c    0   1.07 156.04305 -0.823   572.14  8852.92 2.56 2.31 -64.8 -0.379    19.80 22.03 01a59256o0592c       0   17.092965
59256.511396 20.449472      NaN   -6     8 c    0   1.15 156.04305 -0.823   601.50  8885.29 2.66 2.43 -55.4 -0.373    19.77 21.96 01a59256o0659c       0   16.588232
59256.514620 20.449472      NaN   -6     8 c    0   1.17 156.04305 -0.823   543.24  8807.76 2.64 2.42 -49.9 -0.371    19.74 21.96 01a59256o0666c       0   16.588232
59256.520615 20.449472      NaN   -1     8 c    0   1.11 156.04305 -0.823   524.08  8923.47 2.71 2.39 -54.8 -0.377    19.73 21.95 01a59256o0679c       0   16.588232
59258.420116 20.207197      NaN   -3    10 c    0   0.99 156.04305 -0.823  2839.97  4321.85 2.82 2.71  42.2 -0.389    19.59 21.64 02a59258o0442c       0   17.639996
59258.423795 20.321591      NaN   -5     9 c    0   1.12 156.04305 -0.823  2862.66  4359.75 2.75 2.65  32.8 -0.389    19.63 21.63 02a59258o0450c       0   17.092965
59258.428884 20.321591      NaN  -20     9 c    0   1.15 156.04305 -0.823  2803.87  4283.00 2.81 2.67  28.2 -0.388    19.59 21.63 02a59258o0461c       0   17.092965
59258.446574 20.594452      NaN   -4     7 c    0   1.70 156.04305 -0.823  2785.72  4401.15 2.61 2.51  24.5 -0.398    19.67 21.65 02a59258o0498c       0   16.129769
59260.432753 20.282105      NaN    5     8 c    0   1.18 156.04305 -0.823  9990.14  1754.61 2.86 2.63 -63.1 -0.362    19.77 21.79 01a59260o0383c       0   16.588232
59260.445386 20.449472      NaN  -18     8 c    0   1.69 156.04305 -0.823  9970.28  1715.31 2.92 2.74 -65.2 -0.360    19.75 21.81 01a59260o0410c       0   16.588232
59260.448626 20.039830      NaN    9     9 c    0   1.29 156.04305 -0.823 10028.65  1792.68 3.14 2.94 -65.8 -0.352    19.65 21.80 01a59260o0417c       0   17.092965
59260.453756 20.207197      NaN  -17    10 c    0   1.00 156.04305 -0.823 10048.52  1675.08 2.99 2.83 -46.3 -0.355    19.69 21.82 01a59260o0428c       0   17.639996
59262.468268 19.979496      NaN   14     8 c    0   1.14 156.04305 -0.823  7739.76  6232.43 2.78 2.44  42.4 -0.385    19.70 21.61 02a59262o0555c       0   16.588232
59262.501782 20.207197      NaN  -12    10 c    0   0.93 156.04305 -0.823  7718.64  6197.28 2.69 2.43  45.6 -0.389    19.66 21.57 02a59262o0627c       0   17.639996
59262.504989 20.171596      NaN    2    10 c    0   0.84 156.04305 -0.823  7778.16  6275.37 2.76 2.45  43.5 -0.390    19.61 21.51 02a59262o0634c       0   17.639996
59262.512311 20.103715      NaN  -12    11 c    0   0.91 156.04305 -0.823  7799.28  6161.37 2.81 2.50  45.1 -0.380    19.45 21.29 02a59262o0650c       0   18.225516
59264.457898 16.522871      NaN   63   277 c    0   1.47 156.04305 -0.823  6980.52  2700.15 2.56 2.46 -25.3 -0.365    15.96 18.05 01a59264o0530c       2  277.380910
59264.468030 18.317510      NaN   -3    57 c    0   1.22 156.04305 -0.823  7001.71  2736.47 2.56 2.48 -39.0 -0.363    17.35 19.44 01a59264o0552c    8192   58.823205
59264.473574 17.913871      NaN   24    75 c    0   1.39 156.04305 -0.823  6944.04  2657.21 2.53 2.45 -44.7 -0.363    17.20 19.26 01a59264o0564c       2   76.394826
59264.476828 18.550302      NaN  -39    46 c    0   1.67 156.04305 -0.823  6925.96  2773.13 2.43 2.35 -23.9 -0.364    17.53 19.57 01a59264o0571c    8192   48.240745
59308.354055 20.321591      NaN    1     9 c    0   0.86 156.04305 -0.823  8780.62  8889.55 2.48 2.32  80.4 -0.364    19.79 21.43 01a59308o0085c       0   17.092965
59308.357297 20.171596      NaN    2    10 c    0   1.09 156.04305 -0.823  8801.22  8928.40 2.47 2.26  83.7 -0.366    19.85 21.51 01a59308o0092c       0   17.639996
59308.363749 19.351140      NaN  -12    22 c    0   0.62 156.04305 -0.823  8742.00  8849.71 2.55 2.31  84.5 -0.353    19.21 20.84 01a59308o0106c       0   26.366066
59308.376649 20.171596      NaN    8     8 c    0   1.15 156.04305 -0.823  8725.66  8963.06 2.51 2.26  78.5 -0.352    19.89 21.56 01a59308o0134c       0   16.588232
59312.361489 20.594452      NaN   -1     7 c    0   1.44 156.04305 -0.823  9034.70  4519.25 2.53 2.40 -85.9 -0.414    19.99 21.92 01a59312o0311c       0   16.129769
59312.364714 20.449472      NaN   -4     8 c    0   1.14 156.04305 -0.823  9054.42  4556.65 2.47 2.33 -84.6 -0.412    19.99 21.89 01a59312o0318c       0   16.588232
59312.372127 20.594452      NaN   -6     7 c    0   1.07 156.04305 -0.823  8995.39  4480.24 2.42 2.28  87.1 -0.412    20.02 21.88 01a59312o0334c       0   16.129769
59312.407100 20.594452      NaN   -4     7 c    0   1.63 156.04305 -0.823  8983.76  4593.69 2.48 2.26  88.2 -0.411    19.95 21.75 01a59312o0409c       0   16.129769
59338.353539 19.841877      NaN   -2    14 c    0   1.70 156.04305 -0.823  7932.55 10140.26 2.70 2.59 -67.1 -0.392    19.08 20.71 02a59338o0196c       0   20.178440
59338.356763 19.128787      NaN   22    20 c    0   1.13 156.04305 -0.823  7914.31 10100.77 2.70 2.57 -61.0 -0.395    19.01 20.63 02a59338o0203c       0   24.721842
59338.366859 19.384550      NaN   17    16 c    0   0.98 156.04305 -0.823  7974.69 10179.91 2.71 2.66 -79.5 -0.382    19.19 20.82 02a59338o0225c       0   21.614103
59338.373752 19.367717      NaN   18    16 c    0   1.49 156.04305 -0.823  7993.82 10061.06 2.75 2.69 -64.1 -0.386    19.07 20.69 02a59338o0240c       0   21.614103
59342.309629 19.894850      NaN   14     9 c    0   1.88 156.04305 -0.823  7938.38 10138.03 2.66 2.60 -68.2 -0.394    19.70 21.50 02a59342o0159c       0   17.092965
59342.313756 20.207197      NaN  -12    10 c    0   0.83 156.04305 -0.823  7918.58 10098.59 2.65 2.61 -74.3 -0.391    19.69 21.50 02a59342o0168c       0   17.639996
59342.319251 20.207197      NaN   -9    10 c    0   0.97 156.04305 -0.823  7977.58 10177.88 2.71 2.66 -68.1 -0.394    19.66 21.49 02a59342o0180c       0   17.639996
59342.331712 20.103715      NaN    4    10 c    0   1.20 156.04305 -0.823  7998.82 10060.95 2.70 2.66  84.9 -0.392    19.68 21.48 02a59342o0207c       0   17.639996
59346.307989 20.207197      NaN   -3    10 c    0   1.10 156.04305 -0.823  9689.15  6153.92 2.59 2.53  70.9 -0.405    19.68 21.45 02a59346o0170c       0   17.639996
59346.311670 20.207197      NaN   -8    10 c    0   1.19 156.04305 -0.823  9669.57  6115.37 2.54 2.48  77.5 -0.406    19.67 21.42 02a59346o0178c       0   17.639996
59346.318165 20.103715      NaN    1    11 c    0   0.93 156.04305 -0.823  9728.99  6193.45 2.62 2.57 -82.9 -0.403    19.63 21.41 02a59346o0192c       0   18.225516
59346.329201 20.009244      NaN   10     9 c    0   1.24 156.04305 -0.823  9750.16  6076.98 2.67 2.61 -68.9 -0.405    19.61 21.43 02a59346o0216c       0   17.092965
59350.283520 19.979496      NaN    5    11 c    0   1.20 156.04305 -0.823  9694.00  6151.85 2.76 2.69 -68.9 -0.399    19.47 21.12 02a59350o0110c       0   18.225516
59350.289038 19.894850      NaN   11    10 c    0   1.32 156.04305 -0.823  9674.02  6113.34 2.75 2.70 -80.5 -0.398    19.46 21.13 02a59350o0122c       0   17.639996
59350.292711 19.979496 0.352131   38    12 c    0   1.21 156.04305 -0.823  9731.74  6192.37 3.03 2.99  47.8 -0.376    19.34 21.15 02a59350o0130c       0   18.845940
59350.302843 20.009244      NaN   -1    12 c    0   1.03 156.04305 -0.823  9752.66  6075.44 2.83 2.77 -67.8 -0.390    19.41 21.14 02a59350o0152c       0   18.845940
59368.289413 20.449472      NaN    4     7 c    0   1.51 156.04305 -0.823  7103.67  4619.37 2.24 2.03 -82.6 -0.395    19.87 21.34 01a59368o0118c       0   16.129769
59368.292637 20.449472      NaN   -3     8 c    0   0.85 156.04305 -0.823  7122.91  4657.20 2.30 2.07 -81.7 -0.398    19.82 21.33 01a59368o0125c       0   16.588232
59368.298165 20.449472      NaN   -9     8 c    0   1.25 156.04305 -0.823  7063.68  4581.64 2.27 2.07 -80.2 -0.392    19.83 21.30 01a59368o0137c       0   16.588232
59368.311577 20.449472      NaN  -22     8 c    0   1.19 156.04305 -0.823  7042.00  4697.62 2.36 2.10 -81.3 -0.402    19.72 21.23 01a59368o0166c       0   16.588232
59372.246279 19.318728      NaN   18    17 c    0   1.44 156.04305 -0.823  7098.17  4619.06 2.24 2.02 -83.4 -0.396    19.05 19.60 01a59372o0022c       0   22.364468
59372.249503 19.841877      NaN   -1    14 c    0   0.98 156.04305 -0.823  7118.38  4656.64 2.23 2.03 -84.6 -0.401    19.37 20.24 01a59372o0029c       0   20.178440
59372.256879 20.171596      NaN    2    10 c    0   0.93 156.04305 -0.823  7059.20  4578.36 2.27 1.98 -85.5 -0.416    19.77 21.08 01a59372o0045c       0   17.639996
59372.268419 20.207197      NaN    4     9 c    0   1.12 156.04305 -0.823  7039.95  4693.51 2.28 2.00 -83.9 -0.413    19.85 21.32 01a59372o0070c       0   17.092965
59376.267208 20.321591      NaN  -18     9 c    0   1.43 156.04305 -0.823  2427.17  7061.15 2.50 2.22 -74.1 -0.396    19.63 21.24 01a59376o0065c       0   17.092965
59376.270443 20.321591      NaN  -15     9 c    0   1.09 156.04305 -0.823  2446.63  7099.68 2.50 2.29 -76.3 -0.393    19.63 21.24 01a59376o0072c       0   17.092965
59376.276898 19.868040      NaN   15     9 c    0   1.31 156.04305 -0.823  2388.97  7022.30 2.39 2.20 -76.3 -0.396    19.67 21.24 01a59376o0086c       0   17.092965
59376.291187 20.171596      NaN    2    10 c    0   0.88 156.04305 -0.823  2366.75  7137.81 2.46 2.25 -74.3 -0.403    19.66 21.20 01a59376o0117c       0   17.639996
59394.253174 18.519279      NaN   20    41 c    0   1.32 156.04305 -0.823  2354.68  3806.84 2.35 2.24 -82.0 -0.408    17.87 18.77 02a59394o0020c       0   43.499074
59394.256379 18.910912      NaN   28    24 c    0   1.12 156.04305 -0.823  2336.12  3767.74 2.34 2.22 -76.6 -0.417    18.46 19.38 02a59394o0027c       0   28.056540
59394.261872 19.696897      NaN    7    14 c    0   1.37 156.04305 -0.823  2394.75  3845.35 2.36 2.25 -73.9 -0.413    19.03 20.13 02a59394o0039c       0   20.178440
59394.273327 19.841877      NaN  -10    14 c    0   1.03 156.04305 -0.823  2414.33  3728.10 2.47 2.21 -52.7 -0.419    19.18 20.49 02a59394o0064c       0   20.178440
59526.587837 19.766969      NaN  -11    15 c    0   0.98 156.04305 -0.823  8877.07   633.74 2.74 2.40 -53.2 -0.375    19.38 20.90 02a59526o0881c       0   20.884670
59526.591064 19.766969      NaN   -4    15 c    0   1.09 156.04305 -0.823  8895.48   673.46 2.95 2.69 -50.0 -0.372    19.30 20.92 02a59526o0888c       0   20.884670
59526.598393 19.652575      NaN    6    15 c    0   1.12 156.04305 -0.823  8837.00   595.16 2.67 2.32 -55.8 -0.387    19.38 20.95 02a59526o0904c       0   20.884670
59526.608492 19.652575      NaN   15    12 c    0   1.24 156.04305 -0.823  8812.25   712.91 2.67 2.38 -55.1 -0.391    19.42 20.97 02a59526o0926c       0   18.845940
59586.507641 19.719755      NaN    6    14 c    0   0.83 156.04305 -0.823  2734.66  2381.63 2.42 2.35  85.6 -0.418    19.02 21.01 02a59586o0639c       0   20.178440
59586.511298 20.449472      NaN   -5     8 c    0   0.94 156.04305 -0.823  2757.59  2417.56 2.38 2.34  74.5 -0.418    19.66 21.72 02a59586o0647c       0   16.588232
59586.514986 20.244005      NaN    3     9 c    0   0.96 156.04305 -0.823  2697.63  2341.58 2.38 2.32  76.2 -0.420    19.63 21.70 02a59586o0655c       0   17.092965
59586.521844 20.449472      NaN   -9     8 c    0   1.38 156.04305 -0.823  2679.86  2457.37 2.31 2.26  66.3 -0.423    19.71 21.76 02a59586o0670c       0   16.588232
59590.651294 19.766969      NaN   16    10 c    0   1.12 156.04305 -0.823  7833.24  8189.00 2.71 2.62  37.8 -0.404    19.58 21.61 02a59590o0384c       0   17.639996
59590.654953 20.207197      NaN   -9    10 c    0   1.27 156.04305 -0.823  7813.83  8146.52 2.81 2.68  43.9 -0.398    19.52 21.58 02a59590o0392c       0   17.639996
59590.661721 20.009244      NaN  -19    12 c    0   1.06 156.04305 -0.823  7873.23  8226.03 3.04 2.99  48.9 -0.390    19.34 21.41 02a59590o0406c       0   18.845940
59590.668563 19.076453      NaN   41    15 c    0   1.12 156.04305 -0.823  7893.39  8109.34 2.74 2.65  34.1 -0.399    19.23 20.61 02a59590o0420c       0   20.884670
59609.053258 19.401649 0.155105   64     9 c    0   1.56 156.04305 -0.823   841.60  4341.09 3.05 2.34  83.7 -0.378    19.57 21.87 03a59609o0614c       0   17.092965
59609.058287 19.491430 0.187196   59    10 c    0   1.46 156.04305 -0.823   861.70  4381.05 3.22 2.46  84.0 -0.373    19.48 21.85 03a59609o0625c       0   17.639996
59609.061989 19.491430 0.187196   59    10 c    0   1.41 156.04305 -0.823   805.08  4305.05 3.03 2.28  83.5 -0.378    19.56 21.85 03a59609o0633c       0   17.639996
59609.071613 19.950541 0.314292   39    11 c    0   0.87 156.04305 -0.823   787.28  4424.58 3.09 2.42  84.4 -0.371    19.52 21.83 03a59609o0654c       0   18.225516
59612.497760 19.743105 0.212427   47     9 c    0   1.14 156.04305 -0.823  1802.21  1652.80 2.42 2.28 -69.6 -0.449    19.72 21.63 02a59612o0631c       0   17.092965
59612.501436 19.436675 0.160191   62     9 c    0   1.34 156.04305 -0.823  1782.23  1614.58 2.41 2.29 -72.4 -0.446    19.71 21.64 02a59612o0639c       0   17.092965
59612.506918 19.589310 0.163885   54     8 c    0   1.29 156.04305 -0.823  1841.47  1695.77 2.43 2.30 -65.5 -0.443    19.68 21.62 02a59612o0651c       0   16.588232
59612.516990 19.841877 0.284359   43    11 c    0   0.87 156.04305 -0.823  1860.85  1581.40 2.47 2.37 -67.4 -0.440    19.67 21.62 02a59612o0673c       0   18.225516
59616.458659 19.589310 0.184370   54     9 c    0   1.36 156.04305 -0.823  8787.13  8899.60 2.63 2.58 -70.7 -0.406    19.70 21.58 02a59616o0544c       0   17.092965
59616.460485 19.128787 0.147446   82    11 c    0   1.00 156.04305 -0.823  8806.06  8937.13 2.83 2.68 -65.4 -0.402    19.65 21.58 02a59616o0548c       0   18.225516
59616.465833 19.302877 0.157353   70    10 c    0   1.52 156.04305 -0.823  8747.84  8860.63 2.62 2.52 -63.6 -0.411    19.67 21.58 02a59616o0559c       0   17.639996
59616.483850 19.922338 0.306233   40    11 c    0   1.18 156.04305 -0.823  8727.16  8985.37 3.01 2.87 -64.9 -0.391    19.53 21.61 02a59616o0596c       0   18.225516
59616.964077 19.256669 0.165876   73    11 c    0   1.34 156.04305 -0.823  5793.96  6324.07 2.63 2.42  87.7 -0.404    19.44 21.61 03a59617o0416c       0   18.225516
59616.966352 19.454622 0.217147   61    12 c    0   0.92 156.04305 -0.823  5777.02  6284.56 2.55 2.31 -87.9 -0.406    19.49 21.64 03a59617o0421c       0   18.845940
59616.972740 19.287255 0.139595   71     9 c    0   1.54 156.04305 -0.823  5835.56  6361.41 2.71 2.46 -85.4 -0.394    19.41 21.66 03a59617o0435c       0   17.092965
59616.981007 19.367717 0.167036   66    10 c    0   1.24 156.04305 -0.823  5860.14  6245.64 2.35 2.19  87.2 -0.420    19.56 21.68 03a59617o0453c       0   17.639996
59636.408914 19.102305 0.130812   84    10 c    0   0.90 156.04305 -0.823   795.69  2477.85 2.45 2.35 -65.2 -0.429    19.69 21.54 02a59636o0428c       0   17.639996
59636.412114 19.142275 0.122145   81     9 c    0   1.63 156.04305 -0.823   815.89  2517.32 2.49 2.44 -63.9 -0.427    19.66 21.53 02a59636o0435c       0   17.092965
59636.414856 19.419021 0.157607   63     9 c    0   1.15 156.04305 -0.823   756.53  2437.78 2.47 2.36 -63.9 -0.433    19.68 21.53 02a59636o0441c       0   17.092965
59636.424927 19.212347 0.144765   76    10 c    0   1.02 156.04305 -0.823   739.60  2555.34 2.47 2.40 -62.4 -0.425    19.66 21.54 02a59636o0463c       0   17.639996
59640.404869 19.183773 0.141005   78    10 c    0   0.96 156.04305 -0.823   800.92  2474.91 2.36 2.25 -67.0 -0.441    19.72 21.59 02a59640o0394c       0   17.639996
59640.407883 19.271854 0.122336   72     8 c    0   1.80 156.04305 -0.823   819.21  2517.43 2.33 2.24 -70.6 -0.436    19.71 21.60 02a59640o0400c       0   16.588232
59640.410837 18.900000 0.108574  101    10 c    0   1.28 156.04305 -0.823   760.80  2438.63 2.35 2.23 -63.8 -0.435    19.69 21.61 02a59640o0406c       0   17.639996
59640.428953 18.967180 0.127054   95    11 c    0   1.16 156.04305 -0.823   741.47  2555.04 2.33 2.21 -61.5 -0.441    19.72 21.64 02a59640o0441c       0   18.225516
59643.145132 19.212347 0.231624   76    16 c    0   1.01 156.04305 -0.823  1797.46  1655.76 2.53 1.98  43.5 -0.395    18.91 20.95 04a59643o0322c       0   21.614103
59643.146512 19.014394 0.168892   91    14 c    0   0.98 156.04305 -0.823  1778.02  1616.18 2.49 2.00  43.4 -0.397    18.95 21.04 04a59643o0325c       0   20.178440
59643.151547 19.318728 0.351268   69    22 c    0   1.28 156.04305 -0.823  1840.32  1693.63 2.54 1.96  42.0 -0.394    18.43 20.44 04a59643o0336c       0   26.366066
59643.161570 17.759085      NaN  122    55 c    0   0.92 156.04305 -0.823  1864.73  1574.11 2.97 2.41  39.4 -0.372    17.80 19.92 04a59643o0358c       0   56.887340
59644.429347 19.256669 0.301593   73    20 c    0   1.02 156.04305 -0.823  1597.35  7955.20 2.29 2.13  23.2 -0.460    18.95 21.68 02a59644o0355c       0   24.721842
59644.432380 18.967180 0.196357   95    17 c    0   1.30 156.04305 -0.823  1578.18  7917.01 2.28 2.14  24.9 -0.450    18.94 21.71 02a59644o0361c       0   22.364468
59644.438323 19.197966 0.257148   77    18 c    0   1.08 156.04305 -0.823  1636.60  7994.80 2.29 2.14  24.1 -0.448    18.92 21.74 02a59644o0373c       0   23.133730
59644.448265 18.900000 0.260577  101    24 c    0   0.84 156.04305 -0.823  1657.80  7877.92 2.59 2.42  37.5 -0.436    18.82 21.71 02a59644o0393c       0   28.056540
59664.483876 19.384550      NaN   23    14 c    0   0.94 156.04305 -0.823  7744.32  6236.59 2.93 2.72  37.5 -0.391    19.30 21.40 02a59664o0342c       0   20.178440
59664.487534 19.271854 0.229381   72    15 c    0   1.03 156.04305 -0.823  7724.60  6197.34 3.10 2.80  36.5 -0.380    19.31 21.43 02a59664o0350c       0   20.884670
59664.494393 19.115465 0.198610   83    15 c    0   0.93 156.04305 -0.823  7782.02  6276.49 2.91 2.69  34.0 -0.384    19.31 21.38 02a59664o0365c       0   20.884670
59668.317032 18.396507      NaN   46    38 c    0   1.12 156.04305 -0.823  6950.36   760.92 2.34 2.17 -71.7 -0.427    18.17 20.08 02a59668o0224c       0   40.683774
59668.318867 19.302877      NaN  -27    23 c    0   2.20 156.04305 -0.823  6969.45   801.52 2.33 2.19 -78.9 -0.424    18.32 20.25 02a59668o0228c       0   27.206055
59668.321662 18.362890      NaN   30    45 c    0   0.79 156.04305 -0.823  6912.33   722.19 2.35 2.19 -79.2 -0.427    17.82 19.80 02a59668o0234c       0   47.288153
59668.328113 18.039019      NaN   42    60 c    0   1.58 156.04305 -0.823  6892.57   841.24 2.42 2.30 -73.1 -0.412    17.45 19.38 02a59668o0248c       0   61.734670
59668.911369 17.368040      NaN   33   126 c    0   0.92 156.04305 -0.823  6149.82  6834.19 2.35 2.14 -46.4 -0.401    16.74 18.57 03a59669o0436c       2  126.835206
59668.921247 17.875167      NaN  126    44 c    0   1.38 156.04305 -0.823  6124.76  6949.73 2.41 2.13 -44.7 -0.386    17.78 19.57 03a59669o0457c       0   46.337560
59672.810287 19.549093 0.177666   56     9 c    0   1.04 156.04305 -0.823  1877.87  1597.50 2.63 2.49 -16.7 -0.392    19.68 21.62 03a59673o0212c       0   17.092965
59672.811670 20.009244 0.271434   37     9 c    0   1.00 156.04305 -0.823  1858.92  1558.31 2.74 2.61 -30.3 -0.379    19.64 21.63 03a59673o0215c       0   17.092965
59672.814403 19.569016 0.160850   55     8 c    0   1.66 156.04305 -0.823  1915.45  1638.83 2.61 2.46 -19.6 -0.391    19.70 21.63 03a59673o0221c       0   16.588232
59672.822142 19.436675 0.160191   62     9 c    0   1.42 156.04305 -0.823  1935.03  1523.63 2.52 2.40 -36.4 -0.397    19.73 21.63 03a59673o0238c       0   17.092965
59676.289713 19.841877 0.310210   43    12 c    0   1.44 156.04305 -0.823  7136.19  4651.06 2.36 2.27  35.3 -0.416    19.44 21.28 02a59676o0163c       0   18.845940
59676.292911 19.302877      NaN   34    12 c    0   1.30 156.04305 -0.823  7155.76  4689.34 2.40 2.31  36.9 -0.416    19.41 21.29 02a59676o0170c       0   18.845940
59676.295653 19.631075 0.212889   52    10 c    0   1.32 156.04305 -0.823  7098.04  4611.29 2.39 2.31  31.2 -0.414    19.43 21.30 02a59676o0176c       0   17.639996
59676.319708 19.766969 0.337785   46    14 c    0   0.94 156.04305 -0.823  3513.79  5840.18 2.79 2.63  30.8 -0.406    19.22 21.26 02a59676o0227c       0   20.178440
59676.786808 19.014394      NaN   43    16 c    0   1.18 156.04305 -0.823  1879.60  1595.36 5.78 5.23 -77.7 -0.152    18.86 21.19 03a59677o0172c       0   21.614103
59676.789567 19.816329 0.302996   44    12 c    0   0.87 156.04305 -0.823  1860.60  1556.53 2.70 2.55 -26.8 -0.391    19.49 21.20 03a59677o0178c       0   18.845940
59680.314179 18.403357      NaN   51    36 c    0   0.92 156.04305 -0.823  3463.02  5930.05 2.57 2.25  31.3 -0.400    18.30 19.86 02a59680o0194c    8192   38.822280
59680.319596 17.613631      NaN   94    78 c    0   0.95 156.04305 -0.823  3443.05  5889.79 2.66 2.28  34.5 -0.385    17.56 19.14 02a59680o0205c       2   79.342104
59680.322826 18.208845      NaN  -22    63 c    0   0.93 156.04305 -0.823  3501.79  5970.36 2.62 2.28  34.0 -0.389    17.72 19.31 02a59680o0212c       2   64.654230
59680.358162 18.944322      NaN  -25    32 c    0   0.86 156.04305 -0.823  3513.71  5852.18 2.55 2.24  37.7 -0.398    18.45 20.02 02a59680o0286c    8192   35.144978
59692.340725 19.674510      NaN    5    15 c    0   0.80 156.04305 -0.823  5999.77 10225.91 2.68 2.47  45.2 -0.402    19.43 21.30 02a59692o0155c       0   20.884670
59692.344380 19.212347      NaN   16    20 c    0   1.47 156.04305 -0.823  5980.45 10186.75 2.67 2.51  46.4 -0.412    18.62 20.38 02a59692o0163c       0   24.721842
59692.350815 19.510313 0.285720   58    15 c    0   1.24 156.04305 -0.823  6070.47    63.04 2.43 2.13 -78.6 -0.429    19.34 21.25 02a59692o0177c       0   20.884670
59692.351271 19.696897      NaN  -22    16 c    0   1.82 156.04305 -0.823  6039.15 10265.48 2.70 2.49  51.2 -0.401    18.35 20.13 02a59692o0178c       0   21.614103
59692.363173 18.058851      NaN    5    71 c    0   1.04 156.04305 -0.823  6060.01 10148.23 2.62 2.48  47.6 -0.413    17.67 19.34 02a59692o0204c       2   72.471853
59696.301506 19.419021      NaN   21    14 c    0   1.20 156.04305 -0.823  6000.40 10219.87 2.71 2.44  39.3 -0.417    19.49 21.34 02a59696o0159c       0   20.178440
59696.304733 19.436675      NaN   17    15 c    0   0.99 156.04305 -0.823  5980.96 10180.29 2.65 2.42  41.3 -0.418    19.50 21.34 02a59696o0166c       0   20.884670
59696.310701 19.841877 0.336061   43    13 c    0   1.51 156.04305 -0.823  6038.56 10259.45 2.63 2.46  43.1 -0.412    19.50 21.33 02a59696o0179c       0   19.497934
59696.319147 19.401649      NaN   13    17 c    0   0.90 156.04305 -0.823  6069.08    56.28 2.42 2.08 -73.4 -0.448    19.52 21.35 02a59696o0197c       0   22.364468
59696.320977 19.549093      NaN   11    15 c    0   0.99 156.04305 -0.823  6057.69 10142.85 2.63 2.45  42.7 -0.420    19.53 21.36 02a59696o0201c       0   20.884670
59700.297432 14.702339      NaN -959  1592 c    0   0.99 156.04305 -0.823  6113.66  1968.48 2.48 2.40  54.8 -0.399    14.80 16.26 02a59700o0150c 8388610 1592.066321
59700.320901 15.485344      NaN -906   774 c    0   0.85 156.04305 -0.823  6173.19  1894.13 2.59 2.46  61.5 -0.408    14.65 16.00 02a59700o0201c 8388610  774.136402
59704.283905 18.910912      NaN   25    25 c    0   0.87 156.04305 -0.823  6120.05  1974.01 2.58 2.49  62.2 -0.390    18.64 20.13 02a59704o0117c       0   28.916595
59704.287577 19.816329      NaN   14    10 c    0   0.98 156.04305 -0.823  6100.42  1935.70 2.43 2.34  77.3 -0.406    19.48 21.07 02a59704o0125c       0   17.639996
59704.305002 19.719755      NaN    9    13 c    0   1.05 156.04305 -0.823  6158.60  2016.05 2.39 2.31  71.4 -0.403    19.12 20.67 02a59704o0163c       0   19.497934
59704.313261 19.894850      NaN   14     9 c    0   1.15 156.04305 -0.823  6179.15  1899.00 2.41 2.31  67.9 -0.399    19.52 21.06 02a59704o0181c       0   17.092965
59720.302134 20.207197 0.289530   31     8 c    0   1.52 156.04305 -0.823   400.50  3899.74 2.33 2.29 -79.5 -0.419    19.55 21.04 02a59720o0147c       0   16.588232
59720.306244 19.841877      NaN   16     9 c    0   1.34 156.04305 -0.823   381.35  3860.76 2.31 2.29  76.4 -0.416    19.49 21.03 02a59720o0156c       0   17.092965
59720.313556 19.979496      NaN    8    10 c    0   0.91 156.04305 -0.823   440.33  3939.59 2.31 2.27  55.2 -0.413    19.48 21.01 02a59720o0172c       0   17.639996
59720.328189 19.922338      NaN   10    10 c    0   1.02 156.04305 -0.823   461.31  3821.72 2.34 2.29  52.0 -0.424    19.50 20.98 02a59720o0204c       0   17.639996
59724.247165 19.401649      NaN   -1    21 c    0   1.15 156.04305 -0.823  1701.40  9936.11 2.52 2.29 -65.8 -0.471    18.91 19.90 02a59724o0024c       0   25.537609
59724.250362 19.816329      NaN    2    14 c    0   1.26 156.04305 -0.823  1683.24  9896.72 2.50 2.26 -63.5 -0.471    19.25 20.39 02a59724o0031c       0   20.178440
59724.257671 19.510313      NaN   19    13 c    0   1.09 156.04305 -0.823  1741.07  9974.59 2.58 2.29 -68.2 -0.447    19.51 20.93 02a59724o0047c       0   19.497934
59724.269610 19.841877      NaN  -22    14 c    0   0.95 156.04305 -0.823  1761.69  9859.20 2.46 2.23 -61.9 -0.456    19.54 21.01 02a59724o0073c       0   20.178440
59732.254858 19.894850      NaN    5    12 c    0   1.07 156.04305 -0.823  6227.30  3633.35 2.45 2.28  41.4 -0.405    19.25 20.42 02a59732o0036c       0   18.845940
59732.258056 19.816329      NaN   11    11 c    0   1.16 156.04305 -0.823  6208.55  3594.72 2.50 2.31  37.5 -0.404    19.39 20.68 02a59732o0043c       0   18.225516
59732.263574 19.569016      NaN   22    11 c    0   1.17 156.04305 -0.823  6268.20  3672.00 2.52 2.36  40.8 -0.405    19.43 20.88 02a59732o0055c       0   18.225516
59732.276380 20.321591      NaN    0     9 c    0   1.52 156.04305 -0.823  6289.17  3555.67 2.51 2.33  40.4 -0.407    19.51 20.98 02a59732o0083c       0   17.092965
59935.319134 20.449472      NaN  -13     8 c    0   1.31 156.04305 -0.823  6108.09  1992.81 2.27 2.05  -7.6 -0.401    19.67 21.59 04a59935o0654c       0   16.588232
59935.322287 20.207197      NaN    7     8 c    0   1.08 156.04305 -0.823  6090.45  1952.91 2.24 2.00   0.7 -0.406    19.69 21.59 04a59935o0661c       0   16.588232
59935.327694 20.321591      NaN   -7     9 c    0   0.83 156.04305 -0.823  6150.66  2029.52 2.26 1.99  -6.2 -0.409    19.70 21.62 04a59935o0673c       0   17.092965
59935.342940 20.449472      NaN    0     8 c    0   1.11 156.04305 -0.823  6178.14  1909.97 2.25 1.98 -11.0 -0.408    19.67 21.50 04a59935o0706c       0   16.588232
59939.316609 20.071303      NaN    5    10 c    0   0.97 156.04305 -0.823  5930.59  8276.03 2.98 2.42 -69.4 -0.373    19.56 21.75 04a59939o0642c       0   17.639996
59939.319763 20.594452      NaN   -3     7 c    0   1.81 156.04305 -0.823  5913.08  8236.83 2.85 2.35 -72.0 -0.384    19.57 21.78 04a59939o0649c       0   16.129769
59939.335140 20.321591      NaN  -17     9 c    0   1.00 156.04305 -0.823  5979.81  8312.26 2.83 2.34 -72.4 -0.381    19.58 21.77 04a59939o0682c       0   17.092965
59939.342719 20.207197      NaN    0    10 c    0   0.85 156.04305 -0.823  6002.83  8194.67 2.81 2.30 -70.6 -0.391    19.55 21.69 04a59939o0698c       0   17.639996
59939.359100 19.631075      NaN   -1    17 c    0   1.36 156.04305 -0.823  5974.05  8250.17 2.66 2.07 -71.5 -0.392    18.93 19.92 04a59939o0733c       0   22.364468
59943.303011 20.207197      NaN    4     9 c    0   0.90 156.04305 -0.823  5927.23  8274.21 2.60 2.05 -69.9 -0.404    19.62 21.60 04a59943o0599c       0   17.092965
59943.307994 19.719755      NaN   24     8 c    0   0.99 156.04305 -0.823  5908.91  8234.91 2.58 2.03 -68.2 -0.396    19.64 21.59 04a59943o0609c       0   16.588232
59943.311679 20.321591      NaN    1     9 c    0   1.25 156.04305 -0.823  5969.32  8311.37 2.53 1.95 -69.0 -0.411    19.68 21.59 04a59943o0617c       0   17.092965
59943.330435 20.009244      NaN   10     9 c    0   1.09 156.04305 -0.823  5999.11  8192.75 2.57 1.93 -71.0 -0.405    19.67 21.59 04a59943o0658c       0   17.092965
59943.362180 19.169763      NaN  -16    26 c    0   0.88 156.04305 -0.823  5982.54  8245.52 2.55 1.95 -71.8 -0.403    18.68 19.41 04a59943o0728c       0   29.785390
59965.009181 20.449472      NaN    0     8 c    0   1.03 156.04305 -0.823  6160.03  1994.26 2.22 2.08 -45.8 -0.421    19.82 21.61 03a59965o0523c       0   16.588232
59965.030806 20.321591      NaN   10     6 c    0   2.41 156.04305 -0.823  6151.20  1955.43 2.31 2.09 -47.3 -0.418    19.81 21.64 03a59965o0568c       0   15.721624
59965.032608 20.405150      NaN    2     8 c    0   1.00 156.04305 -0.823  6206.97  2033.95 2.43 2.20 -43.0 -0.402    19.73 21.64 03a59965o0572c       0   16.588232
59965.038019 19.841877      NaN   16     9 c    0   0.74 156.04305 -0.823  6231.15  1918.08 2.29 2.12 -45.0 -0.415    19.79 21.65 03a59965o0584c       0   17.092965
59967.116273 19.419021      NaN    9    18 c    0   1.10 156.04305 -0.823  7930.10  6370.72 2.48 2.19 -54.9 -0.398    18.89 19.71 03a59967o0304c    8192   23.133730
59969.049188 19.950541      NaN   15     8 c    0   1.56 156.04305 -0.823  4731.91  2298.72 2.49 2.26 -55.9 -0.408    19.66 21.59 03a59969o0565c       0   16.588232
59969.084161 20.362567      NaN    3     8 c    0   1.53 156.04305 -0.823  4751.96  2337.05 2.79 2.52 -56.7 -0.392    19.57 21.57 03a59969o0641c       0   16.588232
59969.108551 20.207197      NaN   -4    10 c    0   1.19 156.04305 -0.823  4696.70  2259.06 2.53 2.27 -56.8 -0.396    19.48 21.10 03a59969o0693c       0   17.639996
59969.113652 19.384550      NaN   23    14 c    0   1.41 156.04305 -0.823  4676.51  2376.42 2.54 2.33 -59.7 -0.529    19.20 20.43 03a59969o0704c       0   20.178440
59994.180889 20.207197      NaN  -11    10 c    0   1.16 156.04305 -0.823 10014.21  1789.32 3.08 2.27 -18.3 -0.377    19.52 21.29 04a59994o0380c       0   17.639996
59994.184046 19.696897      NaN   13    12 c    0   1.10 156.04305 -0.823  9996.80  1750.11 3.09 2.23 -18.0 -0.381    19.54 21.28 04a59994o0387c       0   18.845940
59994.187202 20.039830      NaN    3    11 c    0   1.28 156.04305 -0.823 10056.87  1827.95 3.07 2.23 -16.6 -0.377    19.53 21.30 04a59994o0394c       0   18.225516
59994.192612 20.207197      NaN   -3    10 c    0   1.26 156.04305 -0.823 10080.20  1710.74 3.13 2.21 -18.6 -0.387    19.51 21.30 04a59994o0406c       0   17.639996
59998.169803 20.009244      NaN  -13    12 c    0   1.05 156.04305 -0.823 10013.25  1788.59 3.16 2.22 -19.2 -0.383    19.52 21.40 04a59998o0363c       0   18.845940
59998.172507 19.719755      NaN   15    11 c    0   0.95 156.04305 -0.823  9994.63  1749.43 3.08 2.23 -15.8 -0.383    19.53 21.40 04a59998o0369c       0   18.225516
59998.208011 20.009244      NaN   -8    12 c    0   0.92 156.04305 -0.823   542.82  8798.03 2.57 2.15 -88.2 -0.374    19.57 21.43 04a59998o0445c       0   18.845940
59998.231178 19.950541      NaN    6    11 c    0   1.30 156.04305 -0.823   540.36  8889.33 2.65 2.08 -80.7 -0.370    19.61 21.43 04a59998o0494c       0   18.225516
60000.474776 20.103715      NaN   -3    11 c    0   1.04 156.04305 -0.823  2317.93  3797.98 2.76 2.49  40.9 -0.405    19.40 21.19 02a60000o0382c       0   18.225516
60000.497727 19.816329      NaN   14    10 c    0   1.14 156.04305 -0.823  2305.04  3760.82 2.60 2.42  46.1 -0.409    19.46 21.27 02a60000o0429c       0   17.639996
60000.504387 20.321591      NaN   -7     9 c    0   1.31 156.04305 -0.823  2363.86  3831.70 2.60 2.39  48.0 -0.407    19.47 21.28 02a60000o0443c       0   17.092965
60000.510726 20.321591      NaN    1     9 c    0   2.02 156.04305 -0.823  2385.81  3716.36 2.61 2.43  46.8 -0.408    19.47 21.27 02a60000o0456c       0   17.092965
60020.892466 20.761819      NaN    1     6 c    0   1.89 156.04305 -0.823  4793.24  4247.59 2.42 2.16 -60.1 -0.382    19.76 21.69 03a60021o0357c       0   15.721624
60020.895622 20.009244      NaN   -5    12 c    0   0.98 156.04305 -0.823  4810.71  4286.20 2.40 2.20 -55.4 -0.383    19.39 21.30 03a60021o0364c       0   18.845940
60020.901045 20.039830      NaN    6    10 c    0   1.43 156.04305 -0.823  4754.84  4208.19 2.44 2.18 -61.3 -0.386    19.39 21.31 03a60021o0376c       0   17.639996
60020.934864 19.766969      NaN   19     9 c    0   1.41 156.04305 -0.823  4736.69  4323.55 2.69 2.41 -55.1 -0.375    19.63 21.69 03a60021o0450c       0   17.092965
60024.894481 20.103715      NaN   -8    11 c    0   1.05 156.04305 -0.823   505.39  8689.61 2.56 2.31 -41.5 -0.387    19.73 21.56 03a60025o0368c       0   18.225516
60024.897646 20.207197      NaN  -10    10 c    0   1.04 156.04305 -0.823   523.55  8729.16 2.59 2.30 -45.0 -0.394    19.73 21.58 03a60025o0375c       0   17.639996
60024.903530 20.207197      NaN   -2    10 c    0   1.05 156.04305 -0.823   467.09  8650.71 2.63 2.36 -41.5 -0.385    19.69 21.56 03a60025o0388c       0   17.639996
60024.913565 19.766969      NaN   16    10 c    0   1.19 156.04305 -0.823   443.79  8767.98 2.65 2.36 -42.8 -0.393    19.68 21.58 03a60025o0410c       0   17.639996
60048.115176 19.950541      NaN    6    11 c    0   1.18 156.04305 -0.823  4720.59  2301.00 2.53 2.43   8.0 -0.375    19.35 21.38 04a60048o0334c       0   18.225516
60048.118355 20.009244      NaN   -3    12 c    0   1.10 156.04305 -0.823  4740.46  2337.47 2.74 2.62  20.3 -0.368    19.30 21.40 04a60048o0341c       0   18.845940
60048.123810 19.868040      NaN   15     9 c    0   1.61 156.04305 -0.823  4685.52  2255.26 2.48 2.37  17.8 -0.377    19.40 21.41 04a60048o0353c       0   17.092965
60048.146516 20.103715      NaN    1    11 c    0   1.04 156.04305 -0.823  4671.89  2358.90 2.35 2.22  14.5 -0.384    19.42 21.39 04a60048o0402c       0   18.225516
60051.094258 19.589310      NaN   12    14 c    0   1.07 156.04305 -0.823 10224.84  6666.02 3.13 2.40 -16.4 -0.388    19.31 21.01 04a60051o0294c       0   20.178440
60051.097435 19.841877      NaN   -1    14 c    0   1.01 156.04305 -0.823 10246.52  6702.47 3.17 2.32 -15.0 -0.386    19.34 21.00 04a60051o0301c       0   20.178440
60051.104801 19.841877      NaN  -18    14 c    0   1.05 156.04305 -0.823 10190.79  6618.69 3.18 2.31 -17.1 -0.383    19.28 20.98 04a60051o0317c       0   20.178440
60051.118904 19.841877      NaN   -3    14 c    0   1.07 156.04305 -0.823 10175.05  6727.86 3.12 2.36 -17.3 -0.390    19.28 20.99 04a60051o0348c       0   20.178440
60054.099399 19.743105      NaN   11    12 c    0   0.88 156.04305 -0.823  4404.11  6934.98 2.22 1.99 -75.5 -0.376    19.40 21.20 04a60054o0312c       0   18.845940
60054.102557 20.495680      NaN    3     7 c    0   2.15 156.04305 -0.823  4424.15  6971.96 2.28 1.99 -73.5 -0.378    19.40 21.20 04a60054o0319c       0   16.129769
60054.109380 20.207197      NaN   -7    10 c    0   1.26 156.04305 -0.823  4369.47  6889.65 2.25 1.99 -72.5 -0.374    19.41 21.20 04a60054o0334c       0   17.639996
60054.120315 20.207197      NaN   -1    10 c    0   0.97 156.04305 -0.823  4352.85  6999.45 2.29 2.00 -69.0 -0.372    19.42 21.24 04a60054o0358c       0   17.639996
60057.084777 20.009244      NaN  -17    12 c    0   1.20 156.04305 -0.823  2670.79   444.71 3.10 2.22  47.7 -0.364    19.36 21.33 04a60057o0224c       0   18.845940
60057.087933 20.009244      NaN  -11    12 c    0   1.17 156.04305 -0.823  2691.91   481.71 3.11 2.30  47.6 -0.368    19.32 21.33 04a60057o0231c       0   18.845940
60057.094760 19.950541      NaN    3    12 c    0   1.17 156.04305 -0.823  2635.60   398.15 3.14 2.26  48.7 -0.362    19.34 21.33 04a60057o0246c       0   18.845940
60057.106087 19.609992      NaN   17    12 c    0   0.99 156.04305 -0.823  2621.70   507.00 3.14 2.34  47.9 -0.352    19.31 21.36 04a60057o0271c       0   18.845940