         MJD         m       dm    uJy  duJy F  err  chi/N       RA      Dec        x        y  maj  min   phi  apfit  mag5sig   Sky            Obs    Mask   duJy_new
57246.521617 19.491430      NaN   15.0    16 c    0   1.50 25.48146 -3.28961  3634.83  6842.76 3.76 3.50 -64.4 -0.403    19.46 21.27 02a57246o0377c       0  20.952636
57246.550729 19.766969      NaN   -1.0    15 c    0   1.04 25.48146 -3.28961  3630.29  6846.56 3.81 3.56 -63.4 -0.402    19.52 21.40 02a57246o0416c       0  20.199330
57246.561296 19.766969      NaN  -27.0    15 c    0   0.91 25.48146 -3.28961  5073.69  5402.75 3.71 3.54 -56.7 -0.404    19.54 21.45 02a57246o0431c       0  20.199330
57246.597945 19.766969      NaN   -1.0    15 c    0   0.72 25.48146 -3.28961  5068.79  5410.81 3.66 3.53 -64.8 -0.405    19.62 21.60 02a57246o0481c       0  20.199330
57334.421698 19.696897      NaN   -5.0    16 c    0   1.01 25.48146 -3.28961  7067.49  3778.70 4.10 4.07  24.8 -0.361    19.38 21.32 02a57334o0354c       0  20.952636
57334.452968 19.454622      NaN   17.0    16 c    0   1.08 25.48146 -3.28961  7068.31  3779.77 4.00 3.98  -0.9 -0.365    19.36 21.23 02a57334o0399c       0  20.952636
57334.521079 19.318728      NaN   19.0    18 c    0   1.00 25.48146 -3.28961  5620.60  5229.92 4.04 3.95 -73.9 -0.363    19.20 21.04 02a57334o0458c       0  22.516948
57370.205131 19.302877      NaN    8.0    22 c    0   0.97 25.48146 -3.28961  1071.29  4807.52 4.65 3.99 -51.7 -0.450    19.30 21.18 02a57370o0044c       0  25.826594
57370.205739 19.089302      NaN   20.0    23 c    0   0.83 25.48146 -3.28961  1071.84  4807.23 4.75 4.07 -53.1 -0.432    19.30 21.20 02a57370o0045c       0  26.683571
57370.206341 19.212347      NaN   11.0    23 c    0   0.95 25.48146 -3.28961  1072.30  4806.94 4.76 4.08 -54.2 -0.435    19.32 21.23 02a57370o0046c       0  26.683571
57374.192677 17.536732      NaN -157.0   117 c    0   1.21 25.48146 -3.28961  3866.26  4817.13 5.10 3.40  15.5 -0.387    17.03 18.55 02a57374o0020c       2 117.779510
57374.193287 17.439172      NaN -289.0   128 c    0   0.95 25.48146 -3.28961  3866.57  4816.55 5.24 3.75  14.9 -0.368    17.08 18.63 02a57374o0021c       2 128.712909
57374.193889 17.633737      NaN -243.0   107 c    0   1.15 25.48146 -3.28961  3866.91  4816.50 5.23 3.75  15.7 -0.381    17.16 18.71 02a57374o0022c       2 107.851810
57374.310577 18.649074      NaN  -53.0    42 c    0   1.24 25.48146 -3.28961  7836.16  3848.74 4.74 4.25 -57.5 -0.385    18.19 19.79 02a57374o0111c    8192  44.124970
57374.327190 18.376212      NaN  -30.0    54 c    0   1.04 25.48146 -3.28961  6971.77  2690.44 5.14 4.63 -22.5 -0.363    18.10 19.78 02a57374o0138c    8192  55.668779
57374.343124 18.243872      NaN   -5.0    61 c    0   1.11 25.48146 -3.28961  6678.18  4436.08 4.11 3.27  81.0 -0.404    17.92 19.50 02a57374o0164c       2  62.482101
57398.273025 19.510313      NaN   -3.0    19 c    0   0.75 25.48146 -3.28961  7355.81  3428.72 4.08 3.92  20.1 -0.427    19.45 21.39 02a57398o0125c       0  23.324085
57398.289548 19.569016      NaN   11.0    16 c    0   1.02 25.48146 -3.28961  7668.61  4014.94 3.92 3.80  58.3 -0.441    19.47 21.40 02a57398o0152c       0  20.952636
57398.306067 19.510313      NaN  -11.0    19 c    0   0.93 25.48146 -3.28961  6831.72  2851.97 4.19 3.84   0.9 -0.442    19.43 21.34 02a57398o0179c       0  23.324085
57398.322633 19.696897      NaN    0.0    16 c    0   1.12 25.48146 -3.28961  6566.13  4597.50 3.90 3.85 -11.7 -0.424    19.37 21.26 02a57398o0206c       0  20.952636
57399.269821 19.696897      NaN  -14.0    16 c    0   1.22 25.48146 -3.28961  7347.16  3428.62 4.05 3.86  12.0 -0.447    19.48 21.45 02a57399o0132c       0  20.952636
57399.286354 19.287255      NaN   24.0    17 c    0   1.04 25.48146 -3.28961  7662.98  4014.82 3.86 3.76  46.5 -0.440    19.51 21.45 02a57399o0159c       0  21.725859
57399.302956 19.631075      NaN  -13.0    17 c    0   1.16 25.48146 -3.28961  6826.72  2853.92 4.25 3.84   2.1 -0.429    19.44 21.36 02a57399o0186c       0  21.725859
57399.319612 19.569016      NaN   11.0    16 c    0   1.03 25.48146 -3.28961  6561.18  4597.91 3.84 3.77 -31.3 -0.420    19.40 21.29 02a57399o0213c       0  20.952636
57421.224210 19.051202      NaN   29.0    21 c    0   1.41 25.48146 -3.28961  6829.50  4104.50 4.11 3.84  84.1 -0.484    19.11 20.81 02a57421o0054c       0  24.980251
57421.241464 19.226921      NaN   19.0    20 c    0   1.03 25.48146 -3.28961  6543.00  3521.90 4.09 4.04  79.7 -0.466    19.24 21.07 02a57421o0082c       0  24.145661
57421.262793 19.351140      NaN  -23.0    22 c    0   0.97 25.48146 -3.28961  7705.86  2943.30 4.10 4.02  29.7 -0.433    19.23 21.04 02a57421o0117c       0  25.826594
57421.287208 19.510313      NaN  -18.0    19 c    0   1.25 25.48146 -3.28961  7651.66  2905.14 4.24 4.06  11.7 -0.417    19.17 21.00 02a57421o0156c       0  23.324085
57422.222944 19.384550      NaN    6.0    21 c    0   1.00 25.48146 -3.28961  6619.53  4162.18 4.36 4.08  80.7 -0.417    19.04 20.75 02a57422o0050c       0  24.980251
57422.239609 19.454622      NaN   -8.0    20 c    0   1.00 25.48146 -3.28961  6332.73  3580.78 4.19 4.10 -80.9 -0.432    19.19 21.01 02a57422o0077c       0  24.145661
57422.260327 19.351140      NaN   -9.0    22 c    0   0.87 25.48146 -3.28961  7494.25  3002.15 4.03 3.96  21.4 -0.441    19.22 20.99 02a57422o0111c       0  25.826594
57422.284133 19.271854      NaN   10.0    22 c    0   0.91 25.48146 -3.28961  7652.69  2904.85 4.03 3.93  19.8 -0.426    19.14 20.85 02a57422o0150c       0  25.826594
57428.272800 19.351140      NaN    1.0    22 c    0   1.12 25.48146 -3.28961  7769.13  2846.10 4.19 3.86  12.1 -0.458    19.15 20.84 02a57428o0122c    8192  25.826594
57607.600588 19.271854      NaN   31.0    15 c    0   1.03 25.48146 -3.28961  2563.99  8421.96 4.02 3.60 -55.0 -0.447    19.67 21.66 02a57607o0498c    8192  20.199330
57607.615532 19.472870      NaN   19.0    15 c    0   1.05 25.48146 -3.28961  2580.79  8462.07 3.89 3.54 -59.7 -0.464    19.68 21.60 02a57607o0518c    8192  20.199330
57630.544119 19.696897      NaN   -9.0    16 c    0   0.77 25.48146 -3.28961  4286.33  8652.28 3.76 3.69  26.9 -0.436    19.66 21.69 02a57630o0558c       0  20.952636
57630.551357 19.696897      NaN  -18.0    16 c    0   0.99 25.48146 -3.28961  4312.29  8691.52 3.72 3.67  24.8 -0.437    19.69 21.72 02a57630o0572c       0  20.952636
57630.574339 19.696897      NaN   -9.0    16 c    0   0.86 25.48146 -3.28961  4248.90  8615.36 3.88 3.81  36.6 -0.426    19.67 21.75 02a57630o0612c       0  20.952636
57630.583064 19.841877      NaN  -17.0    14 c    0   0.80 25.48146 -3.28961  6305.74  1724.40 3.83 3.71  89.2 -0.396    19.68 21.71 02a57630o0627c       0  19.468255
57630.596920 19.743105      NaN   12.0    13 c    0   0.98 25.48146 -3.28961  6266.62  1783.06 3.85 3.72 -83.8 -0.394    19.69 21.72 02a57630o0653c       0  18.762008
57638.522021 19.743105      NaN    6.0    15 c    0   0.96 25.48146 -3.28961  2954.84  7245.80 3.61 3.55  31.3 -0.428    19.61 21.49 02a57638o0551c    8192  20.199330
57688.455575 19.696897      NaN  -24.0    16 c    0   1.25 25.48146 -3.28961  8633.18  1886.51 3.89 3.59  88.5 -0.409    19.57 21.37 02a57688o0510c       0  20.952636
57688.472549 19.510313      NaN    3.0    19 c    0   1.10 25.48146 -3.28961  8615.05  1847.59 3.94 3.67 -89.9 -0.400    19.29 21.07 02a57688o0538c       0  23.324085
57688.490622 19.569016      NaN  -24.0    18 c    0   0.83 25.48146 -3.28961  8673.33  1925.28 3.93 3.67 -89.6 -0.405    19.49 21.27 02a57688o0570c       0  22.516948
57688.504335 19.510313      NaN  -19.0    19 c    0   0.97 25.48146 -3.28961  8697.16  1808.17 4.01 3.79 -89.7 -0.399    19.39 21.14 02a57688o0594c       0  23.324085
57688.521871 19.454622      NaN  -48.0    20 c    0   0.94 25.48146 -3.28961  8660.70  1866.50 3.99 3.77 -87.8 -0.404    19.30 20.98 02a57688o0622c       0  24.145661
57696.433162 19.674510      NaN    9.0    15 c    0   1.05 25.48146 -3.28961  6914.17  2820.59 3.79 3.59  88.7 -0.390    19.64 21.49 02a57696o0494c       0  20.199330
57696.449667 19.841877      NaN  -17.0    14 c    0   1.10 25.48146 -3.28961  6898.56  2785.41 3.82 3.65 -87.3 -0.423    19.62 21.47 02a57696o0526c       0  19.468255
57696.461480 20.009244      NaN   -7.0    12 c    0   1.67 25.48146 -3.28961  6955.26  2861.71 3.80 3.60 -89.5 -0.389    19.62 21.48 02a57696o0549c       0  18.083499
57696.480224 19.766969      NaN   -4.0    15 c    0   1.12 25.48146 -3.28961  6977.60  2743.44 3.78 3.61 -85.5 -0.394    19.55 21.34 02a57696o0585c       0  20.199330
57696.492049 19.472870      NaN   13.0    17 c    0   0.99 25.48146 -3.28961  6940.80  2801.69 3.79 3.62 -86.3 -0.392    19.52 21.28 02a57696o0608c       0  21.725859
57699.329936 19.169763      NaN  -37.0    26 c    0   1.07 25.48146 -3.28961  3254.18  5121.32 3.74 3.62  80.4 -0.387    18.82 20.14 02a57699o0295c       0  29.308923
57699.346824 19.212347      NaN    0.0    25 c    0   1.20 25.48146 -3.28961  3270.82  5161.89 3.70 3.59  82.8 -0.403    18.97 20.34 02a57699o0326c       0  28.425568
57699.362898 19.454622      NaN  -34.0    20 c    0   1.02 25.48146 -3.28961  3209.11  5085.28 3.72 3.60  71.8 -0.397    19.09 20.53 02a57699o0356c       0  24.145661
57699.382038 19.491430      NaN    6.0    19 c    0   0.83 25.48146 -3.28961  3188.16  5202.31 3.73 3.63  66.9 -0.404    19.28 20.83 02a57699o0387c       0  23.324085
57699.396266 19.569016      NaN    1.0    18 c    0   0.98 25.48146 -3.28961  7274.49  5299.99 3.70 3.44 -84.8 -0.418    19.36 20.98 02a57699o0414c       0  22.516948
57716.385643 19.696897      NaN    2.0    16 c    0   1.04 25.48146 -3.28961  5058.48  3762.87 4.19 4.02  88.7 -0.355    19.55 21.58 02a57716o0397c       0  20.952636
57716.400490 19.419021      NaN   19.0    16 c    0   1.22 25.48146 -3.28961  5040.28  3724.71 4.29 4.28 -80.4 -0.344    19.48 21.57 02a57716o0425c       0  20.952636
57716.415798 19.287255      NaN   21.0    18 c    0   1.23 25.48146 -3.28961  5099.97  3803.81 4.21 4.10  -0.5 -0.349    19.31 21.34 02a57716o0453c       0  22.516948
57716.431755 19.089302      NaN  -19.0    28 c    0   0.92 25.48146 -3.28961  5123.13  3684.60 4.57 4.16   0.5 -0.344    18.96 21.02 02a57716o0483c       0  31.096832
57716.447596 17.692816      NaN   75.0    78 c    0   1.30 25.48146 -3.28961  5085.35  3741.46 4.61 4.53 -15.5 -0.342    17.79 19.76 02a57716o0513c       2  79.164468
57744.318920 19.841877      NaN   -1.0    14 c    0   1.33 25.48146 -3.28961  6864.11  2517.46 3.95 3.76 -85.3 -0.382    19.58 21.47 02a57744o0260c       0  19.468255
57744.332037 19.816329      NaN    9.0    13 c    0   1.04 25.48146 -3.28961  6846.38  2478.16 3.82 3.64 -85.5 -0.387    19.61 21.45 02a57744o0285c       0  18.762008
57744.344740 19.922338      NaN   -3.0    13 c    0   1.30 25.48146 -3.28961  6903.83  2555.71 3.84 3.66 -86.5 -0.387    19.60 21.45 02a57744o0309c       0  18.762008
57744.357852 19.287255      NaN   27.0    16 c    0   0.84 25.48146 -3.28961  6926.57  2438.08 3.82 3.71 -84.3 -0.387    19.57 21.42 02a57744o0334c       0  20.952636
57752.298297 16.521656      NaN   -1.0   298 c    0   0.89 25.48146 -3.28961  5557.81  3502.77 3.92 3.76 -88.7 -0.392    16.27 17.95 02a57752o0175c 8388610 298.306911
57756.275142 19.696897      NaN   -6.0    16 c    0   1.15 25.48146 -3.28961  7832.58  2147.29 3.83 3.62  88.9 -0.397    19.55 21.33 02a57756o0161c       0  20.952636
57756.289550 19.696897      NaN  -28.0    16 c    0   0.94 25.48146 -3.28961  7814.94  2107.71 3.79 3.61 -89.8 -0.396    19.54 21.30 02a57756o0187c       0  20.952636
57756.303844 19.183773      NaN   31.0    17 c    0   1.20 25.48146 -3.28961  7875.73  2183.65 3.86 3.64  87.1 -0.395    19.51 21.27 02a57756o0212c       0  21.725859
57756.318464 19.384550      NaN   21.0    16 c    0   1.10 25.48146 -3.28961  7897.08  2067.90 3.83 3.67 -87.5 -0.400    19.51 21.29 02a57756o0238c       0  20.952636
57756.334660 19.631075      NaN   -7.0    17 c    0   0.89 25.48146 -3.28961  7860.22  2123.25 3.80 3.66  88.5 -0.400    19.56 21.37 02a57756o0267c       0  21.725859
57776.265615 19.696897      NaN  -12.0    16 c    0   1.07 25.48146 -3.28961  6402.85  2918.32 3.84 3.69 -88.2 -0.381    19.53 21.37 02a57776o0108c    8192  20.952636
57776.279281 17.192382      NaN  148.0   113 c    0   0.92 25.48146 -3.28961  6385.81  2878.51 3.85 3.70 -85.5 -0.385    17.27 18.93 02a57776o0135c       2 113.806911
57776.294690 15.854318      NaN -287.0   551 c    0   0.88 25.48146 -3.28961  6446.61  2955.20 3.78 3.63 -85.9 -0.414    15.62 17.07 02a57776o0165c       2 551.166048
57776.310213 18.526952      NaN  -16.0    47 c    0   1.15 25.48146 -3.28961  6468.35  2836.73 3.77 3.64 -85.0 -0.385    18.18 19.81 02a57776o0195c    8192  48.908209
57780.258972 19.674510      NaN    6.0    16 c    0   0.75 25.48146 -3.28961  6247.02  4446.82 3.87 3.68 -89.6 -0.377    19.54 21.41 02a57780o0092c       0  20.952636
57780.273249 19.696897      NaN    2.0    16 c    0   0.82 25.48146 -3.28961  6228.58  4406.56 3.87 3.75  75.6 -0.375    19.52 21.42 02a57780o0120c       0  20.952636
57780.287484 19.766969      NaN  -19.0    15 c    0   1.17 25.48146 -3.28961  6287.42  4482.83 3.99 3.89  -2.8 -0.363    19.44 21.35 02a57780o0148c       0  20.199330
57780.303588 19.472870      NaN   13.0    17 c    0   1.07 25.48146 -3.28961  6309.46  4365.92 3.82 3.71 -86.6 -0.377    19.43 21.26 02a57780o0179c       0  21.725859
57804.248629 17.109992      NaN  180.0   115 c    0   1.03 25.48146 -3.28961  5045.22  4942.07 5.69 4.05  -0.6 -0.347    17.20 18.99 02a57804o0081c 8388610 115.792974
57808.241652 18.376212      NaN  -52.0    54 c    0   1.21 25.48146 -3.28961  5130.01  3646.33 4.00 3.83 -85.3 -0.370    18.47 20.02 02a57808o0039c    8192  55.668779
57982.599806 20.039830      NaN   16.0     8 c    0   1.20 25.48146 -3.28961  5909.03  3047.50 2.58 2.49  73.8 -0.409    19.74 21.42 02a57982o0701c       0  15.716645
57982.609203 20.449472      NaN   -6.0     8 c    0   0.97 25.48146 -3.28961  5888.28  3007.78 2.58 2.49  85.8 -0.411    19.71 21.44 02a57982o0719c       0  15.716645
57982.618026 20.594452      NaN   -5.0     7 c    0   2.08 25.48146 -3.28961  5947.11  3086.84 2.56 2.44  82.5 -0.426    19.74 21.40 02a57982o0736c       0  15.231971
57982.627305 20.207197      NaN    4.0    10 c    0   1.01 25.48146 -3.28961  5967.98  2972.77 2.54 2.43  83.7 -0.415    19.59 20.96 02a57982o0754c       0  16.822988
58018.459452 20.137125      NaN   13.0     8 c    0   1.23 25.48146 -3.28961  3308.44  3484.71 2.79 2.54 -37.4 -0.387    19.67 21.54 02a58018o0216c       0  15.716645
58018.468229 20.449472      NaN   -1.0     8 c    0   0.79 25.48146 -3.28961  3325.74  3524.74 2.73 2.45 -35.7 -0.390    19.70 21.52 02a58018o0235c       0  15.716645
58018.475493 20.594452      NaN   -6.0     7 c    0   1.79 25.48146 -3.28961  3264.84  3449.46 2.71 2.45 -34.5 -0.383    19.72 21.50 02a58018o0250c       0  15.231971
58018.482451 20.009244      NaN   14.0     9 c    0   1.27 25.48146 -3.28961  3244.54  3567.77 2.68 2.41 -32.0 -0.388    19.73 21.50 02a58018o0264c       0  16.248475
58074.373605 20.449472      NaN   -5.0     8 c    0   1.33 25.48146 -3.28961  8151.78  7756.20 2.71 2.61  42.0 -0.450    19.70 21.62 02a58074o0296c       0  15.716645
58074.381754 20.321591      NaN   -4.0     9 c    0   1.26 25.48146 -3.28961  8134.09  7718.50 2.56 2.47  24.2 -0.446    19.73 21.59 02a58074o0313c       0  16.248475
58074.390969 20.321591      NaN   -4.0     9 c    0   1.19 25.48146 -3.28961  8193.18  7796.89 2.54 2.50 -48.4 -0.431    19.75 21.53 02a58074o0330c       0  16.248475
58078.367282 20.449472      NaN   -2.0     8 c    0   1.55 25.48146 -3.28961  8890.84  7994.80 2.42 2.39  12.9 -0.429    19.83 21.67 02a58078o0394c       0  15.716645
58078.375441 20.321591      NaN   11.0     7 c    0   1.68 25.48146 -3.28961  8873.71  7957.06 2.45 2.40 -10.6 -0.426    19.84 21.66 02a58078o0411c       0  15.231971
58078.384240 20.103715      NaN   11.0     9 c    0   1.19 25.48146 -3.28961  8935.35  8034.85 2.44 2.40  -7.3 -0.433    19.79 21.63 02a58078o0428c       0  16.248475
58082.350536 18.445391      NaN   43.0    38 c    0   1.33 25.48146 -3.28961  7768.32 10294.46 2.80 2.59  23.6 -0.435    18.47 19.78 02a58082o0363c       0  40.336248
58082.352442 19.318728      NaN   25.0    16 c    0   1.02 25.48146 -3.28961  7930.53   548.66 2.83 2.51  49.7 -0.428    19.24 20.64 02a58082o0367c       0  20.952636
58082.360690 16.740207      NaN  172.0   188 c    0   0.59 25.48146 -3.28961  7913.39   508.45 2.87 2.62  54.6 -0.407    17.30 18.53 02a58082o0384c       2 188.486108
58082.366897 19.026525      NaN   49.0    15 c    0   1.21 25.48146 -3.28961  7809.83 10336.14 2.85 2.69  11.8 -0.403    19.21 20.76 02a58082o0397c       0  20.199330
58082.375712 18.496580      NaN   72.0    26 c    0   1.26 25.48146 -3.28961  7829.47 10218.16 2.70 2.51  -1.8 -0.446    18.49 19.95 02a58082o0414c       0  29.308923
58082.377635 19.631075      NaN  -26.0    17 c    0   0.94 25.48146 -3.28961  7993.86   470.82 2.94 2.59  47.5 -0.420    19.16 20.70 02a58082o0418c    4096  21.725859
58110.303957 20.594452      NaN    5.0     7 c    0   1.69 25.48146 -3.28961  9048.96  9087.46 2.68 2.57  50.0 -0.411    19.75 21.51 02a58110o0239c       0  15.231971
58110.311920 20.321591      NaN    0.0     9 c    0   1.34 25.48146 -3.28961  9032.52  9047.41 2.75 2.62  55.0 -0.403    19.72 21.53 02a58110o0256c       0  16.248475
58110.320664 20.071303      NaN   15.0     8 c    0   1.68 25.48146 -3.28961  9093.11  9126.31 2.75 2.65  58.2 -0.410    19.75 21.56 02a58110o0273c       0  15.716645
58110.329257 20.009244      NaN   14.0     9 c    0   1.08 25.48146 -3.28961  9114.99  9008.41 2.65 2.58  55.2 -0.421    19.78 21.61 02a58110o0290c       0  16.248475
58134.308867 20.009244      NaN  -18.0    12 c    0   1.48 25.48146 -3.28961  8931.69  9727.40 3.11 3.01   8.0 -0.411    19.63 21.57 02a58134o0242c       0  18.083499
58134.318709 19.696897      NaN   20.0    11 c    0   1.19 25.48146 -3.28961  8915.01  9686.18 2.85 2.68   0.7 -0.398    19.57 21.54 02a58134o0263c       0  17.435967
58134.328577 19.894850      NaN    9.0    12 c    0   1.31 25.48146 -3.28961  8975.15  9765.81 2.98 2.78  -0.6 -0.392    19.50 21.49 02a58134o0284c       0  18.083499
58134.338436 19.549093      NaN   30.0    10 c    0   1.26 25.48146 -3.28961  8995.10  9648.07 2.90 2.77  -7.5 -0.438    19.48 21.43 02a58134o0305c       0  16.822988
58162.247902 20.207197      NaN  -19.0    10 c    0   1.43 25.48146 -3.28961  7672.40  8273.52 2.51 2.43  -3.7 -0.456    19.55 21.17 02a58162o0090c       0  16.822988
58162.258331 19.791368      NaN   16.0    11 c    0   1.31 25.48146 -3.28961  7652.56  8234.69 2.60 2.48  -9.5 -0.451    19.49 21.16 02a58162o0112c       0  17.435967
58162.268329 19.696897      NaN   14.0    13 c    0   1.08 25.48146 -3.28961  7710.51  8313.46 2.76 2.62   3.1 -0.443    19.43 21.13 02a58162o0133c       0  18.762008
58162.278631 20.207197      NaN   -7.0    10 c    0   1.89 25.48146 -3.28961  7731.02  8194.93 2.66 2.47  -9.9 -0.438    19.41 21.05 02a58162o0155c       0  16.822988
58402.535578 20.103715      NaN   11.0     9 c    0   1.21 25.48146 -3.28961  7538.74  8048.32 2.47 2.43 -50.8 -0.439    19.74 21.49 02a58402o0461c    8192  16.248475
58430.443197 20.449472      NaN   -9.5     8 c    0   1.75 25.48146 -3.28961   196.86  9969.11 2.63 2.33   1.6 -0.409    19.73 21.44 02a58430o0521c       0  15.716645
58430.447022 20.039830      NaN    5.5    10 c    0   1.17 25.48146 -3.28961   321.03   209.04 2.77 2.24  38.7 -0.546    19.71 21.44 02a58430o0529c       0  16.822988
58430.453245 20.009244      NaN    9.5     9 c    0   1.19 25.48146 -3.28961   178.46  9930.26 2.60 2.29   5.8 -0.414    19.70 21.42 02a58430o0542c       0  16.248475
58430.454703 19.589310      NaN   26.5     9 c    0   1.36 25.48146 -3.28961  9926.65 10016.99 2.62 2.48  36.0 -0.415    19.70 21.46 02a58430o0545c       0  16.248475
58430.457015 20.321591      NaN  -34.5     9 c    0   1.22 25.48146 -3.28961   302.15   169.48 2.78 2.22  36.4 -0.522    19.69 21.40 02a58430o0550c       0  16.248475
58430.458510 19.922338      NaN   -7.5    13 c    0   1.07 25.48146 -3.28961 10077.39   240.74 2.72 2.49  33.6 -0.456    19.73 21.44 02a58430o0553c       0  18.762008
58430.463276 19.766969      NaN   12.5    11 c    0   0.85 25.48146 -3.28961   236.47 10007.95 2.58 2.33   0.9 -0.424    19.67 21.37 02a58430o0563c       0  17.435967
58430.464744 20.009244      NaN    6.5    10 c    0   1.10 25.48146 -3.28961  9906.98  9978.85 2.61 2.46  40.0 -0.418    19.70 21.41 02a58430o0566c       0  16.822988
58430.467120 19.841877      NaN    6.5    12 c    0   0.85 25.48146 -3.28961   362.16   249.10 2.81 2.28  36.5 -0.532    19.64 21.36 02a58430o0571c       0  18.083499
58430.468492 20.009244      NaN  -11.5    12 c    0   1.04 25.48146 -3.28961 10059.54   202.77 2.77 2.57  29.8 -0.441    19.67 21.40 02a58430o0574c       0  18.083499
58430.473371 20.009244      NaN    6.5    10 c    0   1.10 25.48146 -3.28961   257.72  9889.74 2.60 2.39  -3.1 -0.420    19.62 21.32 02a58430o0584c       0  16.822988
58430.474755 20.321591      NaN  -18.5     9 c    0   1.44 25.48146 -3.28961  9967.43 10058.49 2.70 2.54  36.6 -0.519    19.66 21.36 02a58430o0587c       0  16.248475
58430.477162 20.207197      NaN   -9.5    10 c    0   1.26 25.48146 -3.28961   381.27   130.73 2.83 2.28  37.5 -0.514    19.63 21.30 02a58430o0592c       0  16.822988
58430.478609 20.009244      NaN  -10.5    12 c    0   1.30 25.48146 -3.28961 10117.99   281.66 2.83 2.55  27.8 -0.437    19.68 21.35 02a58430o0595c       0  18.083499
58430.484941 19.791368      NaN   14.5    10 c    0   1.34 25.48146 -3.28961  9985.26  9940.58 2.58 2.47   9.1 -0.483    19.64 21.29 02a58430o0608c       0  16.822988
58430.488746 19.743105      NaN    7.5    13 c    0   0.61 25.48146 -3.28961 10139.11   163.00 2.72 2.46  24.7 -0.456    19.65 21.27 02a58430o0616c       0  18.762008
58434.425236 20.207197      NaN   -1.5    10 c    0   0.83 25.48146 -3.28961   337.18  9769.34 2.76 2.51   8.0 -0.425    19.65 21.54 02a58434o0518c       0  16.822988
58434.435338 20.321591      NaN   -0.5     9 c    0   1.08 25.48146 -3.28961   318.57  9731.51 2.74 2.45   7.5 -0.429    19.65 21.53 02a58434o0539c       0  16.248475
58434.436794 20.321591      NaN   -4.5     9 c    0   1.14 25.48146 -3.28961 10062.98  9819.10 2.79 2.63  28.8 -0.410    19.69 21.57 02a58434o0542c       0  16.248475
58434.440609 19.051202      NaN  -32.5    29 c    0  14.67 25.48146 -3.28961 10218.52    38.94 2.82 2.62  35.6 -0.422    19.73 21.55 02a58434o0550c       0  32.000202
58434.445442 19.950541      NaN    5.5    11 c    0   0.79 25.48146 -3.28961   377.78  9809.03 2.67 2.46   8.0 -0.416    19.65 21.51 02a58434o0560c       0  17.435967
58434.446908 20.321591      NaN   -3.5     9 c    0   1.21 25.48146 -3.28961 10043.73  9781.63 2.72 2.61  28.4 -0.412    19.67 21.55 02a58434o0563c       0  16.248475
58434.449304 19.766969      NaN   -5.5    15 c    0   0.72 25.48146 -3.28961   499.52    51.38 2.87 2.38  39.9 -0.496    19.66 21.50 02a58434o0568c       0  20.199330
58434.455558 20.207197      NaN   -5.5    10 c    0   1.08 25.48146 -3.28961   399.27  9690.44 2.69 2.47   4.1 -0.415    19.63 21.49 02a58434o0581c       0  16.822988
58434.456943 20.321591      NaN    0.5     9 c    0   1.27 25.48146 -3.28961 10103.78  9860.80 2.76 2.60  39.1 -0.552    19.68 21.54 02a58434o0584c       0  16.248475
58434.460879 19.841877      NaN    9.5    11 c    0   1.40 25.48146 -3.28961 10260.19    79.94 2.96 2.66  28.1 -0.422    19.70 21.51 02a58434o0592c       0  17.435967
58434.467133 20.321591      NaN  -12.5     9 c    0   1.33 25.48146 -3.28961 10122.68  9742.99 2.70 2.61  24.3 -0.420    19.67 21.49 02a58434o0605c       0  16.248475
58454.380766 20.321591      NaN    3.5     8 c    0   1.18 25.48146 -3.28961  7888.00  7087.10 2.62 2.56  89.8 -0.434    19.71 21.73 02a58454o0418c       0  15.716645
58454.389971 20.207197      NaN    0.5    10 c    0   0.99 25.48146 -3.28961  7866.98  7049.72 2.59 2.55 -72.2 -0.444    19.73 21.73 02a58454o0437c       0  16.822988
58454.399109 20.449472      NaN   -1.5     8 c    0   1.16 25.48146 -3.28961  7925.04  7126.99 2.51 2.46 -73.5 -0.443    19.73 21.69 02a58454o0456c       0  15.716645
58454.408145 20.103715      NaN    9.5     8 c    0   1.69 25.48146 -3.28961  7945.68  7011.82 2.51 2.45 -54.3 -0.454    19.68 21.62 02a58454o0475c       0  15.716645
58458.343116 19.868040      NaN   11.5    10 c    0   0.77 25.48146 -3.28961   466.05  2768.49 2.62 2.44  38.1 -0.422    19.68 21.69 02a58458o0017c       0  16.822988
58458.351811 20.449472      NaN   -2.5     8 c    0   1.31 25.48146 -3.28961   444.56  2729.02 2.61 2.43  46.0 -0.428    19.71 21.68 02a58458o0035c       0  15.716645
58458.354661 20.449472      NaN   -4.5     8 c    0   1.61 25.48146 -3.28961 10176.23  2796.39 2.69 2.59  85.1 -0.455    19.73 21.72 02a58458o0041c       0  15.716645
58458.359966 20.321591      NaN   -9.5     9 c    0   1.03 25.48146 -3.28961   502.71  2807.61 2.59 2.42  45.0 -0.427    19.72 21.68 02a58458o0052c       0  16.248475
58458.363491 20.321591      NaN   -9.5     9 c    0   0.84 25.48146 -3.28961 10156.23  2759.04 2.70 2.61 -89.2 -0.451    19.72 21.71 02a58458o0059c       0  16.248475
58458.368873 20.594452      NaN   -0.5     7 c    0   1.72 25.48146 -3.28961   522.43  2691.29 2.62 2.39  36.9 -0.446    19.70 21.66 02a58458o0070c       0  15.231971
58458.371721 20.321591      NaN   -2.5     9 c    0   1.07 25.48146 -3.28961 10214.28  2837.15 2.76 2.68 -88.2 -0.461    19.73 21.70 02a58458o0076c       0  16.248475
58458.380566 19.922338      NaN    9.5    10 c    0   0.96 25.48146 -3.28961 10234.95  2720.89 2.67 2.59  80.2 -0.474    19.75 21.67 02a58458o0094c       0  16.822988
58462.352916 20.207197      NaN   -4.5    10 c    0   0.92 25.48146 -3.28961  8211.15  4742.05 2.83 2.73 -78.2 -0.409    19.62 21.66 02a58462o0361c       0  16.822988
58462.361549 20.009244      NaN    9.5     9 c    0   1.13 25.48146 -3.28961  8192.09  4704.02 2.74 2.65 -79.5 -0.492    19.67 21.64 02a58462o0379c       0  16.248475
58462.369675 20.449472      NaN   -6.5     8 c    0   1.16 25.48146 -3.28961  8250.19  4781.39 2.84 2.75 -73.1 -0.417    19.63 21.61 02a58462o0396c       0  15.716645
58462.378337 20.449472      NaN  -19.5     8 c    0   1.64 25.48146 -3.28961  8270.10  4665.79 2.85 2.76 -72.3 -0.407    19.60 21.58 02a58462o0414c       0  15.716645
58486.310164 20.103715      NaN   -0.5    11 c    0   1.19 25.48146 -3.28961  4357.95   845.29 2.81 2.71  65.6 -0.405    19.55 21.49 02a58486o0256c       0  17.435967
58486.318772 20.071303      NaN    4.5    10 c    0   0.87 25.48146 -3.28961  4338.75   806.21 2.83 2.74  42.3 -0.410    19.50 21.47 02a58486o0274c       0  16.822988
58486.320602 19.169763      NaN  -27.5    26 c    0   1.42 25.48146 -3.28961  4306.40 10522.26 2.88 2.76 -24.6 -0.403    19.54 21.49 02a58486o0278c       0  29.308923
58486.326927 20.207197      NaN   -4.5    10 c    0   0.98 25.48146 -3.28961  4397.96   884.88 2.80 2.73  60.1 -0.408    19.52 21.45 02a58486o0291c       0  16.822988
58486.335418 20.103715      NaN   -9.5    11 c    0   1.00 25.48146 -3.28961  4418.21   767.63 2.89 2.77  43.3 -0.410    19.47 21.41 02a58486o0309c       0  17.435967
58486.337386 19.454622      NaN  -61.5    20 c    0   1.28 25.48146 -3.28961  4386.25 10482.86 2.89 2.77 -12.7 -0.414    19.48 21.42 02a58486o0313c       0  24.145661
58490.299415 19.766969      NaN   15.5    10 c    0   0.78 25.48146 -3.28961  4343.54  6662.87 2.46 2.40 -50.9 -0.431    19.59 21.39 02a58490o0229c       0  16.822988
58490.307870 19.674510      NaN   19.5    10 c    0   1.05 25.48146 -3.28961  4325.65  6624.27 2.45 2.37 -61.5 -0.427    19.56 21.33 02a58490o0247c       0  16.822988
58490.315933 20.103715      NaN   -0.5    11 c    0   0.92 25.48146 -3.28961  4384.19  6700.97 2.50 2.43 -59.5 -0.435    19.54 21.31 02a58490o0264c       0  17.435967
58490.324511 20.009244      NaN    3.5    11 c    0   0.98 25.48146 -3.28961  4404.41  6585.09 2.52 2.44 -55.5 -0.434    19.51 21.31 02a58490o0282c       0  17.435967
58494.265908 19.766969      NaN  -20.5    15 c    0   0.91 25.48146 -3.28961  4351.03  4726.64 3.04 2.81 -74.5 -0.434    19.29 21.13 02a58494o0153c       0  20.199330
58494.273930 20.103715      NaN   -4.5    11 c    0   1.15 25.48146 -3.28961  4332.72  4689.06 2.77 2.65 -80.1 -0.396    19.39 21.13 02a58494o0170c       0  17.435967
58494.281902 19.766969      NaN    6.5    13 c    0   1.04 25.48146 -3.28961  4392.02  4766.73 3.24 3.10  83.4 -0.389    19.20 21.11 02a58494o0187c       0  18.762008
58494.289911 19.766969      NaN  -11.5    15 c    0   1.19 25.48146 -3.28961  4412.74  4651.20 3.68 3.41  84.7 -0.431    19.06 21.09 02a58494o0204c       0  20.199330
58518.253558 19.950541      NaN    8.5    10 c    0   1.17 25.48146 -3.28961  2405.72  2793.76 2.74 2.54  87.6 -0.400    19.49 21.18 02a58518o0083c       0  16.822988
58518.262089 20.321591      NaN  -12.5     9 c    0   1.10 25.48146 -3.28961  2388.34  2753.52 2.67 2.50  87.2 -0.401    19.47 21.18 02a58518o0101c       0  16.248475
58518.270049 20.282105      NaN    4.5     8 c    0   1.60 25.48146 -3.28961  2448.99  2830.01 2.63 2.47  88.2 -0.400    19.46 21.15 02a58518o0118c       0  15.716645
58518.278627 20.207197      NaN   -5.5    10 c    0   1.31 25.48146 -3.28961  2470.58  2712.44 2.73 2.62  76.1 -0.403    19.42 21.12 02a58518o0136c       0  16.822988
58666.601896 20.103715      NaN   -2.5    11 c    0   0.82 25.48146 -3.28961  6657.58  5527.48 2.74 2.40  37.3 -0.387    19.56 21.37 02a58666o0776c       0  17.435967
58666.606957 20.207197      NaN    0.5    10 c    0   0.86 25.48146 -3.28961  6676.00  5565.96 2.63 2.33  41.6 -0.403    19.56 21.23 02a58666o0787c       0  16.822988
58666.610460 19.696897      NaN   12.5    12 c    0   0.93 25.48146 -3.28961  6619.30  5489.03 2.70 2.33  35.6 -0.387    19.47 20.98 02a58666o0794c       0  18.083499
58666.622466 18.729535      NaN   -4.5    39 c    0   1.24 25.48146 -3.28961  6592.91  5605.45 2.37 2.33  73.9 -0.420    18.03 18.79 02a58666o0818c       0  41.279692
58694.509037 19.696897      NaN   18.5    10 c    0   1.02 25.48146 -3.28961  4326.24  5141.63 2.48 2.27  37.3 -0.390    19.67 21.58 02a58694o0568c       0  16.822988
58694.512719 20.449472      NaN   -2.5     8 c    0   1.22 25.48146 -3.28961  4344.87  5179.33 2.53 2.34  36.5 -0.388    19.62 21.59 02a58694o0576c       0  15.716645
58694.519174 20.321591      NaN  -10.5     9 c    0   1.11 25.48146 -3.28961  4288.62  5101.87 2.55 2.35  37.8 -0.388    19.66 21.61 02a58694o0590c       0  16.248475
58694.531176 20.009244      NaN   12.5     8 c    0   1.25 25.48146 -3.28961  4266.25  5217.55 2.64 2.27  37.9 -0.388    19.68 21.65 02a58694o0616c       0  15.716645
58702.519622 20.449472      NaN  -17.5     8 c    0   1.08 25.48146 -3.28961  4234.49  3200.57 2.68 2.28  39.8 -0.393    19.71 21.58 02a58702o0586c       0  15.716645
58702.523782 20.321591      NaN   -5.5     9 c    0   1.14 25.48146 -3.28961  4257.42  3238.53 2.67 2.26  40.4 -0.396    19.68 21.60 02a58702o0594c       0  16.248475
58702.529022 20.405150      NaN    1.5     8 c    0   1.23 25.48146 -3.28961  4199.37  3160.17 2.72 2.34  39.0 -0.396    19.66 21.63 02a58702o0605c       0  15.716645
58702.543330 20.405150      NaN    1.5     8 c    0   1.67 25.48146 -3.28961  4177.58  3276.18 2.65 2.29  39.7 -0.397    19.72 21.70 02a58702o0636c       0  15.716645
58706.538334 20.321591 0.361912   27.5     9 c    0   1.13 25.48146 -3.28961  4426.42  7070.31 2.61 2.25  37.3 -0.380    19.71 21.54 02a58706o0600c       0  16.248475
58706.541592 20.244005      NaN    5.5     8 c    0   1.23 25.48146 -3.28961  4447.60  7108.08 2.39 2.28  30.1 -0.392    19.71 21.62 02a58706o0607c       0  15.716645
58706.547119 19.302877      NaN    3.5    22 c    0   1.01 25.48146 -3.28961  4388.52  7029.67 2.44 2.30  37.9 -0.395    19.13 21.03 02a58706o0619c       0  25.826594
58706.560167 20.449472      NaN   -6.5     8 c    0   2.10 25.48146 -3.28961  4369.46  7145.28 2.44 2.28  26.8 -0.395    19.64 21.55 02a58706o0647c       0  15.716645
58726.509381 20.103715      NaN    9.5     8 c    0   1.15 25.48146 -3.28961  8613.23  5436.31 2.50 2.41  45.0 -0.389    19.76 21.70 02a58726o0605c       0  15.716645
58726.512778 19.950541      NaN   14.5     8 c    0   1.28 25.48146 -3.28961  8632.16  5475.79 2.51 2.41  47.4 -0.392    19.72 21.65 02a58726o0612c       0  15.716645
58726.518805 20.009244      NaN    9.5     9 c    0   0.97 25.48146 -3.28961  8573.57  5398.30 2.51 2.40  39.7 -0.389    19.73 21.65 02a58726o0625c       0  16.248475
58726.529155 19.894850      NaN   13.5     9 c    0   0.86 25.48146 -3.28961  8557.20  5513.72 2.59 2.49  46.6 -0.391    19.75 21.73 02a58726o0647c       0  16.248475
58730.485078 19.979496      NaN   10.5     9 c    0   0.99 25.48146 -3.28961  7829.84  1551.45 2.46 2.26 -63.1 -0.406    19.68 21.45 02a58730o0557c       0  16.248475
58730.488449 20.449472      NaN   -2.5     8 c    0   1.50 25.48146 -3.28961  7848.79  1589.60 2.45 2.25 -61.5 -0.407    19.74 21.47 02a58730o0564c       0  15.716645
58730.494192 20.039830      NaN   11.5     8 c    0   1.07 25.48146 -3.28961  7790.17  1512.81 2.41 2.20 -63.8 -0.412    19.76 21.49 02a58730o0576c       0  15.716645
58730.504397 20.282105      NaN    4.5     8 c    0   1.01 25.48146 -3.28961  7771.51  1630.28 2.45 2.23 -62.9 -0.407    19.75 21.53 02a58730o0598c       0  15.716645
58750.565678 19.674510      NaN   16.5    11 c    0   0.88 25.48146 -3.28961  9960.03  1345.88 2.83 2.39 -52.1 -0.407    19.61 21.45 02a58750o0719c       0  17.435967
58750.569019 19.743105      NaN   22.5     8 c    0   1.23 25.48146 -3.28961  9940.75  1307.18 2.63 2.24 -50.3 -0.425    19.64 21.45 02a58750o0726c       0  15.716645
58750.574472 20.405150      NaN    1.5     8 c    0   1.43 25.48146 -3.28961  9998.78  1385.15 2.72 2.31 -52.5 -0.423    19.61 21.44 02a58750o0737c       0  15.716645
58750.586313 20.171596      NaN    1.5    10 c    0   1.14 25.48146 -3.28961 10020.82  1268.52 2.62 2.18 -51.8 -0.465    19.66 21.40 02a58750o0760c       0  16.822988
58778.417349 20.594452      NaN  -15.5     7 c    0   1.85 25.48146 -3.28961  4011.47  6963.74 2.39 2.26  34.9 -0.409    19.65 21.30 02a58778o0426c       0  15.231971
58778.420727 20.594452      NaN  -16.5     7 c    0   1.32 25.48146 -3.28961  6588.60  3640.49 2.26 2.23  19.2 -0.400    19.71 21.28 02a58778o0433c       0  15.231971
58778.431881 20.207197      NaN   -2.5    10 c    0   1.13 25.48146 -3.28961  4049.07  7005.09 2.33 2.24  30.0 -0.418    19.66 21.25 02a58778o0457c       0  16.822988
58778.438665 20.207197      NaN    3.5     9 c    0   1.52 25.48146 -3.28961  4067.28  6889.89 2.27 2.22  35.1 -0.420    19.65 21.24 02a58778o0471c       0  16.248475
58782.401859 17.990970      NaN  -78.5    77 c    0   1.75 25.48146 -3.28961  6573.86  3599.10 2.40 2.23  35.1 -0.402    17.10 18.55 02a58782o0385c 8388610  78.179364
58782.406175 17.633737      NaN    3.5   106 c    0   1.52 25.48146 -3.28961  3993.81  6922.46 2.57 2.29  38.5 -0.392    16.84 18.31 02a58782o0394c 8388610 106.859782
58782.415410 17.729132      NaN -185.5    98 c    0   1.38 25.48146 -3.28961  4052.20  7001.54 2.52 2.30  37.1 -0.396    16.99 18.46 02a58782o0413c 8388610  98.929333
58782.425379 17.718109      NaN   69.5    76 c    0   1.25 25.48146 -3.28961  4069.86  6884.27 2.52 2.28  43.0 -0.396    17.32 18.81 02a58782o0434c 8388610  77.194643
58814.338631 17.976960      NaN   -3.5    78 c    0   0.92 25.48146 -3.28961  2082.44  7055.04 2.45 2.42 -11.8 -0.398    17.87 19.62 02a58814o0252c       2  79.164468
58814.342632 18.684100      NaN   26.5    32 c    0   1.04 25.48146 -3.28961  2068.51  7020.75 2.89 2.48  32.8 -0.380    18.16 20.00 02a58814o0258c       0  34.742092
58814.348803 19.351140      NaN  -20.5    22 c    0   1.01 25.48146 -3.28961  2124.62  7096.56 2.40 2.38 -31.6 -0.415    18.93 20.79 02a58814o0271c       0  25.826594
58814.359012 19.014394      NaN  -27.5    30 c    0   1.07 25.48146 -3.28961  2143.04  6979.90 2.48 2.46 -84.5 -0.408    18.36 20.15 02a58814o0293c       0  32.909162
58818.369499 15.747438      NaN  -37.5   608 c    0   1.12 25.48146 -3.28961  1815.16  1266.06 3.40 3.00 -54.6 -0.376    15.35 17.10 02a58818o0398c 8388610 608.150485
58818.379718 17.240748      NaN  110.5   117 c    0   1.09 25.48146 -3.28961  1834.78  1148.49 3.28 2.82 -53.4 -0.384    16.95 18.72 02a58818o0420c 8388610 117.779510
58846.274008 20.449472      NaN   -0.5     8 c    0   1.38 25.48146 -3.28961  1862.26  3180.28 2.41 2.31 -62.8 -0.406    19.78 21.64 02a58846o0189c       0  15.716645
58846.277206 20.543943      NaN    1.5     7 c    0   1.29 25.48146 -3.28961  1843.80  3141.10 2.47 2.33 -59.8 -0.405    19.78 21.64 02a58846o0196c       0  15.231971
58846.283232 20.594452      NaN    3.5     6 c    0   1.60 25.48146 -3.28961  1902.54  3219.97 2.44 2.34 -67.4 -0.408    19.78 21.62 02a58846o0209c       0  14.799086
58846.293981 20.449472      NaN   -4.5     8 c    0   1.03 25.48146 -3.28961  1925.67  3104.64 2.44 2.34 -74.4 -0.408    19.75 21.61 02a58846o0232c       0  15.716645
58866.311293 20.207197      NaN   -1.5    10 c    0   0.76 25.48146 -3.28961  3907.04  5034.76 2.60 2.44  45.3 -0.391    19.56 21.42 02a58866o0035c       0  16.822988
58866.314577 20.171596      NaN    1.5    10 c    0   1.15 25.48146 -3.28961  3886.34  4996.39 2.62 2.47  46.1 -0.385    19.54 21.42 02a58866o0042c       0  16.822988
58866.320091 19.696897      NaN   21.5     9 c    0   1.16 25.48146 -3.28961  3943.78  5072.22 2.55 2.38  45.2 -0.389    19.59 21.39 02a58866o0054c       0  16.248475
58866.328964 20.321591      NaN   -3.5     9 c    0   1.09 25.48146 -3.28961  3964.00  4954.76 2.66 2.59  59.4 -0.389    19.49 21.34 02a58866o0073c       0  16.248475
58870.235752 20.449472      NaN   -1.5     8 c    0   1.45 25.48146 -3.28961  3907.12  5037.81 2.41 2.24  50.4 -0.403    19.64 21.31 02a58870o0088c       0  15.716645
58870.238963 20.449472      NaN   -3.5     8 c    0   1.58 25.48146 -3.28961  3888.05  4999.31 2.45 2.26  49.6 -0.400    19.64 21.31 02a58870o0095c       0  15.716645
58870.244107 20.321591      NaN    0.5     9 c    0   1.18 25.48146 -3.28961  3946.54  5076.42 2.42 2.27  53.9 -0.404    19.70 21.32 02a58870o0106c       0  16.248475
58870.257511 20.449472      NaN  -13.5     8 c    0   1.54 25.48146 -3.28961  3970.41  4960.31 2.38 2.26  60.4 -0.402    19.64 21.36 02a58870o0135c       0  15.716645
58874.274342 20.282105      NaN    4.5     8 c    0   1.04 25.48146 -3.28961  3701.57  1152.46 2.39 2.20 -64.8 -0.429    19.64 21.23 02a58874o0166c       0  15.716645
58874.277557 20.039830      NaN    5.5    10 c    0   1.05 25.48146 -3.28961  3683.95  1112.75 2.46 2.21 -57.9 -0.435    19.61 21.21 02a58874o0173c       0  16.822988
58874.283551 19.791368      NaN   14.5    10 c    0   1.34 25.48146 -3.28961  3742.10  1190.84 2.44 2.24 -65.2 -0.421    19.61 21.19 02a58874o0186c       0  16.822988
58874.293709 19.894850      NaN   10.5    10 c    0   0.98 25.48146 -3.28961  3763.68  1072.27 2.43 2.22 -65.5 -0.430    19.58 21.18 02a58874o0208c       0  16.822988
59022.588824 18.878500      NaN  -57.0    34 c    0   1.07 25.48146 -3.28961  8800.34  9331.15 2.85 2.60  33.4 -0.379    18.54 20.15 02a59022o0744c    8192  36.592526
59022.594328 17.124707      NaN -114.0   171 c    0   1.19 25.48146 -3.28961  8816.73  9371.26 2.89 2.61  34.2 -0.451    15.94 17.65 02a59022o0756c       2 171.534291
59022.610593 18.675237      NaN  -28.0    41 c    0   1.46 25.48146 -3.28961  8757.95  9292.52 2.80 2.63  36.6 -0.380    17.84 19.21 02a59022o0791c    8192  43.174216
59022.617591 14.705071      NaN 1839.0   974 c    0   1.28 25.48146 -3.28961  8737.51  9409.98 2.77 2.58  33.9 -0.457    14.95 15.84 02a59022o0806c       2 974.093945
59030.611916 19.169763      NaN    0.0    25 c    0   0.72 25.48146 -3.28961 10509.75  5310.98 2.61 2.53 -56.1 -0.421    19.31 20.62 02a59030o0785c    8192  28.425568
59030.620553 18.125925      NaN  -10.0    68 c    0   0.66 25.48146 -3.28961 10493.05  5427.01 2.89 2.55 -62.8 -0.450    18.13 19.01 02a59030o0802c       2  69.332625
59050.594972 19.816329      NaN   13.0     9 c    0   1.00 25.48146 -3.28961  2286.31  3290.70 2.66 2.46  41.5 -0.393    19.59 21.58 02a59050o0758c       0  16.248475
59050.614538 20.449472      NaN   -5.0     8 c    0   1.56 25.48146 -3.28961  2306.14  3329.96 2.39 2.32  32.3 -0.403    19.60 21.39 02a59050o0799c       0  15.716645
59050.619137 19.868040 0.317776   38.0    12 c    0   0.62 25.48146 -3.28961  2247.32  3252.58 2.50 2.31  33.7 -0.407    19.48 20.95 02a59050o0809c       0  18.083499
59058.543342 19.436675      NaN   22.0    12 c    0   1.07 25.48146 -3.28961  2569.44  9112.72 2.51 2.47  87.6 -0.403    19.52 21.38 02a59058o0645c       0  18.083499
59058.546548 19.609992      NaN   19.0    10 c    0   1.31 25.48146 -3.28961  2588.06  9151.33 2.62 2.59  58.7 -0.400    19.48 21.40 02a59058o0652c       0  16.822988
59058.553888 19.472870      NaN   20.0    12 c    0   0.95 25.48146 -3.28961  2529.35  9073.34 2.53 2.51  83.2 -0.400    19.57 21.44 02a59058o0668c       0  18.083499
59058.565889 20.103715      NaN   -7.0    11 c    0   0.90 25.48146 -3.28961  2501.61  9191.43 2.83 2.48  37.8 -0.382    19.48 21.51 02a59058o0694c       0  17.435967
59078.530750 20.449472      NaN  -21.0     8 c    0   1.80 25.48146 -3.28961  6866.88  9406.78 2.62 2.56  46.6 -0.400    19.67 21.63 02a59078o0646c       0  15.716645
59078.533576 20.321591      NaN  -31.0     9 c    0   1.28 25.48146 -3.28961  6886.16  9446.27 2.63 2.58  70.4 -0.397    19.66 21.62 02a59078o0652c       0  16.248475
59078.539116 20.103715      NaN    0.0    10 c    0   0.88 25.48146 -3.28961  6827.00  9368.10 2.50 2.47 -88.4 -0.408    19.70 21.63 02a59078o0664c       0  16.822988
59078.546005 19.766969      NaN   15.0     9 c    0   1.14 25.48146 -3.28961  6808.02  9485.18 2.55 2.50 -74.2 -0.406    19.71 21.67 02a59078o0679c       0  16.248475
59082.508560 20.449472      NaN  -23.0     8 c    0   1.01 25.48146 -3.28961  5865.87  1643.18 2.42 2.34 -18.4 -0.397    19.66 21.57 02a59082o0605c       0  15.716645
59082.516391 20.449472      NaN   -7.0     8 c    0   1.13 25.48146 -3.28961  5888.76  1682.04 2.38 2.26 -34.9 -0.400    19.71 21.58 02a59082o0622c       0  15.716645
59082.521900 20.282105      NaN    1.0     8 c    0   1.34 25.48146 -3.28961  5831.01  1603.94 2.34 2.25 -53.2 -0.410    19.71 21.59 02a59082o0634c       0  15.716645
59082.529700 19.894850      NaN   16.0     7 c    0   1.25 25.48146 -3.28961  5809.53  1721.89 2.35 2.30 -68.9 -0.401    19.72 21.61 02a59082o0650c       0  15.231971
59086.515279 20.449472      NaN   -4.0     8 c    0   1.32 25.48146 -3.28961  5871.48  1642.35 2.60 2.40 -58.4 -0.394    19.59 21.62 02a59086o0081c       0  15.716645
59086.517205 19.589310      NaN   20.0    10 c    0   0.76 25.48146 -3.28961  5890.28  1681.23 2.63 2.46 -50.5 -0.393    19.60 21.62 02a59086o0085c       0  16.822988
59086.520433 19.743105      NaN   19.0     8 c    0   1.20 25.48146 -3.28961  5832.87  1603.46 2.55 2.33 -52.2 -0.398    19.66 21.63 02a59086o0092c       0  15.716645
59086.526851 20.039830      NaN   11.0     7 c    0   1.08 25.48146 -3.28961  5812.99  1720.67 2.40 2.22 -58.2 -0.405    19.73 21.65 02a59086o0106c       0  15.231971
59106.461822 20.449472      NaN   -3.0     8 c    0   1.17 25.48146 -3.28961  4423.27  7069.05 2.49 2.32  39.9 -0.397    19.72 21.73 02a59106o0542c       0  15.716645
59106.465992 19.950541      NaN    8.0     9 c    0   0.79 25.48146 -3.28961  4445.74  7106.63 2.47 2.32  26.6 -0.452    19.71 21.72 02a59106o0551c       0  16.248475
59106.474887 20.405150      NaN   -2.0     8 c    0   1.22 25.48146 -3.28961  4388.55  7029.29 2.50 2.31  26.8 -0.399    19.71 21.69 02a59106o0570c       0  15.716645
59106.506059 20.761819      NaN  -28.0     6 c    0   1.76 25.48146 -3.28961  4367.58  7149.39 2.47 2.35  28.4 -0.399    19.73 21.74 02a59106o0637c       0  14.799086
59110.445349 19.719755      NaN   17.0     9 c    0   1.16 25.48146 -3.28961  4426.42  7068.85 2.62 2.30  41.2 -0.390    19.68 21.56 02a59110o0509c       0  16.248475
59110.449498 20.171596      NaN    4.0     8 c    0   1.36 25.48146 -3.28961  4447.02  7105.69 2.53 2.31  33.3 -0.395    19.68 21.56 02a59110o0518c       0  15.716645
59110.455042 20.009244      NaN    9.0     8 c    0   1.63 25.48146 -3.28961  4389.05  7028.85 2.59 2.33  37.6 -0.423    19.63 21.56 02a59110o0530c       0  15.716645
59110.468906 20.009244      NaN    6.0     9 c    0   1.21 25.48146 -3.28961  4364.78  7147.37 2.65 2.36  30.9 -0.387    19.68 21.60 02a59110o0559c       0  16.248475
59114.511693 19.743105      NaN   13.0    10 c    0   1.17 25.48146 -3.28961  7171.64  9302.69 3.00 2.66  43.5 -0.382    19.61 21.53 02a59114o0655c       0  16.822988
59114.537607 20.207197      NaN  -10.0    10 c    0   1.08 25.48146 -3.28961  7148.53  9265.35 2.91 2.65  53.3 -0.388    19.57 21.49 02a59114o0710c       0  16.822988
59114.566145 19.652575      NaN    8.0    13 c    0   0.96 25.48146 -3.28961  7206.70  9348.60 2.85 2.69  42.6 -0.432    19.43 21.30 02a59114o0771c       0  18.762008
59114.590981 20.207197      NaN   -3.0    10 c    0   1.16 25.48146 -3.28961  7224.46  9233.08 2.84 2.68  44.7 -0.392    19.57 21.43 02a59114o0824c       0  16.822988
59117.464938 20.321591 0.321700   24.0     8 c    0   1.44 25.48146 -3.28961  3401.48  1251.91 2.65 2.45 -56.2 -0.408    19.63 21.58 02a59117o0460c       0  15.716645
59117.470440 20.449472      NaN  -13.0     8 c    0   1.35 25.48146 -3.28961  3421.28  1289.78 2.53 2.32 -54.6 -0.415    19.66 21.59 02a59117o0472c       0  15.716645
59117.474137 19.766969      NaN   15.0     9 c    0   1.20 25.48146 -3.28961  3362.56  1211.76 2.61 2.37 -56.1 -0.416    19.64 21.60 02a59117o0480c       0  16.248475
59117.485183 20.282105      NaN    1.0     8 c    0   1.65 25.48146 -3.28961  3345.37  1330.40 2.61 2.37 -51.9 -0.412    19.66 21.58 02a59117o0504c       0  15.716645
59138.446392 19.766969      NaN   -5.0    15 c    0   0.90 25.48146 -3.28961  8175.78  5332.29 2.68 2.40  43.8 -0.387    19.24 21.11 02a59138o0555c       0  20.199330
59138.450568 19.063754      NaN   23.0    20 c    0   0.87 25.48146 -3.28961  8155.98  5293.65 2.68 2.39  42.7 -0.387    18.95 20.75 02a59138o0564c       0  24.145661
59138.456171 18.558199      NaN   41.0    31 c    0   1.58 25.48146 -3.28961  8213.87  5372.27 2.68 2.40  42.5 -0.381    18.18 19.90 02a59138o0576c       0  33.823260
59138.490962 16.447720      NaN -300.0   319 c    0   1.25 25.48146 -3.28961  8232.17  5262.69 2.58 2.36  43.0 -0.418    15.78 17.28 02a59138o0651c       2 319.286725
59142.391916 20.321591      NaN   -3.0     9 c    0   0.88 25.48146 -3.28961  2405.02  5225.00 2.46 2.31  24.7 -0.401    19.70 21.48 02a59142o0440c       0  16.248475
59142.397062 20.449472      NaN   -4.0     8 c    0   1.11 25.48146 -3.28961  2425.89  5262.22 2.42 2.25  22.7 -0.402    19.71 21.47 02a59142o0451c       0  15.716645
59142.415855 20.362567      NaN   -1.0     8 c    0   0.81 25.48146 -3.28961  2366.42  5189.76 2.50 2.27  29.7 -0.399    19.71 21.53 02a59142o0490c       0  15.716645
59142.419519 20.207197      NaN    3.0     8 c    0   1.83 25.48146 -3.28961  2347.61  5305.85 2.47 2.29  30.2 -0.402    19.72 21.52 02a59142o0498c       0  15.716645
59146.456399 20.321591      NaN    0.0     8 c    0   1.13 25.48146 -3.28961  9959.47  1342.64 2.58 2.24 -57.7 -0.416    19.66 21.52 02a59146o0580c       0  15.716645
59146.460517 20.103715      NaN    3.0     9 c    0   1.18 25.48146 -3.28961  9942.12  1307.76 2.55 2.22 -55.4 -0.422    19.72 21.56 02a59146o0589c       0  16.248475
59146.466063 20.449472      NaN  -13.0     8 c    0   1.65 25.48146 -3.28961 10000.23  1384.79 2.52 2.24 -55.9 -0.420    19.70 21.56 02a59146o0601c       0  15.716645
59146.487845 19.841877      NaN    6.0    11 c    0   0.90 25.48146 -3.28961 10019.86  1272.19 2.64 2.30 -50.9 -0.415    19.65 21.54 02a59146o0648c       0  17.435967
59170.349113 20.449472      NaN   -5.0     8 c    0   1.56 25.48146 -3.28961  3804.49  3094.70 2.40 2.28  49.4 -0.407    19.68 21.48 02a59170o0290c       0  15.716645
59170.353261 20.207197      NaN    3.0     8 c    0   1.31 25.48146 -3.28961  3785.77  3056.46 2.42 2.29  51.0 -0.402    19.62 21.39 02a59170o0299c       0  15.716645
59170.406675 20.207197      NaN   -5.0    10 c    0   0.78 25.48146 -3.28961  3837.98  3140.29 2.42 2.24  51.4 -0.403    19.70 21.44 02a59170o0389c       0  16.822988
59170.420102 19.922338      NaN    9.0     9 c    0   0.99 25.48146 -3.28961  3864.67  3022.73 2.45 2.24  48.5 -0.402    19.67 21.43 02a59170o0417c       0  16.248475
59189.334757 20.321591      NaN  -15.0     9 c    0   0.97 25.48146 -3.28961  8085.04  3400.08 2.45 2.36 -82.9 -0.386    19.75 21.62 02a59189o0331c       0  16.248475
59189.338899 20.594452      NaN  -10.0     7 c    0   1.14 25.48146 -3.28961  8062.50  3356.21 2.45 2.33 -75.8 -0.388    19.74 21.60 02a59189o0340c       0  15.231971
59189.357032 20.039830      NaN    8.0     8 c    0   1.45 25.48146 -3.28961  8121.67  3435.87 2.49 2.40 -81.2 -0.388    19.72 21.50 02a59189o0378c       0  15.716645
59189.367842 19.743105      NaN   13.0    10 c    0   1.13 25.48146 -3.28961  8139.34  3319.21 2.50 2.40 -73.4 -0.386    19.56 21.18 02a59189o0401c       0  16.822988
59190.323535 20.009244      NaN    9.0     8 c    0   1.28 25.48146 -3.28961  8084.79  3394.29 2.48 2.37 -83.7 -0.390    19.75 21.61 02a59190o0245c       0  15.716645
59190.326764 19.979496      NaN   10.0     8 c    0   1.37 25.48146 -3.28961  8066.94  3358.40 2.47 2.37 -82.1 -0.386    19.72 21.60 02a59190o0252c       0  15.716645
59190.333232 20.171596      NaN    1.0     9 c    0   1.26 25.48146 -3.28961  8124.41  3434.41 2.52 2.44 -88.2 -0.387    19.73 21.54 02a59190o0266c       0  16.248475
59190.361593 19.950541      NaN   11.0     8 c    0   1.25 25.48146 -3.28961  8140.42  3321.21 2.58 2.40 -64.1 -0.387    19.68 21.49 02a59190o0327c       0  15.716645
59194.328887 20.449472      NaN  -20.0     8 c    0   1.17 25.48146 -3.28961  9123.25  9225.44 2.84 2.73  87.0 -0.378    19.76 21.79 02a59194o0315c       0  15.716645
59194.332088 19.922338      NaN    3.0    11 c    0   0.72 25.48146 -3.28961  9102.61  9185.32 2.85 2.74  88.3 -0.383    19.78 21.79 02a59194o0322c       0  17.435967
59194.339005 20.207197      NaN  -15.0    10 c    0   0.95 25.48146 -3.28961  9160.42  9264.32 2.82 2.70 -74.8 -0.388    19.80 21.78 02a59194o0337c       0  16.822988
59194.350990 20.207197      NaN   -5.0    10 c    0   1.21 25.48146 -3.28961  9180.73  9149.84 2.85 2.76 -78.6 -0.380    19.75 21.76 02a59194o0363c       0  16.822988
59198.289479 20.039830      NaN    2.0    10 c    0   1.09 25.48146 -3.28961  9129.50  9222.15 2.92 2.76 -69.3 -0.383    19.71 21.59 02a59198o0228c       0  16.822988
59198.293153 20.321591      NaN  -13.0     9 c    0   1.65 25.48146 -3.28961  9110.26  9185.53 2.97 2.77 -65.1 -0.379    19.72 21.59 02a59198o0236c       0  16.248475
59198.303757 20.137125 0.339293   29.0    10 c    0   1.24 25.48146 -3.28961  9166.39  9262.27 2.92 2.72 -72.6 -0.379    19.73 21.58 02a59198o0259c       0  16.822988
59198.311556 19.766969      NaN    0.0    14 c    0   1.08 25.48146 -3.28961  9189.21  9148.22 2.92 2.72 -68.3 -0.383    19.44 21.24 02a59198o0276c       0  19.468255
59200.308835 19.868040      NaN   17.0     7 c    0   1.48 25.48146 -3.28961  4420.12  7070.77 2.52 2.41 -67.5 -0.372    19.71 21.71 01a59200o0158c       0  15.231971
59200.312066 20.405150      NaN   -2.0     8 c    0   1.00 25.48146 -3.28961  4439.41  7109.36 2.35 2.14 -76.5 -0.389    19.83 21.76 01a59200o0165c       0  15.716645
59200.318986 19.089302      NaN   12.0    23 c    0   1.15 25.48146 -3.28961  4381.51  7031.98 2.55 2.38 -11.8 -0.370    18.74 20.67 01a59200o0180c       0  26.683571
59200.337513 20.071303      NaN    7.0     8 c    0   0.96 25.48146 -3.28961  4361.50  7147.12 2.30 2.10 -79.6 -0.391    19.86 21.73 01a59200o0220c       0  15.716645
59218.331074 20.207197      NaN  -10.0    10 c    0   0.94 25.48146 -3.28961  1762.82  1231.36 2.62 2.44 -68.1 -0.427    19.54 21.25 02a59218o0273c       0  16.822988
59218.341650 20.071303      NaN    7.0     8 c    0   1.72 25.48146 -3.28961  1742.42  1191.37 2.59 2.39 -68.5 -0.432    19.48 21.21 02a59218o0296c       0  15.716645
59218.353142 20.103715      NaN  -23.0    11 c    0   1.06 25.48146 -3.28961  1801.87  1269.13 2.69 2.51 -60.5 -0.421    19.40 21.08 02a59218o0321c       0  17.435967
59218.359111 20.103715      NaN  -11.0    11 c    0   1.31 25.48146 -3.28961  1819.20  1152.67 2.60 2.44 -76.7 -0.426    19.28 20.82 02a59218o0334c       0  17.435967
59220.258557 20.449472      NaN    0.0     7 c    0   1.85 25.48146 -3.28961  8587.77  5403.81 2.63 2.44 -76.5 -0.404    19.83 21.69 01a59220o0145c       0  15.231971
59220.261780 20.071303      NaN   10.0     7 c    0   1.66 25.48146 -3.28961  8607.19  5443.00 2.60 2.35 -84.0 -0.419    19.86 21.68 01a59220o0152c       0  15.231971
59220.267828 19.766969      NaN   15.0     9 c    0   1.11 25.48146 -3.28961  8549.34  5365.61 2.60 2.41 -84.8 -0.413    19.80 21.69 01a59220o0165c       0  16.248475
59220.281188 19.868040      NaN   17.0     7 c    0   1.57 25.48146 -3.28961  8530.82  5481.58 2.67 2.47 -82.5 -0.400    19.74 21.70 01a59220o0194c       0  15.231971
59222.298284 19.589310      NaN   20.0    10 c    0   1.24 25.48146 -3.28961  1755.58  1230.85 2.66 2.40 -61.7 -0.433    19.51 21.29 02a59222o0229c       0  16.822988
59222.301503 20.103715      NaN    0.0    10 c    0   1.10 25.48146 -3.28961  1737.44  1190.40 2.59 2.37 -59.8 -0.445    19.51 21.24 02a59222o0236c       0  16.822988
59222.308819 20.321591      NaN  -11.0     9 c    0   0.99 25.48146 -3.28961  1795.95  1269.62 2.64 2.42 -63.2 -0.438    19.58 21.35 02a59222o0252c       0  16.248475
59222.320322 19.743105      NaN   10.0    11 c    0   1.42 25.48146 -3.28961  1817.34  1151.48 2.58 2.34 -63.5 -0.437    19.45 21.16 02a59222o0277c       0  17.435967
59224.275634 20.321591      NaN  -10.0     9 c    0   1.09 25.48146 -3.28961  7779.22  1529.26 2.46 2.28  89.3 -0.400    19.74 21.57 01a59224o0115c       0  16.248475
59224.281175 20.321591      NaN  -23.0     9 c    0   1.09 25.48146 -3.28961  7799.09  1569.15 2.43 2.25 -89.5 -0.410    19.61 21.42 01a59224o0127c       0  16.248475
59224.285324 20.207197      NaN   -8.0    10 c    0   1.10 25.48146 -3.28961  7740.06  1491.50 2.43 2.24 -83.2 -0.402    19.55 21.37 01a59224o0136c       0  16.822988
59224.300063 20.244005      NaN   -1.0     9 c    0   0.96 25.48146 -3.28961  7721.30  1612.63 2.49 2.30 -80.6 -0.409    19.73 21.58 01a59224o0168c       0  16.248475
59226.290353 20.207197      NaN   -5.0    10 c    0   1.49 25.48146 -3.28961    46.03  5245.59 2.48 2.42 -61.9 -0.376    19.64 21.50 02a59226o0208c       0  16.822988
59226.294015 20.207197      NaN   -8.0    10 c    0   1.07 25.48146 -3.28961 10129.72  5240.50 2.76 2.64 -51.1 -0.410    19.65 21.59 02a59226o0216c       0  16.822988
59226.297696 20.449472      NaN  -18.0     8 c    0   1.17 25.48146 -3.28961 10111.42  5201.43 2.74 2.63 -50.7 -0.413    19.64 21.59 02a59226o0224c       0  15.716645
59226.301360 20.959772      NaN -108.0     5 c    0   1.16 25.48146 -3.28961    68.12  5127.64 2.53 2.44 -68.1 -0.357    19.58 21.49 02a59226o0232c    4096  14.422654
59226.305019 19.979496      NaN    7.0     9 c    0   1.41 25.48146 -3.28961 10170.51  5280.42 2.70 2.63 -43.0 -0.414    19.69 21.59 02a59226o0240c       0  16.248475
59226.318347 20.449472      NaN  -25.0     8 c    0   1.41 25.48146 -3.28961 10192.18  5162.40 2.81 2.61 -52.2 -0.413    19.61 21.53 02a59226o0269c       0  15.716645
59230.244836 20.321591      NaN   -5.0     9 c    0   1.53 25.48146 -3.28961 10135.77  5237.56 2.65 2.50 -66.5 -0.415    19.66 21.50 02a59230o0105c 8388608  16.248475
59230.248494 19.894850      NaN   10.0     9 c    0   1.22 25.48146 -3.28961 10115.84  5199.50 2.63 2.48 -64.8 -0.418    19.69 21.49 02a59230o0113c 8388608  16.248475
59230.248952 20.761819      NaN  -94.0     6 c    0   1.39 25.48146 -3.28961    50.60  5246.07 2.56 2.37 -57.9 -0.369    19.60 21.40 02a59230o0114c 8392704  14.799086
59230.253632 20.071303      NaN    1.0    10 c    0   1.33 25.48146 -3.28961 10173.89  5277.59 2.64 2.46 -61.6 -0.422    19.72 21.49 02a59230o0124c 8388608  16.822988
59230.260104 20.959772      NaN  -86.0     5 c    0   1.27 25.48146 -3.28961    71.84  5128.49 2.50 2.33 -61.1 -0.358    19.65 21.40 02a59230o0138c 8392704  14.422654
59230.264221 20.321591      NaN   -3.0     9 c    0   0.85 25.48146 -3.28961 10193.54  5161.17 2.67 2.44 -57.7 -0.419    19.69 21.47 02a59230o0147c 8388608  16.248475
59248.271171 20.207197      NaN  -14.0    10 c    0   0.96 25.48146 -3.28961  4524.85  9008.21 2.86 2.65 -78.7 -0.368    19.46 21.35 01a59248o0090c       0  16.822988
59248.274870 20.009244      NaN   -6.0    12 c    0   0.88 25.48146 -3.28961  4542.29  9046.28 2.84 2.65 -81.9 -0.368    19.41 21.33 01a59248o0098c       0  18.083499
59248.280420 20.321591      NaN   -7.0     9 c    0   1.16 25.48146 -3.28961  4483.89  8970.32 2.77 2.54 -84.7 -0.374    19.47 21.32 01a59248o0110c       0  16.248475
59248.290563 20.103715      NaN   -8.0    11 c    0   1.22 25.48146 -3.28961  4461.47  9088.80 2.97 2.90  83.5 -0.369    19.36 21.26 01a59248o0132c       0  17.435967
59252.256021 19.510313      NaN   21.0    11 c    0   0.96 25.48146 -3.28961  4520.01  9009.78 2.53 2.43 -77.4 -0.388    19.51 21.19 01a59252o0113c       0  17.435967
59252.259247 20.594452      NaN  -18.0     7 c    0   1.99 25.48146 -3.28961  4539.61  9048.57 2.54 2.31 -89.6 -0.379    19.52 21.18 01a59252o0120c       0  15.231971
59252.265699 19.922338      NaN    6.0    10 c    0   1.08 25.48146 -3.28961  4482.08  8970.81 2.37 2.17 -70.2 -0.404    19.57 21.15 01a59252o0134c       0  16.822988
59252.276301 19.979496      NaN    4.0    10 c    0   0.99 25.48146 -3.28961  4459.41  9090.13 2.39 2.09 -72.4 -0.416    19.57 21.11 01a59252o0157c       0  16.822988
59256.235517 20.207197      NaN  -12.0    10 c    0   1.41 25.48146 -3.28961 10437.48  3378.32 3.00 2.59 -84.0 -0.336    19.49 21.07 01a59256o0066c       0  16.822988
59256.239202 20.207197      NaN  -15.0    10 c    0   1.33 25.48146 -3.28961 10457.26  3417.49 2.96 2.55 -83.8 -0.346    19.47 21.08 01a59256o0074c       0  16.822988
59256.244734 20.009244      NaN   -6.0    12 c    0   1.06 25.48146 -3.28961 10398.74  3340.13 2.99 2.64 -82.1 -0.316    19.44 21.06 01a59256o0086c       0  18.083499
59256.249349 19.743105      NaN   10.0    11 c    0   1.36 25.48146 -3.28961   315.99  3423.80 2.61 2.42  81.9 -0.352    19.51 21.22 01a59256o0096c       0  17.435967
59256.253043 19.816329      NaN   10.0    10 c    0   1.46 25.48146 -3.28961   336.49  3463.24 2.76 2.57  82.6 -0.349    19.46 21.21 01a59256o0104c       0  16.822988
59256.256266 20.071303      NaN   -2.0    11 c    0   1.76 25.48146 -3.28961 10375.83  3459.89 3.00 2.63 -86.4 -0.336    19.36 21.01 01a59256o0111c       0  17.435967
59256.258568 20.207197      NaN   -6.0    10 c    0   1.42 25.48146 -3.28961   277.54  3384.54 2.77 2.67  82.9 -0.337    19.41 21.19 01a59256o0116c       0  16.822988
59256.271492 20.103715      NaN   -8.0    11 c    0   1.44 25.48146 -3.28961   256.21  3500.74 2.76 2.62  80.8 -0.347    19.38 21.11 01a59256o0144c       0  17.435967
59406.565242 16.662826      NaN  101.0   227 c    0   0.72 25.48146 -3.28961  9771.41  1455.39 2.45 2.19 -49.5 -0.420    17.79 19.41 02a59406o0696c       2 227.402755
59406.573958 16.451129      NaN  -40.0   318 c    0   1.39 25.48146 -3.28961  9732.87  1416.94 2.51 2.16 -51.5 -0.382    16.65 18.24 02a59406o0715c       2 318.287626
59406.586932 19.491430      NaN   13.0    14 c    0   0.93 25.48146 -3.28961  9709.41  1535.83 2.48 2.21 -46.2 -0.413    19.32 21.02 02a59406o0743c    8192  19.468255
59414.557722 19.318728      NaN   29.0    12 c    0   1.09 25.48146 -3.28961  8504.04  3504.74 2.97 2.70   5.8 -0.371    19.41 21.18 02a59414o0676c       0  18.083499
59414.561393 19.529530      NaN   17.0    12 c    0   1.05 25.48146 -3.28961  8523.81  3543.35 2.82 2.62   4.3 -0.375    19.46 21.20 02a59414o0684c       0  18.083499
59414.566907 20.207197      NaN  -16.0    10 c    0   1.01 25.48146 -3.28961  8465.12  3466.19 2.89 2.64  11.6 -0.376    19.42 21.22 02a59414o0696c       0  16.822988
59414.579751 19.472870      NaN   20.0    12 c    0   0.86 25.48146 -3.28961  8445.73  3583.14 2.95 2.72   5.2 -0.375    19.41 21.22 02a59414o0724c       0  18.083499
59432.573823 20.405150      NaN   -2.0     8 c    0   1.21 25.48146 -3.28961  8177.08  5321.79 2.60 2.54 -84.4 -0.378    19.80 21.74 01a59432o0733c       0  15.716645
59432.577980 19.816329      NaN   16.0     8 c    0   1.68 25.48146 -3.28961  8155.83  5282.92 3.30 2.79   0.6 -0.377    19.62 21.76 01a59432o0742c       0  15.716645
59432.588124 20.321591      NaN   -3.0     9 c    0   1.33 25.48146 -3.28961  8215.26  5359.49 3.34 2.88   3.6 -0.345    19.63 21.77 01a59432o0764c       0  16.248475
59432.605186 20.137125      NaN    5.0     8 c    0   1.41 25.48146 -3.28961  8236.54  5242.37 3.19 3.02  16.5 -0.359    19.59 21.79 01a59432o0800c       0  15.716645
59436.540864 20.761819      NaN   -3.0     6 c    0   1.85 25.48146 -3.28961  8174.19  5328.55 2.48 2.34 -86.2 -0.400    19.86 21.77 01a59436o0651c       0  14.799086
59436.544092 20.039830      NaN    8.0     8 c    0   0.87 25.48146 -3.28961  8154.83  5289.10 2.46 2.29 -83.5 -0.402    19.88 21.77 01a59436o0658c       0  15.716645
59436.546858 19.950541      NaN   14.0     7 c    0   0.99 25.48146 -3.28961  8213.83  5366.48 2.37 2.26 -71.8 -0.404    19.92 21.79 01a59436o0664c       0  15.231971
59436.557916 19.791368      NaN   17.0     8 c    0   1.04 25.48146 -3.28961  8234.80  5250.84 2.41 2.27 -85.2 -0.405    19.94 21.79 01a59436o0688c       0  15.716645
59440.535425 19.609992      NaN   10.0    13 c    0   1.04 25.48146 -3.28961  9946.41  1333.74 4.56 3.95 -15.6 -0.284    19.31 21.67 01a59440o0655c       0  18.762008
59440.542809 20.207197      NaN   -4.0    10 c    0   0.88 25.48146 -3.28961  9925.87  1295.94 3.45 2.68  -5.3 -0.336    19.63 21.70 01a59440o0671c       0  16.822988
59440.548345 20.071303      NaN    1.0    10 c    0   1.13 25.48146 -3.28961  9984.73  1372.79 3.26 2.88  -4.6 -0.315    19.65 21.71 01a59440o0683c       0  16.822988
59440.558508 20.207197      NaN   -3.0    10 c    0   1.06 25.48146 -3.28961 10003.11  1253.15 4.32 2.98  -0.3 -0.301    19.47 21.75 01a59440o0705c       0  16.822988
59444.512581 20.039830      NaN    5.0     9 c    0   1.41 25.48146 -3.28961  9948.52  1338.19 2.61 2.53   7.2 -0.377    19.71 21.44 01a59444o0557c       0  16.248475
59444.516295 19.922338 0.250555   36.0     9 c    0   1.20 25.48146 -3.28961  9929.81  1299.22 2.58 2.47   5.2 -0.463    19.73 21.52 01a59444o0565c       0  16.248475
59444.519057 19.894850      NaN   16.0     7 c    0   1.71 25.48146 -3.28961  9987.57  1376.47 2.56 2.46   6.9 -0.368    19.84 21.56 01a59444o0571c       0  15.231971
59444.524148 19.950541      NaN    8.0     9 c    0   1.02 25.48146 -3.28961 10008.24  1258.47 2.56 2.47   8.2 -0.375    19.84 21.61 01a59444o0582c       0  16.248475
59462.496800 20.449472      NaN   -5.0     8 c    0   1.69 25.48146 -3.28961  2571.82  9120.90 2.35 2.17 -46.3 -0.423    19.73 21.52 02a59462o0513c       0  15.716645
59462.503248 20.009244      NaN    6.0     9 c    0   1.39 25.48146 -3.28961  2596.78  9158.50 2.34 2.14 -46.8 -0.433    19.78 21.54 02a59462o0527c       0  16.248475
59462.506472 20.171596      NaN   -2.0    10 c    0   0.91 25.48146 -3.28961  2538.39  9080.30 2.33 2.15 -43.1 -0.430    19.73 21.54 02a59462o0534c       0  16.822988
59462.518610 20.137125      NaN    5.0     8 c    0   1.62 25.48146 -3.28961  2517.51  9199.31 2.39 2.17 -46.6 -0.429    19.72 21.56 02a59462o0560c       0  15.716645
59466.447075 20.405150 0.347436   22.0     8 c    0   1.04 25.48146 -3.28961  6677.09  5529.82 2.45 2.29  42.7 -0.388    19.71 21.50 02a59466o0500c       0  15.716645
59466.453950 19.922338      NaN   12.0     8 c    0   1.28 25.48146 -3.28961  6697.02  5568.04 2.45 2.29  35.6 -0.396    19.70 21.52 02a59466o0515c       0  15.716645
59466.472625 20.449472      NaN   -7.0     8 c    0   1.13 25.48146 -3.28961  6639.07  5488.31 2.44 2.27  32.8 -0.396    19.73 21.56 02a59466o0554c       0  15.716645
59466.475845 20.009244      NaN    9.0     8 c    0   1.75 25.48146 -3.28961  6619.33  5605.35 2.48 2.33  35.7 -0.394    19.74 21.58 02a59466o0561c       0  15.716645
59470.479543 19.894850      NaN   10.0     9 c    0   1.17 25.48146 -3.28961  6675.40  5528.45 2.49 2.30  33.5 -0.395    19.68 21.47 02a59470o0573c       0  16.248475
59470.483240 20.321591      NaN  -11.0     9 c    0   0.97 25.48146 -3.28961  6695.12  5568.70 2.49 2.25  35.3 -0.395    19.68 21.46 02a59470o0581c       0  16.248475
59470.485988 19.841877      NaN   15.0     8 c    0   1.61 25.48146 -3.28961  6637.85  5490.84 2.49 2.25  36.5 -0.396    19.71 21.46 02a59470o0587c       0  15.716645
59470.491475 20.321591      NaN   -8.0     9 c    0   1.05 25.48146 -3.28961  6618.85  5606.40 2.56 2.29  33.9 -0.396    19.71 21.44 02a59470o0599c       0  16.248475
59518.405220 20.244005      NaN   -1.0     9 c    0   1.59 25.48146 -3.28961  7163.32  9309.18 2.67 2.50  48.6 -0.404    19.76 21.63 02a59518o0479c       0  16.248475
59518.408500 20.321591      NaN   -5.0     9 c    0   1.08 25.48146 -3.28961  7144.79  9270.62 2.70 2.50  47.5 -0.399    19.74 21.64 02a59518o0486c       0  16.248475
59518.415574 20.321591      NaN   -8.0     9 c    0   1.18 25.48146 -3.28961  7202.41  9347.50 2.77 2.58  54.4 -0.399    19.69 21.62 02a59518o0501c       0  16.248475
59518.425834 20.321591      NaN  -11.0     9 c    0   1.35 25.48146 -3.28961  7224.40  9233.64 2.68 2.49  53.0 -0.398    19.77 21.63 02a59518o0523c       0  16.248475
59522.404832 20.207197      NaN   -7.0    10 c    0   0.86 25.48146 -3.28961  1951.25  5113.77 2.43 2.32  45.1 -0.420    19.55 21.25 02a59522o0490c       0  16.822988
59522.408035 19.076453      NaN   28.0    18 c    0   3.74 25.48146 -3.28961  1934.48  5078.04 2.48 2.38  48.6 -0.417    19.59 21.25 02a59522o0497c       0  22.516948
59522.415129 19.510313      NaN   24.0    10 c    0   0.95 25.48146 -3.28961  1991.00  5153.24 2.46 2.33  43.8 -0.414    19.61 21.29 02a59522o0512c       0  16.822988
59522.430253 20.321591      NaN   -3.0     9 c    0   0.97 25.48146 -3.28961  2012.50  5041.08 2.43 2.27  47.6 -0.416    19.57 21.30 02a59522o0545c       0  16.248475
59526.342793 20.321591      NaN  -13.0     9 c    0   1.15 25.48146 -3.28961  8622.61  5439.36 2.48 2.41  50.8 -0.390    19.71 21.42 02a59526o0356c       0  16.248475
59526.344622 19.631075      NaN   18.0    10 c    0   0.87 25.48146 -3.28961  8643.38  5477.89 2.49 2.41  50.8 -0.391    19.72 21.42 02a59526o0360c       0  16.822988
59526.349900 19.894850      NaN   10.0     9 c    0   1.47 25.48146 -3.28961  8585.29  5400.59 2.46 2.41  59.5 -0.394    19.72 21.41 02a59526o0370c       0  16.248475
59526.360066 20.282105 0.310210   25.0     8 c    0   1.48 25.48146 -3.28961  8565.34  5519.19 2.45 2.40  69.8 -0.397    19.70 21.42 02a59526o0392c       0  15.716645
59768.590845 19.950541      NaN    5.0    10 c    0   0.97 25.48146 -3.28961   338.38  3393.63 2.41 2.30 -61.3 -0.406    19.52 21.12 02a59768o0735c       0  16.822988
59768.592652 19.334813      NaN   28.0    12 c    0   1.06 25.48146 -3.28961 10466.69  3413.11 2.50 2.43 -39.7 -0.430    19.55 21.17 02a59768o0739c       0  18.083499
59768.598075 19.674510      NaN    7.0    13 c    0   1.09 25.48146 -3.28961 10484.16  3451.23 2.53 2.40 -56.1 -0.441    19.54 21.16 02a59768o0751c       0  18.762008
59768.600789 20.009244      NaN    3.0    10 c    0   1.13 25.48146 -3.28961   354.45  3431.03 2.51 2.34  19.1 -0.404    19.51 21.11 02a59768o0757c       0  16.822988
59768.610358 19.401649      NaN   21.0    13 c    0   0.76 25.48146 -3.28961   294.77  3352.06 2.45 2.35  18.8 -0.396    19.27 20.68 02a59768o0778c       0  18.762008
59768.611264 19.472870      NaN   20.0    12 c    0   1.94 25.48146 -3.28961 10427.18  3373.79 2.51 2.40 -47.7 -0.422    19.11 20.48 02a59768o0780c       0  18.083499
59768.616749 18.786693      NaN  -17.0    37 c    0   1.04 25.48146 -3.28961 10409.36  3489.49 2.55 2.44 -39.7 -0.429    18.38 19.40 02a59768o0792c       0  39.395595
59768.617200 18.847027      NaN   15.0    29 c    0   0.94 25.48146 -3.28961   276.60  3466.86 2.42 2.37 -46.2 -0.392    18.16 19.18 02a59768o0793c       0  32.000202
59784.598501 18.615142 0.100222  127.0    12 c    0   1.25 25.48146 -3.28961  6568.08  3600.92 2.72 2.46  28.8 -0.400    19.46 21.07 02a59784o0779c       0  18.083499
59784.603058 18.816441 0.100531  105.0    10 c    0   1.33 25.48146 -3.28961  6584.98  3639.46 2.50 2.29  32.9 -0.413    19.53 21.05 02a59784o0789c       0  16.822988
59784.613949 18.558199 0.087176  134.0    11 c    0   1.00 25.48146 -3.28961  6527.21  3561.61 2.55 2.30  30.7 -0.404    19.53 20.97 02a59784o0813c       0  17.435967
59784.624942 18.666446 0.183875  121.0    21 c    0   0.86 25.48146 -3.28961  6509.28  3678.55 2.63 2.35  33.2 -0.409    18.75 19.84 02a59784o0837c       0  24.980251
59785.076688 18.496580 0.067391  142.0     9 c    0   1.50 25.48146 -3.28961  1946.93  5008.99 2.61 2.22  -4.8 -0.401    19.70 21.63 03a59785o0769c       0  16.248475
59785.107529 18.389700 0.061073  157.0     9 c    0   1.35 25.48146 -3.28961  1920.69  4971.30 2.67 2.18  -3.8 -0.407    19.71 21.70 03a59785o0830c       0  16.248475
59785.117108 18.623526 0.075749  126.0     9 c    0   0.96 25.48146 -3.28961  1974.77  5050.63 2.48 2.28 -10.0 -0.407    19.74 21.70 03a59785o0849c       0  16.248475
59785.120649 18.623526 0.067332  126.0     8 c    0   1.64 25.48146 -3.28961  1997.73  4935.58 2.40 2.22  -8.7 -0.412    19.76 21.69 03a59785o0856c       0  15.716645
59788.592127 18.431198 0.077553  151.0    11 c    0   0.94 25.48146 -3.28961  2481.57  7174.46 2.33 2.17   7.3 -0.421    19.65 21.26 02a59788o0767c       0  17.435967
59788.606183 18.298627 0.074878  171.0    12 c    0   0.82 25.48146 -3.28961  2499.52  7211.95 2.30 2.16   1.7 -0.418    19.66 21.23 02a59788o0798c       0  18.083499
59788.615983 18.403357 0.068717  155.0    10 c    0   1.28 25.48146 -3.28961  2442.68  7133.64 2.28 2.16   0.2 -0.419    19.65 21.12 02a59788o0819c       0  16.822988
59788.619602 18.534680 0.085308  137.0    11 c    0   1.13 25.48146 -3.28961  2423.07  7249.32 2.32 2.19   4.6 -0.420    19.49 20.91 02a59788o0827c       0  17.435967
59791.377513 18.298627 0.062399  171.0    10 c    0   1.80 25.48146 -3.28961  6081.73  1567.25 2.47 2.24  -8.8 -0.382    19.56 21.44 04a59791o0828c       0  16.822988
59791.379371 18.349730 0.052325  163.0     8 c    0   2.45 25.48146 -3.28961  6063.76  1526.85 2.38 2.10 -11.2 -0.391    19.62 21.44 04a59791o0832c       0  15.716645
59791.386785 18.369531 0.066610  160.0    10 c    0   1.66 25.48146 -3.28961  6126.94  1603.03 2.37 2.09 -10.7 -0.394    19.63 21.44 04a59791o0848c       0  16.822988
59791.397517 18.410251 0.069155  154.0    10 c    0   1.11 25.48146 -3.28961  6151.49  1484.61 2.43 2.13 -11.8 -0.381    19.59 21.46 04a59791o0871c       0  16.822988
59792.567717 18.438271 0.078059  150.0    11 c    0   1.51 25.48146 -3.28961  2487.34  7174.83 2.43 2.28  21.6 -0.409    19.55 21.08 02a59792o0659c       0  17.435967
59792.570881 18.226218 0.070047  183.0    12 c    0   1.02 25.48146 -3.28961  2506.53  7213.25 2.48 2.31  17.1 -0.411    19.53 21.10 02a59792o0666c       0  18.083499
59792.597931 18.550302 0.078677  135.0    10 c    0   1.52 25.48146 -3.28961  2450.14  7135.49 2.42 2.30  15.7 -0.411    19.55 21.12 02a59792o0723c       0  16.822988
59792.608809 18.298627 0.068638  171.0    11 c    0   1.37 25.48146 -3.28961  2430.66  7250.79 2.43 2.32  11.2 -0.405    19.60 21.19 02a59792o0747c       0  17.435967
59796.568926 18.220396 0.052255  184.0     9 c    0   1.61 25.48146 -3.28961  1440.60  1344.97 2.54 2.26 -67.3 -0.442    19.67 21.28 02a59796o0300c       0  16.248475
59796.585794 18.261819 0.066351  177.0    11 c    0   1.14 25.48146 -3.28961  1465.59  1385.25 2.56 2.26 -62.8 -0.435    19.66 21.34 02a59796o0337c       0  17.435967
59796.589899 18.191747 0.056549  189.0    10 c    0   2.06 25.48146 -3.28961  1405.55  1305.22 2.54 2.24 -67.0 -0.441    19.68 21.34 02a59796o0346c       0  16.822988
59796.616284 18.286218 0.061690  173.0    10 c    0   1.30 25.48146 -3.28961  1387.63  1423.36 2.48 2.30 -68.0 -0.436    19.66 21.30 02a59796o0403c       0  16.822988
59797.136784 18.115332 0.068517  203.0    13 c    0   1.00 25.48146 -3.28961  7823.95  1607.91 2.36 2.21 -25.7 -0.424    19.61 21.49 03a59797o0754c       0  18.762008
59797.140584 18.323878 0.063867  167.0    10 c    0   1.39 25.48146 -3.28961  7839.80  1648.42 2.40 2.24 -25.9 -0.421    19.65 21.51 03a59797o0762c       0  16.822988
59797.146517 18.232071 0.052820  182.0     9 c    0   1.43 25.48146 -3.28961  7781.88  1570.87 2.36 2.20 -28.7 -0.418    19.83 21.74 03a59797o0774c       0  16.248475
59797.157944 18.249822 0.059656  179.0    10 c    0   0.96 25.48146 -3.28961  7753.48  1689.88 2.39 2.22 -22.4 -0.423    19.80 21.72 03a59797o0798c       0  16.822988
59819.367313 19.076453 0.102187   82.0     8 c    0   2.16 25.48146 -3.28961  2514.49  7185.21 2.29 1.88 -85.1 -0.385    19.73 21.49 04a59819o0721c       0  15.716645
59819.370944 18.921935 0.099710   95.0     9 c    0   1.03 25.48146 -3.28961  2535.20  7220.45 2.25 1.88 -82.0 -0.389    19.67 21.48 04a59819o0729c       0  16.248475
59819.376358 18.955691 0.102859   92.0     9 c    0   1.33 25.48146 -3.28961  2479.69  7138.28 2.30 1.92 -81.7 -0.382    19.64 21.46 04a59819o0741c       0  16.248475
59819.387640 19.115465 0.105925   79.0     8 c    0   1.41 25.48146 -3.28961  2464.50  7245.38 2.29 1.88 -82.3 -0.381    19.69 21.49 04a59819o0766c       0  15.716645
59820.536007 19.401649 0.206807   60.0    12 c    0   1.13 25.48146 -3.28961  8819.36  9335.18 2.74 2.56  35.9 -0.394    19.57 21.37 02a59820o0680c       0  18.083499
59820.537817 19.155932 0.178665   76.0    13 c    0   0.97 25.48146 -3.28961  8839.04  9374.29 2.69 2.51  41.0 -0.400    19.57 21.38 02a59820o0684c       0  18.762008
59820.573157 19.384550 0.237505   61.0    14 c    0   0.96 25.48146 -3.28961  8778.84  9302.31 2.70 2.62  46.6 -0.384    19.59 21.51 02a59820o0758c       0  19.468255
59820.581102 19.051202 0.124797   84.0    10 c    0   1.40 25.48146 -3.28961  1811.78  1148.29 2.38 2.24  67.5 -0.450    19.61 21.52 02a59820o0775c       0  16.822988
59824.507340 19.183773 0.169206   74.0    12 c    0   1.21 25.48146 -3.28961  8817.05  9337.98 2.75 2.50  35.2 -0.402    19.61 21.41 02a59824o0623c       0  18.083499
59824.510508 19.169763 0.139197   75.0    10 c    0   1.66 25.48146 -3.28961  8837.68  9377.44 2.72 2.50  32.5 -0.404    19.62 21.42 02a59824o0630c       0  16.822988
59824.516843 19.549093 0.197407   52.0    10 c    0   1.36 25.48146 -3.28961  8781.67  9297.73 2.75 2.48  34.6 -0.401    19.61 21.43 02a59824o0644c       0  16.822988
59824.522295 19.155932 0.164922   76.0    12 c    0   0.89 25.48146 -3.28961  8763.67  9416.88 2.74 2.49  34.2 -0.399    19.66 21.42 02a59824o0656c       0  18.083499
59842.478692 19.510313 0.171432   54.0     9 c    0   1.66 25.48146 -3.28961  8360.04  1436.70 2.94 2.90  -3.5 -0.399    19.55 21.61 01a59842o0580c       0  16.248475
59842.481496 19.351140 0.180956   63.0    11 c    0   1.16 25.48146 -3.28961  8340.46  1397.05 2.99 2.90   1.1 -0.397    19.56 21.60 01a59842o0586c       0  17.435967
59842.483362 19.472870 0.202425   56.0    11 c    0   0.88 25.48146 -3.28961  8398.30  1474.69 2.96 2.87  -3.6 -0.397    19.56 21.60 01a59842o0590c       0  17.435967
59842.485210 19.894850 0.271434   37.0    10 c    0   1.19 25.48146 -3.28961  8418.60  1356.91 3.09 2.96   2.0 -0.383    19.52 21.60 01a59842o0594c       0  16.822988
59846.475093 15.763026      NaN  340.0   485 c    0   1.16 25.48146 -3.28961  8345.44  1430.33 2.88 2.83   1.9 -0.349    15.13 17.00 01a59846o0572c 8388610 485.188636
59846.476940 15.975080      NaN -212.0   493 c    0   1.38 25.48146 -3.28961  8326.73  1392.36 2.91 2.84   0.1 -0.349    15.23 17.08 01a59846o0576c 8388610 493.185577
59846.479707 15.816875      NaN  481.0   409 c    0   1.15 25.48146 -3.28961  8385.05  1471.12 2.96 2.87   8.8 -0.347    15.55 17.41 01a59846o0582c 8388610 409.223671
59846.485185 16.770326      NaN -416.0   237 c    0   1.06 25.48146 -3.28961  8406.84  1353.49 2.91 2.85  16.6 -0.344    16.20 17.99 01a59846o0593c 8388610 237.385789
59849.072931 19.472870 0.128816   56.0     7 c    0   1.65 25.48146 -3.28961  2364.04  7091.75 2.44 2.16 -50.4 -0.400    19.78 21.64 03a59849o0746c       0  15.231971
59849.076084 19.436675 0.142392   58.0     8 c    0   1.41 25.48146 -3.28961  2382.22  7131.58 2.42 2.17 -49.4 -0.397    19.79 21.64 03a59849o0753c       0  15.716645
59849.081668 19.334813 0.145845   64.0     9 c    0   1.24 25.48146 -3.28961  2323.18  7052.24 2.43 2.17 -47.7 -0.395    19.77 21.62 03a59849o0765c       0  16.248475
59849.116863 19.454622 0.162860   57.0     9 c    0   1.11 25.48146 -3.28961  2308.13  7166.58 2.41 2.19 -42.5 -0.398    19.75 21.49 03a59849o0837c       0  16.248475
59850.504934 19.609992 0.167036   49.0     8 c    0   1.16 25.48146 -3.28961  6113.96  9096.21 3.14 2.97  62.7 -0.332    19.70 21.58 01a59850o0642c       0  15.716645
59850.515356 19.894850 0.244291   37.0     9 c    0   0.76 25.48146 -3.28961  6135.00  9135.85 3.17 2.97  62.5 -0.329    19.66 21.58 01a59850o0664c       0  16.248475
59850.520631 20.321591 0.321700   24.0     8 c    0   1.15 25.48146 -3.28961  6077.72  9058.70 3.10 2.92  57.9 -0.336    19.70 21.59 01a59850o0675c       0  15.716645
59850.536523 19.791368 0.222082   41.0     9 c    0   1.31 25.48146 -3.28961  6061.69  9175.19 3.19 3.00  57.8 -0.327    19.66 21.53 01a59850o0708c       0  16.248475
59852.938465 19.652575 0.173718   47.0     8 c    0   1.65 25.48146 -3.28961  8061.66  3403.39 2.43 2.21 -55.4 -0.409    19.66 21.41 03a59853o0456c       0  15.716645
59852.940267 19.491430 0.149757   55.0     8 c    0   1.22 25.48146 -3.28961  8043.06  3364.98 2.41 2.18 -55.9 -0.410    19.68 21.42 03a59853o0460c       0  15.716645
59852.943422 19.719755 0.184806   44.0     8 c    0   1.55 25.48146 -3.28961  8098.69  3444.61 2.32 2.11 -54.2 -0.414    19.72 21.42 03a59853o0467c       0  15.716645
59852.952020 19.696897      NaN   15.0    10 c    0   1.10 25.48146 -3.28961  8120.53  3330.74 2.30 2.14 -41.1 -0.411    19.49 21.19 03a59853o0486c       0  16.822988
59854.488682 19.950541 0.228576   35.0     8 c    0   1.16 25.48146 -3.28961  6125.77  9102.73 3.13 2.96  62.1 -0.333    19.68 21.43 01a59854o0618c       0  15.716645
59854.491913 20.103715      NaN    6.0     8 c    0   1.24 25.48146 -3.28961  6145.55  9142.13 3.12 2.95  59.7 -0.337    19.66 21.43 01a59854o0625c       0  15.716645
59854.498376 20.009244      NaN    6.0     9 c    0   0.92 25.48146 -3.28961  6089.70  9064.37 3.14 2.96  58.9 -0.332    19.67 21.42 01a59854o0639c       0  16.248475
59854.530201 19.589310 0.163885   50.0     8 c    0   1.76 25.48146 -3.28961  6077.02  9183.29 3.21 3.00  62.6 -0.330    19.60 21.34 01a59854o0706c       0  15.716645
59871.152231 19.436675 0.213587   58.0    12 c    0   0.83 25.48146 -3.28961 10050.80  3297.10 3.30 2.23 -17.1 -0.380    19.45 21.32 04a59871o0371c       0  18.083499
59871.155389 19.367717 0.183740   62.0    11 c    0   1.15 25.48146 -3.28961 10032.89  3257.99 3.15 2.17 -17.6 -0.383    19.53 21.32 04a59871o0378c       0  17.435967
59871.160806 19.719755 0.277209   44.0    12 c    0   0.89 25.48146 -3.28961 10094.39  3334.73 3.19 2.22 -19.5 -0.374    19.53 21.32 04a59871o0390c       0  18.083499
59871.193134 19.302877 0.173088   66.0    11 c    0   1.65 25.48146 -3.28961 10135.59  3214.61 3.61 2.54 -22.3 -0.321    19.40 21.30 04a59871o0460c       0  17.435967
59872.454733 19.696897 0.248815   45.0    11 c    0   0.97 25.48146 -3.28961  3884.38  5034.16 2.61 2.32  33.4 -0.408    19.63 21.38 02a59872o0577c       0  17.435967
59872.460178 20.207197 0.325721   27.0     9 c    0   1.62 25.48146 -3.28961  3865.93  4996.04 2.58 2.29  35.5 -0.411    19.58 21.39 02a59872o0589c       0  16.248475
59872.464751 19.454622 0.180956   57.0    10 c    0   1.04 25.48146 -3.28961  3929.30  5076.37 2.61 2.32  37.7 -0.407    19.61 21.38 02a59872o0599c       0  16.822988
59872.495217 19.631075      NaN   15.0    11 c    0   0.91 25.48146 -3.28961  3946.11  4960.50 2.51 2.27  44.2 -0.410    19.60 21.30 02a59872o0665c       0  17.435967
59875.138296 20.244005 0.299513   26.0     8 c    0   1.28 25.48146 -3.28961  1882.47  3206.91 2.27 1.94  45.9 -0.395    19.67 21.48 04a59875o0337c       0  15.716645
59875.140098 19.569016 0.180956   51.0     9 c    0   1.05 25.48146 -3.28961  1862.95  3168.27 2.45 2.06  46.1 -0.384    19.60 21.49 04a59875o0341c       0  16.248475
59875.143257 19.719755 0.184806   44.0     8 c    0   1.16 25.48146 -3.28961  1922.46  3245.44 2.30 1.94  51.4 -0.391    19.66 21.46 04a59875o0348c       0  15.716645
59875.150927 19.791368 0.222082   41.0     9 c    0   1.18 25.48146 -3.28961  1945.87  3128.76 2.32 1.93  45.7 -0.393    19.61 21.44 04a59875o0365c       0  16.248475
59876.417978 19.367717      NaN   26.0    12 c    0   0.90 25.48146 -3.28961  3695.81  1152.94 2.64 2.47  86.5 -0.429    19.52 21.39 02a59876o0459c       0  18.083499
59876.421595 19.491430 0.187196   55.0    10 c    0   0.99 25.48146 -3.28961  3676.79  1114.34 2.58 2.42  86.7 -0.436    19.53 21.39 02a59876o0467c       0  16.822988
59876.427145 19.816329 0.252497   40.0    10 c    0   1.08 25.48146 -3.28961  3735.92  1193.12 2.54 2.37  79.7 -0.432    19.57 21.39 02a59876o0479c       0  16.822988
59876.437861 19.652575      NaN   17.0    10 c    0   1.21 25.48146 -3.28961  3756.58  1079.24 2.76 2.63  86.7 -0.428    19.44 21.39 02a59876o0502c       0  16.822988
59879.220053 19.979496 0.264098   34.0     9 c    0   1.05 25.48146 -3.28961  8747.91  7368.49 2.69 2.08 -24.2 -0.430    19.62 21.58 04a59879o0506c       0  16.248475
59879.224132 19.454622 0.162860   57.0     9 c    0   1.43 25.48146 -3.28961  8767.96  7404.48 2.65 2.08 -26.4 -0.429    19.67 21.53 04a59879o0515c       0  16.248475
59879.230306 19.609992 0.208795   49.0    10 c    0   0.91 25.48146 -3.28961  8711.78  7322.60 2.63 2.08 -26.2 -0.437    19.67 21.49 04a59879o0528c       0  16.822988
59879.265178 19.696897 0.248815   45.0    11 c    0   1.01 25.48146 -3.28961  8697.31  7423.57 2.66 2.26 -32.0 -0.419    19.55 21.33 04a59879o0603c       0  17.435967
59880.465961 19.609992 0.229675   49.0    11 c    0   0.85 25.48146 -3.28961  3689.69  1153.89 2.56 2.40  85.5 -0.429    19.47 21.21 02a59880o0290c       0  17.435967
59880.469127 20.071303      NaN    1.0    10 c    0   1.04 25.48146 -3.28961  3670.20  1114.87 2.45 2.27  87.1 -0.452    19.55 21.20 02a59880o0297c       0  16.822988
59880.497028 19.569016 0.221168   51.0    11 c    0   1.15 25.48146 -3.28961  3733.08  1195.06 2.46 2.31  82.1 -0.439    19.52 21.18 02a59880o0311c       0  17.435967
59880.502129 20.207197 0.361912   27.0    10 c    0   1.19 25.48146 -3.28961  3752.11  1078.32 2.52 2.35  87.8 -0.427    19.47 21.17 02a59880o0322c       0  16.822988
59896.879288 19.696897      NaN   18.0     9 c    0   1.26 25.48146 -3.28961 10490.33  7374.13 2.72 2.24 -57.3 -0.376    19.71 21.69 03a59897o0285c       0  16.248475
59896.882007 20.244005 0.299513   26.0     8 c    0   1.40 25.48146 -3.28961   439.73  7153.63 2.67 2.42 -47.1 -0.381    19.70 21.71 03a59897o0291c       0  15.716645
59896.884828 19.549093      NaN   22.0    10 c    0   1.05 25.48146 -3.28961   456.50  7193.25 2.80 2.59 -48.2 -0.385    19.67 21.73 03a59897o0297c       0  16.822988
59896.890763 19.510313      NaN   24.0    10 c    0   0.74 25.48146 -3.28961   397.12  7115.29 2.60 2.44 -37.4 -0.389    19.73 21.75 03a59897o0310c       0  16.822988
59896.891214 20.171596 0.315214   28.0     9 c    0   1.30 25.48146 -3.28961 10463.16  7491.51 2.87 2.31 -56.7 -0.375    19.70 21.76 03a59897o0311c       0  16.248475
59896.903019 19.979496      NaN    7.0     9 c    0   1.25 25.48146 -3.28961   368.11  7232.61 2.82 2.56 -45.1 -0.374    19.68 21.74 03a59897o0337c       0  16.248475
59900.866178 19.950541 0.285720   35.0    10 c    0   1.38 25.48146 -3.28961 10489.38  7373.92 2.76 2.23 -60.2 -0.380    19.46 21.26 03a59901o0247c       0  16.822988
59900.869789 19.529530      NaN   14.0    13 c    0   1.09 25.48146 -3.28961   438.41  7154.30 2.73 2.50 -52.2 -0.386    19.40 21.22 03a59901o0255c       0  18.762008
59900.872962 19.491430      NaN   19.0    12 c    0   0.88 25.48146 -3.28961   454.42  7193.78 2.73 2.50 -55.7 -0.390    19.45 21.27 03a59901o0262c       0  18.083499
59900.891014 19.609992 0.250555   49.0    12 c    0   1.40 25.48146 -3.28961 10462.68  7493.65 2.43 2.22 -50.5 -0.383    19.23 20.94 03a59901o0300c       0  18.083499
59900.894835 19.589310 0.307284   50.0    15 c    0   0.99 25.48146 -3.28961   390.53  7116.14 2.66 2.43 -46.4 -0.380    19.20 20.94 03a59901o0307c       0  20.199330
59900.902511 19.510313      NaN   18.0    12 c    0   1.17 25.48146 -3.28961   363.77  7233.13 2.66 2.38 -43.5 -0.379    19.44 21.19 03a59901o0324c       0  18.083499
59902.292500 20.103715 0.296110   30.0     9 c    0   1.28 25.48146 -3.28961   776.15  9188.28 2.84 2.72 -76.1 -0.397    19.72 21.47 01a59902o0239c       0  16.248475
59902.294348 19.841877 0.258509   39.0    10 c    0   1.08 25.48146 -3.28961   757.32  9149.44 2.95 2.88 -67.2 -0.384    19.67 21.48 01a59902o0243c       0  16.822988
59902.298041 20.137125 0.305363   29.0     9 c    0   1.03 25.48146 -3.28961   815.69  9226.65 2.88 2.75 -61.9 -0.391    19.69 21.48 01a59902o0251c       0  16.248475
59902.328073 20.282105 0.348987   25.0     9 c    0   0.95 25.48146 -3.28961   841.21  9103.88 2.89 2.69 -48.9 -0.394    19.71 21.47 01a59902o0314c       0  16.248475
59904.845700 17.069016      NaN  -77.0   180 c    0   1.33 25.48146 -3.28961  8580.22  7452.21 2.76 2.33 -58.2 -0.432    16.27 18.18 03a59905o0198c 8388610 180.507653
59904.848853 17.252588      NaN -224.0   152 c    0   0.89 25.48146 -3.28961  8596.96  7491.85 2.81 2.33 -60.7 -0.435    16.49 18.42 03a59905o0205c 8388610 152.600829
59906.337458 20.103715 0.296110   30.0     9 c    0   0.89 25.48146 -3.28961  8479.39  3573.32 3.05 2.95  -0.3 -0.371    19.68 21.64 01a59906o0335c       0  16.248475
59906.341156 20.207197 0.325721   27.0     9 c    0   0.89 25.48146 -3.28961  8499.40  3612.16 3.05 2.96  -2.8 -0.374    19.71 21.65 01a59906o0343c       0  16.248475
59906.348553 19.816329      NaN   16.0     8 c    0   1.40 25.48146 -3.28961  8442.28  3535.51 3.05 2.96   9.4 -0.370    19.69 21.67 01a59906o0359c       0  15.716645
59906.360233 19.950541 0.228576   35.0     8 c    0   1.11 25.48146 -3.28961  8425.12  3652.74 3.06 2.98  14.5 -0.371    19.70 21.68 01a59906o0384c       0  15.716645
59908.976801 19.491430      NaN   25.0    10 c    0   1.13 25.48146 -3.28961  8573.90  7447.40 2.85 2.40 -50.0 -0.381    19.45 21.42 03a59909o0244c       0  16.822988
59908.980420 19.384550 0.169646   61.0    10 c    0   1.15 25.48146 -3.28961  8594.74  7486.77 2.80 2.53 -51.4 -0.382    19.41 21.38 03a59909o0252c       0  16.822988
59908.996036 19.696897      NaN   15.0    10 c    0   1.72 25.48146 -3.28961  8545.58  7402.10 2.93 2.63 -48.9 -0.374    19.29 21.27 03a59909o0283c       0  16.822988
59909.001562 19.529530 0.310210   53.0    16 c    0   1.29 25.48146 -3.28961  8525.82  7514.58 3.83 3.54 -49.5 -0.382    19.01 21.22 03a59909o0295c    8192  20.952636
59927.096424 19.979496      NaN   13.0     7 c    0   1.26 25.48146 -3.28961  4366.42  5132.06 2.27 2.16 -39.5 -0.380    19.52 21.65 04a59927o0174c       0  15.231971
59927.099587 19.922338 0.250555   36.0     9 c    0   0.97 25.48146 -3.28961  4386.15  5168.83 2.30 2.19 -49.4 -0.375    19.49 21.61 04a59927o0181c       0  16.248475
59927.106793 19.950541      NaN   11.0     8 c    0   1.36 25.48146 -3.28961  4330.65  5086.74 2.29 2.14 -51.5 -0.376    19.53 21.64 04a59927o0197c       0  15.716645
59927.116910 20.103715      NaN    9.0     7 c    0   1.88 25.48146 -3.28961  4313.59  5196.74 2.31 2.25 -44.4 -0.371    19.49 21.62 04a59927o0219c       0  15.231971
59928.309195 19.766969      NaN   12.0    10 c    0   1.14 25.48146 -3.28961  1957.12  5131.69 2.32 2.28  54.9 -0.436    19.59 21.30 02a59928o0271c       0  16.822988
59928.312364 19.472870      NaN    5.0    17 c    0   4.24 25.48146 -3.28961  1937.51  5092.61 2.35 2.30  52.9 -0.440    19.57 21.30 02a59928o0278c       0  21.725859
59928.317795 19.894850      NaN    7.0    10 c    0   1.35 25.48146 -3.28961  1995.50  5170.61 2.39 2.32  53.6 -0.434    19.54 21.28 02a59928o0290c       0  16.822988
59931.065651 19.609992      NaN   22.0     9 c    0   0.88 25.48146 -3.28961  4269.69  3214.78 2.45 2.33  19.4 -0.385    19.46 21.65 04a59931o0103c       0  16.248475
59931.068807 19.841877      NaN    6.0    11 c    0   1.03 25.48146 -3.28961  4289.70  3251.27 2.93 2.60  -6.5 -0.357    19.33 21.62 04a59931o0110c       0  17.435967
59931.074213 20.207197 0.289530   27.0     8 c    0   1.49 25.48146 -3.28961  4233.19  3169.58 2.27 2.21  16.4 -0.394    19.54 21.64 04a59931o0122c       0  15.716645
59931.086457 20.405150 0.347436   22.0     8 c    0   1.76 25.48146 -3.28961  4218.90  3276.01 2.37 2.32 -27.6 -0.382    19.47 21.62 04a59931o0149c       0  15.716645
59935.048693 20.039830      NaN    2.0    10 c    0   1.03 25.48146 -3.28961  4262.60  3219.23 2.57 2.44  -1.4 -0.381    19.38 21.42 04a59935o0062c       0  16.822988
59935.051844 20.009244      NaN    3.0    10 c    0   0.87 25.48146 -3.28961  4283.41  3254.56 2.49 2.39  -2.0 -0.382    19.40 21.48 04a59935o0069c       0  16.822988
59935.057347 19.816329 0.201997   40.0     8 c    0   1.31 25.48146 -3.28961  4228.23  3171.59 2.49 2.41  -7.1 -0.374    19.45 21.54 04a59935o0081c       0  15.716645
59935.067711 19.766969      NaN   18.0     8 c    0   1.58 25.48146 -3.28961  4211.58  3280.47 2.39 2.34  -6.6 -0.392    19.44 21.59 04a59935o0104c       0  15.716645
59939.040672 19.719755      NaN    2.0    14 c    0   1.26 25.48146 -3.28961  4450.08  7079.24 3.12 2.81 -73.1 -0.361    18.92 20.59 04a59939o0041c       0  19.468255
59939.043824 19.287255      NaN   28.0    13 c    0   0.94 25.48146 -3.28961  4470.93  7114.48 2.88 2.67 -66.8 -0.363    19.18 20.96 04a59939o0048c       0  18.762008
59939.049230 19.841877 0.336061   39.0    13 c    0   1.10 25.48146 -3.28961  4416.52  7031.77 3.13 2.89 -52.7 -0.365    19.16 21.27 04a59939o0060c       0  18.762008
59939.062755 20.009244      NaN   -9.0    12 c    0   0.91 25.48146 -3.28961  4402.94  7137.13 3.19 2.87 -69.3 -0.361    19.28 21.52 04a59939o0090c       0  18.083499
59956.810804 18.867907      NaN   31.0    23 c    0   0.95 25.48146 -3.28961  8226.80  1111.77 4.13 3.85 -63.3 -0.343    18.41 20.76 03a59957o0084c    8192  26.683571