         MJD         m       dm    uJy  duJy F  err  chi/N       RA      Dec        x        y  maj  min   phi  apfit  mag5sig   Sky            Obs    Mask   duJy_new
57396.595280 19.696897      NaN  -29.5    16 c    0   1.09 212.4245 55.49114   158.05  9647.44 4.15 3.88 -66.5 -0.405    19.53 21.49 02a57396o0619c       0  22.356511
57396.595885 19.631075      NaN  -15.5    17 c    0   0.87 212.4245 55.49114 10189.37  9110.68 3.90 3.69  82.8 -0.422    19.58 21.55 02a57396o0620c       0  23.082755
57396.614233 19.510313      NaN   -3.5    19 c    0   1.19 212.4245 55.49114  9886.80   435.03 4.43 3.61  17.4 -0.440    19.60 21.56 02a57396o0650c       0  24.592958
57396.623431 19.631075      NaN   -7.5    17 c    0   1.02 212.4245 55.49114   730.55 10279.21 3.97 3.81 -64.5 -0.411    19.56 21.47 02a57396o0665c       0  23.082755
57396.627103 19.510313      NaN  -15.5    19 c    0   1.09 212.4245 55.49114   935.26   416.70 5.70 3.76 -26.7 -0.453    19.58 21.53 02a57396o0671c       0  24.592958
57396.636297 19.696897      NaN   -6.5    16 c    0   0.85 212.4245 55.49114  1031.63  8527.26 4.03 3.65 -65.0 -0.429    19.58 21.52 02a57396o0686c       0  22.356511
57424.605935 19.197966      NaN   31.5    17 c    0   1.10 212.4245 55.49114   698.64  9015.24 4.30 3.93 -55.7 -0.407    19.64 21.75 02a57424o0644c       0  23.082755
57424.620716 19.841877      NaN   -4.5    14 c    0   1.01 212.4245 55.49114 10083.49 10216.92 4.11 3.98  65.2 -0.383    19.65 21.75 02a57424o0666c       0  20.971733
57424.621336 19.302877      NaN   -5.5    23 c    0   0.87 212.4245 55.49114  8986.33   402.45 4.73 3.76  14.2 -0.429    19.70 21.79 02a57424o0667c       0  27.799525
57424.624945 19.631075      NaN   -3.5    17 c    0   1.02 212.4245 55.49114   965.58  9618.28 4.11 3.85 -59.5 -0.409    19.69 21.75 02a57424o0672c       0  23.082755
57424.632387 19.841877      NaN    2.5    14 c    0   1.02 212.4245 55.49114  9994.08 10314.65 3.96 3.90  52.7 -0.387    19.69 21.76 02a57424o0683c       0  20.971733
57424.633626 18.757738      NaN   45.5    25 c    0   1.07 212.4245 55.49114  8910.54   499.72 4.66 3.67  13.9 -0.429    19.70 21.79 02a57424o0685c       0  29.475644
57424.634249 18.878500      NaN    6.5    34 c    0   0.96 212.4245 55.49114    45.53   241.03 6.54 3.88 -29.7 -0.424    19.71 21.80 02a57424o0686c       0  37.414083
57448.544535 19.401649      NaN  -22.5    21 c    0   0.99 212.4245 55.49114   324.95  9171.02 4.30 3.94 -53.4 -0.392    19.13 20.71 02a57448o0499c       0  26.168943
57448.565924 18.978793      NaN  -11.5    31 c    0   0.90 212.4245 55.49114  8699.44   617.88 4.95 4.00   8.0 -0.412    19.09 20.75 02a57448o0536c       0  34.710425
57448.566445 19.256669      NaN  -13.5    24 c    0   1.00 212.4245 55.49114  9771.14 10423.74 4.26 4.09  49.2 -0.420    18.98 20.58 02a57448o0537c       0  28.632387
57448.567403 19.115465      NaN   22.5    22 c    0   1.07 212.4245 55.49114   630.07  9780.88 4.30 4.07 -45.1 -0.403    19.12 20.71 02a57448o0539c       0  26.978020
57448.577743 19.631075      NaN    3.5    17 c    0   1.30 212.4245 55.49114 10025.06 10316.73 4.29 3.95  68.7 -0.403    19.16 20.74 02a57448o0558c       0  23.082755
57448.596475 19.401649      NaN  -11.5    21 c    0   0.93 212.4245 55.49114  1733.50 10191.58 4.10 3.93 -50.4 -0.397    19.20 20.80 02a57448o0592c       0  26.168943
57449.539323 19.696897      NaN   -3.5    16 c    0   1.40 212.4245 55.49114   583.76  9141.76 3.94 3.67 -53.8 -0.422    19.39 21.05 02a57449o0652c       0  22.356511
57449.557592 19.631075      NaN  -43.5    17 c    0   1.07 212.4245 55.49114 10042.95 10369.63 4.14 3.81  72.2 -0.409    19.34 21.02 02a57449o0686c       0  23.082755
57449.558557 18.711133      NaN   41.5    28 c    0   0.87 212.4245 55.49114  8938.34   564.61 4.42 3.66  18.0 -0.459    19.39 21.07 02a57449o0688c       0  32.059532
57449.560004 19.271854      NaN   14.5    21 c    0   0.95 212.4245 55.49114   899.40  9755.15 3.94 3.78 -44.8 -0.423    19.35 21.01 02a57449o0691c       0  26.168943
57449.570520 19.051202      NaN  -10.5    29 c    0   0.89 212.4245 55.49114  8920.99   503.69 4.41 3.58  18.5 -0.473    19.39 21.06 02a57449o0709c       0  32.936508
57449.571735 19.155932      NaN   25.5    20 c    0   0.73 212.4245 55.49114 10023.22 10312.25 4.08 3.71  74.1 -0.417    19.34 21.00 02a57449o0711c       0  25.373482
57458.514223 19.766969      NaN   -4.5    15 c    0   1.39 212.4245 55.49114   674.92  8993.00 4.24 3.88 -55.1 -0.406    19.61 21.65 02a57458o0615c       0  21.652104
57458.536888 19.256669      NaN  -21.5    24 c    0   0.95 212.4245 55.49114  9021.12   401.70 4.70 3.91  13.7 -0.431    19.60 21.68 02a57458o0653c       0  28.632387
57458.537368 19.766969      NaN  -11.5    15 c    0   1.07 212.4245 55.49114 10136.30 10205.70 4.20 3.84  72.3 -0.402    19.61 21.63 02a57458o0654c       0  21.652104
57458.538335 19.226921      NaN   32.5    16 c    0   1.05 212.4245 55.49114   983.30  9600.20 4.12 3.90 -45.8 -0.414    19.62 21.64 02a57458o0656c       0  22.356511
57458.558366 19.014394      NaN   -5.5    30 c    0   0.87 212.4245 55.49114    49.71   245.79 4.60 3.90  -9.9 -0.428    19.34 21.47 02a57458o0691c       0  33.820313
57458.567283 19.631075      NaN  -20.5    17 c    0   1.23 212.4245 55.49114   632.38   385.36 5.24 3.82 -20.9 -0.444    19.50 21.55 02a57458o0707c       0  23.082755
57458.567769 19.719755      NaN    8.5    15 c    0   0.97 212.4245 55.49114  1729.77 10189.61 4.09 3.93 -52.9 -0.397    19.64 21.68 02a57458o0708c       0  21.652104
57488.443133 19.384550      NaN   19.5    17 c    0   1.00 212.4245 55.49114   807.62  9094.92 4.30 3.77 -49.3 -0.419    19.56 21.56 02a57488o0403c       0  23.082755
57488.463943 19.318728      NaN   20.5    18 c    0   1.14 212.4245 55.49114  1129.83  9700.71 4.37 3.85 -46.3 -0.409    19.54 21.52 02a57488o0440c       0  23.828839
57488.465376 18.857417      NaN   56.5    18 c    0   0.91 212.4245 55.49114 10281.24 10287.60 4.42 3.82  77.7 -0.390    19.53 21.51 02a57488o0443c       0  23.828839
57488.465855 19.351140      NaN   -3.5    22 c    0   1.06 212.4245 55.49114  9157.00   480.43 4.93 3.79  20.2 -0.465    19.57 21.56 02a57488o0444c       0  26.978020
57488.472967 19.183773      NaN   17.5    22 c    0   0.94 212.4245 55.49114   617.99   379.99 5.42 3.72 -23.9 -0.468    19.52 21.50 02a57488o0456c       0  26.978020
57488.474702 19.351140      NaN   -1.5    22 c    0   0.84 212.4245 55.49114   182.29   340.47 6.01 3.81 -25.1 -0.448    19.57 21.58 02a57488o0459c       0  26.978020
57488.475297 19.631075      NaN  -14.5    17 c    0   1.08 212.4245 55.49114  1715.87 10181.29 4.33 3.94 -50.0 -0.402    19.55 21.54 02a57488o0460c       0  23.082755
57512.373986 19.491430      NaN   10.5    18 c    0   1.12 212.4245 55.49114  2179.84   433.34 5.30 3.83 -17.8 -0.470    19.58 21.60 02a57512o0328c       0  23.828839
57512.382423 19.841877      NaN  -25.5    14 c    0   1.24 212.4245 55.49114  2129.20 10277.41 4.37 4.10 -48.0 -0.375    19.51 21.55 02a57512o0345c       0  20.971733
57512.383392 19.401649      NaN  -34.5    21 c    0   0.94 212.4245 55.49114  2199.32   470.47 5.34 3.95 -18.1 -0.457    19.54 21.60 02a57512o0347c       0  26.168943
57512.388945 19.510313      NaN  -13.5    19 c    0   1.15 212.4245 55.49114  2135.57   394.76 5.45 3.88 -16.9 -0.456    19.57 21.61 02a57512o0358c       0  24.592958
57512.391590 19.401649      NaN   15.5    18 c    0   0.84 212.4245 55.49114  2157.86 10311.71 4.33 4.09 -44.0 -0.391    19.51 21.54 02a57512o0363c       0  23.828839
57512.398484 19.569016      NaN  -14.5    18 c    0   1.12 212.4245 55.49114   919.50  1218.30 5.14 3.90 -24.8 -0.445    19.51 21.56 02a57512o0377c       0  23.828839
57512.405375 19.569016      NaN   -2.5    18 c    0   0.94 212.4245 55.49114  2084.59 10227.84 4.31 4.05 -44.6 -0.373    19.54 21.56 02a57512o0391c       0  23.828839
57512.407432 19.631075      NaN   -8.5    17 c    0   1.01 212.4245 55.49114  8400.11 10047.79 4.53 4.00  84.0 -0.382    19.54 21.62 02a57512o0395c       0  23.082755
57512.408404 19.212347      NaN  -25.5    25 c    0   1.18 212.4245 55.49114  8411.82   205.43 5.08 4.13  21.0 -0.432    19.50 21.58 02a57512o0397c       0  29.475644
57515.371866 19.674510      NaN    7.5    16 c    0   1.10 212.4245 55.49114   393.16  2883.43 5.03 3.75 -35.4 -0.431    19.58 21.68 02a57515o0321c       0  22.356511
57515.374441 19.841877      NaN  -23.5    14 c    0   1.04 212.4245 55.49114 10127.28  7718.91 4.46 3.47  81.3 -0.451    19.60 21.66 02a57515o0326c       0  20.971733
57515.385734 19.696897      NaN   -8.5    16 c    0   0.85 212.4245 55.49114 10058.07  7641.94 4.30 3.39  81.0 -0.442    19.61 21.65 02a57515o0348c       0  22.356511
57515.402098 19.631075      NaN    0.5    17 c    0   1.12 212.4245 55.49114   471.85  2807.45 4.82 3.66 -33.9 -0.434    19.58 21.64 02a57515o0380c       0  23.082755
57515.409082 19.142275      NaN   35.5    17 c    0   1.03 212.4245 55.49114   423.87  2870.44 4.84 3.68 -32.0 -0.424    19.58 21.61 02a57515o0393c       0  23.082755
57545.345896 19.454622      NaN   -2.5    20 c    0   0.88 212.4245 55.49114  8508.12 10442.14 4.39 3.97  79.2 -0.406    19.64 21.77 02a57545o0224c       0  25.373482
57545.348798 19.401649      NaN  -13.5    21 c    0   1.05 212.4245 55.49114  8557.03   590.32 4.66 3.87  24.7 -0.465    19.62 21.74 02a57545o0230c       0  26.168943
57545.356559 19.569016      NaN  -45.5    18 c    0   0.98 212.4245 55.49114  8496.31 10404.18 4.50 3.96  82.9 -0.402    19.64 21.79 02a57545o0246c       0  23.828839
57545.357043 18.566153      NaN   64.5    26 c    0   1.00 212.4245 55.49114  8534.84   551.53 4.77 3.94  23.8 -0.462    19.61 21.73 02a57545o0247c       0  30.328429
57545.358980 19.128787      NaN  -35.5    27 c    0   0.81 212.4245 55.49114  8551.47 10485.68 4.49 3.99  82.2 -0.401    19.64 21.79 02a57545o0251c       0  31.189960
57545.373999 18.598565      NaN  -39.5    44 c    0   1.03 212.4245 55.49114  8601.11   633.69 4.96 4.09  24.2 -0.443    18.84 20.88 02a57545o0282c       0  46.688474
57545.379331 18.481707      NaN -111.5    49 c    0   0.94 212.4245 55.49114  8614.59   516.33 4.96 3.97  22.5 -0.456    18.86 20.87 02a57545o0293c       0  51.427751
57545.380784 19.510313      NaN   -5.5    19 c    0   1.04 212.4245 55.49114  8563.09 10371.34 4.53 4.01  80.7 -0.402    19.41 21.51 02a57545o0296c       0  24.592958
57545.390661 19.287255      NaN   19.5    19 c    0   0.89 212.4245 55.49114  8526.53 10432.38 4.73 4.12  80.7 -0.388    19.52 21.66 02a57545o0315c       0  24.592958
57545.391630 19.197966      NaN    7.5    25 c    0   0.77 212.4245 55.49114  8579.77   579.90 5.22 4.21  21.6 -0.432    19.47 21.61 02a57545o0317c       0  29.475644
57549.351074 19.454622      NaN    6.5    20 c    0   1.11 212.4245 55.49114  9970.37  2244.95 4.77 3.98  48.4 -0.456    19.43 21.37 02a57549o0117c       0  25.373482
57549.362227 19.454622      NaN   -7.5    20 c    0   0.99 212.4245 55.49114  9961.47  2206.21 4.72 3.93  49.8 -0.462    19.46 21.39 02a57549o0140c       0  25.373482
57549.364163 19.491430      NaN   10.5    18 c    0   1.04 212.4245 55.49114 10016.96  2287.95 4.70 3.92  49.6 -0.461    19.47 21.40 02a57549o0144c       0  23.828839
57549.378258 19.318728      NaN   17.5    19 c    0   1.09 212.4245 55.49114 10042.58  2175.85 4.72 3.89  46.7 -0.474    19.55 21.53 02a57549o0173c       0  24.592958
57549.386002 19.212347      NaN   27.5    18 c    0   1.01 212.4245 55.49114  9998.41  2232.84 4.80 4.00  45.5 -0.452    19.58 21.63 02a57549o0189c       0  23.828839
57581.293250 19.256669      NaN  -12.5    24 c    0   1.15 212.4245 55.49114  2106.45  9260.97 4.35 4.02 -63.5 -0.425    19.01 20.64 02a57581o0088c       0  28.632387
57581.304631 18.889197      NaN   32.5    25 c    0   1.05 212.4245 55.49114  2094.12  9219.36 4.34 3.99 -48.1 -0.429    19.01 20.65 02a57581o0111c       0  29.475644
57581.321240 19.302877      NaN    4.5    23 c    0   1.26 212.4245 55.49114  2147.65  9293.06 4.19 3.88 -45.7 -0.434    19.00 20.58 02a57581o0145c       0  27.799525
57581.328019 19.128787      NaN   15.5    24 c    0   1.17 212.4245 55.49114  2160.25  9174.09 4.12 3.84 -55.2 -0.434    19.00 20.57 02a57581o0159c       0  28.632387
57581.338880 19.089302      NaN  -42.5    28 c    0   0.92 212.4245 55.49114  2127.84  9234.44 4.19 3.87 -50.2 -0.430    18.93 20.48 02a57581o0181c       0  32.059532
57605.257770 18.757738      NaN  -49.5    38 c    0   0.98 212.4245 55.49114  2362.79  9329.49 4.45 3.96  32.1 -0.373    18.85 21.71 02a57605o0052c       0  41.083009
57605.266058 18.816441      NaN -107.5    36 c    0   1.40 212.4245 55.49114  2340.51  9289.04 4.63 4.31  27.4 -0.348    18.84 21.70 02a57605o0066c       0  39.240459
57605.277177 18.702047      NaN    4.5    40 c    0   1.19 212.4245 55.49114  2394.99  9361.53 5.43 5.43 -68.9 -0.330    18.70 21.72 02a57605o0085c       0  42.939651
57605.290850 19.142275      NaN   26.5    20 c    0   0.93 212.4245 55.49114  2418.83  9243.67 5.00 4.72 -54.9 -0.357    19.19 21.41 02a57605o0109c       0  25.373482
57605.303123 19.569016      NaN    6.5    18 c    0   0.94 212.4245 55.49114  2374.20  9301.02 4.33 4.07 -47.2 -0.400    19.35 21.41 02a57605o0133c       0  23.828839
57609.277256 17.896499 0.107712  258.5    25 c    0   1.47 212.4245 55.49114  8756.10  2561.75 4.38 3.86  45.9 -0.459    19.22 20.95 02a57609o0091c 8392704  29.475644
57609.280069 17.850111 0.107335  269.5    26 c    0   1.64 212.4245 55.49114  8734.44  2520.59 4.43 3.90  42.5 -0.450    19.21 20.95 02a57609o0096c 8392704  30.328429
57609.298289 19.169763      NaN  -41.5    26 c    0   1.81 212.4245 55.49114  8797.02  2600.61 4.57 4.01  43.2 -0.454    19.16 20.91 02a57609o0128c 8392704  30.328429
57609.306107 18.582238 0.194460  140.5    24 c    0   2.46 212.4245 55.49114  8808.19  2481.87 4.47 3.94  42.2 -0.456    19.18 20.91 02a57609o0142c 8388608  28.632387
57609.331617 19.089302      NaN  -26.5    28 c    0   0.97 212.4245 55.49114  8772.83  2538.64 4.67 4.13  36.4 -0.434    19.05 20.81 02a57609o0180c 8392704  32.059532
57746.624435 19.436675      NaN   19.5    16 c    0   0.96 212.4245 55.49114  2214.19  9963.99 4.05 3.78  19.7 -0.391    19.56 21.56 02a57746o0839c       0  22.356511
57746.627011 19.183773      NaN   38.5    15 c    0   1.16 212.4245 55.49114  2220.82    95.83 4.36 4.18 -22.3 -0.371    19.54 21.57 02a57746o0844c       0  21.652104
57746.635831 19.419021      NaN   11.5    19 c    0   0.96 212.4245 55.49114  2235.96 10004.72 4.30 4.17  30.7 -0.383    19.38 21.43 02a57746o0861c       0  24.592958
57746.638445 19.696897      NaN    6.5    16 c    0   1.04 212.4245 55.49114  2233.57   136.53 4.38 4.24 -20.1 -0.369    19.56 21.60 02a57746o0866c       0  22.356511
57746.647232 19.696897      NaN    2.5    16 c    0   1.08 212.4245 55.49114  2169.26  9924.21 4.04 3.79  23.0 -0.399    19.58 21.59 02a57746o0883c       0  22.356511
57746.650355 19.256669      NaN  -22.5    24 c    0   0.74 212.4245 55.49114  2177.04    54.69 4.21 4.07 -24.2 -0.374    19.60 21.59 02a57746o0889c       0  28.632387
57746.658606 19.766969      NaN    1.5    15 c    0   1.46 212.4245 55.49114  2155.97 10042.29 3.98 3.71  19.9 -0.392    19.50 21.37 02a57746o0905c       0  21.652104
57746.661195 19.569016      NaN    2.5    18 c    0   1.03 212.4245 55.49114  2166.82   192.96 4.12 4.00 -26.6 -0.382    19.40 21.16 02a57746o0910c       0  23.828839
57746.667885 18.496580      NaN   46.5    35 c    0   0.98 212.4245 55.49114  2187.14  9983.98 4.20 3.95  24.0 -0.387    18.69 19.88 02a57746o0923c       0  38.325104
57746.669931 18.816441      NaN    2.5    36 c    0   1.30 212.4245 55.49114  2199.16   116.02 4.27 4.18 -26.3 -0.359    18.45 19.40 02a57746o0927c       0  39.240459
57778.584544 19.766969      NaN    3.5    15 c    0   0.90 212.4245 55.49114   293.75  7808.24 3.84 3.76  66.2 -0.403    19.72 21.75 02a57778o0593c       0  21.652104
57778.597380 19.766969      NaN   -1.5    15 c    0   1.04 212.4245 55.49114   314.14  7849.39 3.85 3.76  61.7 -0.409    19.75 21.79 02a57778o0617c       0  21.652104
57778.610372 19.922338      NaN   -9.5    13 c    0   1.38 212.4245 55.49114   257.54  7768.64 3.89 3.79  53.4 -0.410    19.75 21.81 02a57778o0641c       0  20.317815
57778.623200 19.922338      NaN  -14.5    13 c    0   1.00 212.4245 55.49114   236.20  7884.95 3.81 3.69  48.1 -0.413    19.80 21.86 02a57778o0665c       0  20.317815
57778.636056 19.287255      NaN   28.5    16 c    0   0.86 212.4245 55.49114   268.96  7829.24 3.86 3.74  51.4 -0.412    19.79 21.85 02a57778o0689c       0  22.356511
57782.576665 19.766969      NaN  -11.5    15 c    0   1.05 212.4245 55.49114   782.75  8848.87 3.85 3.50  29.0 -0.425    19.83 21.95 02a57782o0737c       0  21.652104
57782.590544 19.696897      NaN  -11.5    16 c    0   0.76 212.4245 55.49114   802.26  8889.89 3.98 3.67  33.7 -0.416    19.83 22.01 02a57782o0763c       0  22.356511
57782.604708 19.401649      NaN   24.5    15 c    0   0.96 212.4245 55.49114   733.63  8811.32 3.90 3.55  30.7 -0.423    19.83 21.95 02a57782o0789c       0  21.652104
57782.618647 19.766969      NaN    5.5    15 c    0   1.23 212.4245 55.49114   709.82  8929.95 3.98 3.65  32.0 -0.428    19.81 21.96 02a57782o0815c       0  21.652104
57782.632577 19.841877      NaN    5.5    14 c    0   1.38 212.4245 55.49114   755.57  8873.90 4.02 3.70  32.0 -0.421    19.80 21.93 02a57782o0841c       0  20.971733
57786.576899 19.841877      NaN    6.5    14 c    0   1.12 212.4245 55.49114   514.00  7549.96 3.80 3.63  55.3 -0.411    19.82 21.91 02a57786o0532c       0  20.971733
57786.589709 19.841877      NaN   -2.5    14 c    0   0.90 212.4245 55.49114   537.52  7590.28 3.81 3.65  56.9 -0.413    19.81 21.92 02a57786o0556c       0  20.971733
57786.602690 19.631075      NaN  -13.5    17 c    0   1.05 212.4245 55.49114   482.38  7510.05 3.87 3.71  56.4 -0.404    19.53 21.61 02a57786o0580c       0  23.082755
57786.615519 19.841877      NaN  -26.5    14 c    0   0.95 212.4245 55.49114   458.74  7626.69 3.83 3.66  52.7 -0.414    19.78 21.89 02a57786o0604c       0  20.971733
57786.628325 19.841877      NaN   -9.5    14 c    0   1.14 212.4245 55.49114   489.72  7571.14 3.86 3.71  51.0 -0.406    19.86 22.02 02a57786o0628c       0  20.971733
57806.545465 19.569016      NaN   12.5    16 c    0   0.78 212.4245 55.49114  1746.68  8854.22 3.88 3.78  34.1 -0.415    19.73 21.79 02a57806o0610c       0  22.356511
57806.562979 19.841877      NaN  -22.5    14 c    0   1.26 212.4245 55.49114  1759.78  8896.69 3.90 3.82  35.0 -0.413    19.75 21.85 02a57806o0642c       0  20.971733
57806.577233 19.766969      NaN  -11.5    15 c    0   0.97 212.4245 55.49114  1693.13  8814.31 3.83 3.74  32.7 -0.423    19.75 21.81 02a57806o0668c       0  21.652104
57806.591101 19.841877      NaN   -5.5    14 c    0   1.23 212.4245 55.49114  1689.30  8929.39 3.86 3.70  29.6 -0.416    19.72 21.74 02a57806o0694c       0  20.971733
57806.605002 19.766969      NaN    1.5    15 c    0   1.10 212.4245 55.49114  1723.58  8871.30 3.88 3.66  26.7 -0.422    19.68 21.68 02a57806o0720c       0  21.652104
57834.492888 19.569016      NaN   -9.5    18 c    0   0.87 212.4245 55.49114  9701.74   991.50 4.04 3.81  89.1 -0.417    19.07 21.15 02a57834o0443c       0  23.828839
57834.503330 19.454622      NaN  -27.5    20 c    0   0.90 212.4245 55.49114   783.57  9422.29 3.87 3.53  19.3 -0.445    19.11 21.19 02a57834o0463c       0  25.373482
57834.512985 19.569016      NaN   12.5    16 c    0   1.02 212.4245 55.49114   748.89   957.13 4.16 3.92  80.8 -0.391    19.09 21.18 02a57834o0480c       0  22.356511
57834.524726 19.569016      NaN  -18.5    18 c    0   1.12 212.4245 55.49114  9728.50  9447.67 3.84 3.51 -82.8 -0.407    19.07 21.07 02a57834o0502c       0  23.828839
57834.527024 19.241693      NaN   19.5    20 c    0   1.03 212.4245 55.49114   828.50  9497.33 3.87 3.51  19.5 -0.435    19.04 21.02 02a57834o0506c       0  25.373482
57834.542612 19.183773      NaN   20.5    21 c    0   1.29 212.4245 55.49114   847.99  9380.32 4.12 3.81  25.7 -0.438    18.92 20.83 02a57834o0535c       0  26.168943
57834.545326 19.491430      NaN    7.5    19 c    0   0.87 212.4245 55.49114   705.63   912.04 4.16 3.93  79.0 -0.392    18.95 20.84 02a57834o0540c       0  24.592958
57834.551386 19.401649      NaN  -15.5    21 c    0   1.34 212.4245 55.49114  9792.50  9416.41 4.12 3.80  88.2 -0.412    18.92 20.81 02a57834o0551c       0  26.168943
57834.554663 19.351140      NaN   -7.5    22 c    0   1.11 212.4245 55.49114   802.64  9443.11 4.20 3.86  30.2 -0.429    18.86 20.73 02a57834o0557c       0  26.978020
57834.565944 19.351140      NaN  -12.5    22 c    0   0.80 212.4245 55.49114  9756.21  9472.98 4.16 3.81  87.3 -0.406    18.85 20.72 02a57834o0577c       0  26.978020
57838.497077 19.510313      NaN  -15.5    19 c    0   1.07 212.4245 55.49114  1522.35  7589.69 4.20 4.06  50.7 -0.395    19.00 21.19 02a57838o0463c       0  24.592958
57838.515767 19.384550      NaN   13.5    19 c    0   1.05 212.4245 55.49114  1539.73  7628.73 4.11 3.94  49.8 -0.395    19.02 21.17 02a57838o0498c       0  24.592958
57838.526430 19.401649      NaN  -44.5    21 c    0   0.86 212.4245 55.49114  1471.58  7548.85 4.02 3.87  41.6 -0.408    19.05 21.15 02a57838o0518c       0  26.168943
57838.545276 19.241693      NaN   34.5    15 c    0   0.99 212.4245 55.49114  9029.98  2777.73 3.92 3.64  83.8 -0.405    19.07 21.11 02a57838o0553c       0  21.652104
57838.558782 19.454622      NaN   15.5    17 c    0   0.85 212.4245 55.49114  8989.30  2834.72 4.09 4.00  68.5 -0.383    18.96 21.09 02a57838o0577c       0  23.082755
57842.515338 19.454622      NaN    2.5    20 c    0   1.23 212.4245 55.49114  2202.35  9068.83 4.15 3.91  27.9 -0.427    18.98 21.04 02a57842o0427c       0  25.373482
57842.526432 19.351140      NaN   -3.5    22 c    0   1.04 212.4245 55.49114  2243.90  9143.95 4.36 4.18  41.0 -0.412    18.93 21.04 02a57842o0448c       0  26.978020
57842.544005 19.454622      NaN   -9.5    20 c    0   1.21 212.4245 55.49114  2264.57  9021.68 4.21 4.06  45.2 -0.398    18.94 20.97 02a57842o0481c       0  25.373482
57862.478560 19.401649      NaN   -0.5    21 c    0   1.03 212.4245 55.49114  1899.09  9309.93 3.93 3.86  37.4 -0.415    18.84 20.47 02a57862o0525c       0  26.168943
57862.500554 19.302877      NaN   -6.5    23 c    0   0.95 212.4245 55.49114  1876.33  9269.84 3.85 3.74  36.7 -0.421    18.76 20.25 02a57862o0570c       0  27.799525
57862.510937 19.351140      NaN   -8.5    22 c    0   0.95 212.4245 55.49114  1931.40  9344.77 3.80 3.71  28.2 -0.430    18.74 20.17 02a57862o0591c       0  26.978020
57862.522570 19.454622      NaN  -28.5    20 c    0   1.28 212.4245 55.49114  1955.22  9224.35 3.85 3.67  28.3 -0.422    18.68 20.07 02a57862o0615c       0  25.373482
57862.530436 19.256669      NaN  -10.5    24 c    0   0.96 212.4245 55.49114  1922.40  9284.62 3.78 3.61  23.3 -0.423    18.67 20.02 02a57862o0631c       0  28.632387
57870.512744 19.922338      NaN    0.5    13 c    0   0.80 212.4245 55.49114  9413.27  1129.56 4.53 2.80  39.9 -0.476    19.47 20.64 02a57870o0479c       0  20.317815
57870.533324 19.287255      NaN   31.5    15 c    0   0.99 212.4245 55.49114  9391.60  1090.64 4.67 2.84  39.9 -0.478    19.45 20.61 02a57870o0518c       0  21.652104
57870.538026 19.922338      NaN   -5.5    13 c    0   1.32 212.4245 55.49114  9458.02  1170.92 4.58 2.77  39.4 -0.474    19.46 20.60 02a57870o0527c       0  20.317815
57870.551254 19.841877      NaN   -9.5    14 c    0   1.04 212.4245 55.49114  9482.55  1054.15 4.76 2.86  39.6 -0.482    19.43 20.59 02a57870o0552c       0  20.971733
57870.561189 19.241693      NaN   34.5    15 c    0   1.14 212.4245 55.49114  9437.26  1108.70 4.77 2.97  39.3 -0.484    19.37 20.56 02a57870o0571c       0  21.652104
57894.407888 19.979496      NaN   10.5    11 c    0   1.04 212.4245 55.49114  8802.52  2207.97 4.03 2.66  52.6 -0.435    19.76 21.69 02a57894o0332c       0  19.100094
57894.427521 20.103715      NaN   -3.5    11 c    0   0.94 212.4245 55.49114  8781.08  2165.97 4.13 2.68  54.0 -0.427    19.74 21.66 02a57894o0369c       0  19.100094
57894.439711 19.950541      NaN    8.5    12 c    0   0.86 212.4245 55.49114  8837.52  2246.22 4.14 2.70  52.9 -0.428    19.70 21.58 02a57894o0392c       0  19.692983
57894.456781 19.696897      NaN  -18.5    16 c    0   0.99 212.4245 55.49114  8861.64  2126.48 4.08 2.70  51.8 -0.437    19.40 21.12 02a57894o0424c       0  22.356511
57894.464158 19.674510      NaN   19.5    12 c    0   1.21 212.4245 55.49114  8818.67  2182.23 4.05 2.68  52.6 -0.432    19.55 21.31 02a57894o0438c       0  19.692983
57898.407155 20.009244      NaN    1.5    12 c    0   0.71 212.4245 55.49114  9384.96  1233.02 4.93 2.71  50.1 -0.411    19.75 21.69 02a57898o0172c       0  19.692983
57898.409252 20.009244      NaN    2.5    12 c    0   0.88 212.4245 55.49114  9363.21  1193.69 4.85 2.68  49.7 -0.422    19.77 21.68 02a57898o0176c       0  19.692983
57898.439552 20.009244      NaN    1.5    12 c    0   0.96 212.4245 55.49114  9430.98  1274.28 4.85 2.75  53.2 -0.408    19.75 21.62 02a57898o0233c       0  19.692983
57898.444330 20.103715      NaN  -19.5    11 c    0   1.22 212.4245 55.49114  9444.29  1156.87 5.32 2.75  50.9 -0.385    19.75 21.61 02a57898o0242c       0  19.100094
57898.465591 20.009244      NaN  -22.5    12 c    0   0.93 212.4245 55.49114  9411.51  1211.28 5.17 2.79  50.5 -0.380    19.66 21.59 02a57898o0282c       0  19.692983
57902.368676 20.009244      NaN   -4.5    12 c    0   1.31 212.4245 55.49114  1782.23    50.57 2.77 2.47  44.2 -0.432    19.67 21.47 02a57902o0263c       0  19.692983
57902.386132 20.009244      NaN   15.5     9 c    0   1.27 212.4245 55.49114  2728.22  9878.57 2.50 2.39  15.8 -0.460    19.81 21.63 02a57902o0297c       0  18.022586
57902.397408 20.171596      NaN   13.5     8 c    0   1.28 212.4245 55.49114  2717.86  9838.32 2.56 2.43   5.8 -0.465    19.77 21.60 02a57902o0319c       0  17.544617
57902.398951 20.321591      NaN   -6.5     9 c    0   1.30 212.4245 55.49114  1831.37    85.22 2.80 2.48  48.8 -0.442    19.75 21.55 02a57902o0322c       0  18.022586
57902.399963 20.282105      NaN    7.5     9 c    0   1.09 212.4245 55.49114  2763.33  9916.01 2.59 2.39   8.6 -0.467    19.78 21.58 02a57902o0324c       0  18.022586
57902.422768 20.321591      NaN    3.5     9 c    0   0.88 212.4245 55.49114  2787.18  9794.70 2.56 2.39  13.5 -0.467    19.79 21.63 02a57902o0368c       0  18.022586
57902.433611 19.719755      NaN   23.5    10 c    0   1.15 212.4245 55.49114  2752.29  9852.89 2.61 2.45  10.1 -0.458    19.67 21.49 02a57902o0389c       0  18.542211
57984.246073 20.009244      NaN  -12.5    12 c    0   1.49 212.4245 55.49114  9264.65 10261.19 2.71 2.60  10.7 -0.408    19.50 20.86 02a57984o0033c       0  19.692983
57984.252109 20.103715      NaN    4.5    11 c    0   1.49 212.4245 55.49114  9426.41   378.50 3.14 2.31  51.6 -0.381    19.69 21.32 02a57984o0045c       0  19.100094
57984.252593 20.103715      NaN    0.5    11 c    0   1.47 212.4245 55.49114  9404.58   337.95 3.17 2.33  51.3 -0.386    19.66 21.34 02a57984o0046c       0  19.100094
57984.254054 19.491430      NaN   28.5    12 c    0   0.97 212.4245 55.49114  9250.22 10217.42 2.61 2.54  10.6 -0.416    19.69 21.39 02a57984o0049c       0  19.692983
57984.263497 20.009244      NaN  -20.5    12 c    0   1.20 212.4245 55.49114  9305.13 10300.72 2.63 2.52  22.1 -0.421    19.72 21.43 02a57984o0068c       0  19.692983
57984.264472 19.894850      NaN   16.5    10 c    0   0.94 212.4245 55.49114  9457.96   421.49 3.04 2.38  50.7 -0.390    19.74 21.42 02a57984o0070c       0  18.542211
57984.275651 19.816329      NaN   13.5    12 c    0   1.09 212.4245 55.49114  9478.71   300.82 3.02 2.43  50.2 -0.398    19.70 21.41 02a57984o0093c       0  19.692983
57984.277114 19.719755      NaN   20.5    11 c    0   1.20 212.4245 55.49114  9311.27 10180.53 2.76 2.56  29.5 -0.410    19.69 21.42 02a57984o0096c       0  19.100094
58020.235926 19.791368      NaN   14.5    12 c    0   1.45 212.4245 55.49114  1930.12  6106.29 2.37 2.33  89.3 -0.443    19.28 20.64 02a58020o0006c    8192  19.692983
58196.529228 18.526952      NaN  -12.5    47 c    0   0.76 212.4245 55.49114  3313.59  6012.40 2.55 2.38  15.0 -0.425    17.79 19.73 02a58196o0652c    8192  49.525888
58196.535461 20.449472      NaN    6.5     8 c    0   1.09 212.4245 55.49114  3282.74  5976.84 2.41 2.28  33.8 -0.439    19.80 21.89 02a58196o0663c    8192  17.544617
58196.543979 17.444842      NaN   85.5   101 c    0   1.08 212.4245 55.49114  3336.75  6050.67 2.41 2.30  22.1 -0.435    16.95 18.82 02a58196o0680c       2 102.199871
58251.578978 19.894850      NaN   16.5    10 c    0   1.19 212.4245 55.49114  2499.35  6105.57 2.70 2.49 -47.2 -0.391    19.50 21.34 02a58251o0733c       0  18.542211
58251.587115 20.207197      NaN    0.5    10 c    0   1.11 212.4245 55.49114  2498.77  6109.42 2.80 2.57 -45.9 -0.388    19.45 21.26 02a58251o0749c       0  18.542211
58251.594640 20.009244      NaN   -3.5    12 c    0   0.95 212.4245 55.49114  2487.69  6113.15 2.66 2.51 -40.7 -0.395    19.43 21.20 02a58251o0764c       0  19.692983
58251.602316 19.696897      NaN   15.5    13 c    0   0.81 212.4245 55.49114  2497.63  6115.50 2.94 2.73 -47.7 -0.383    19.28 21.09 02a58251o0779c       0  20.317815
58252.572007 20.321591      NaN   -8.5     9 c    0   1.34 212.4245 55.49114  2498.70  6101.70 2.54 2.40 -38.0 -0.407    19.44 21.13 02a58252o0684c       0  18.022586
58252.582264 20.207197      NaN   -5.5    10 c    0   1.26 212.4245 55.49114  2497.87  6106.89 2.47 2.34 -34.3 -0.419    19.46 21.08 02a58252o0703c       0  18.542211
58252.589663 19.922338      NaN    9.5    12 c    0   0.98 212.4245 55.49114  2486.60  6110.33 2.49 2.38 -30.0 -0.416    19.40 21.05 02a58252o0718c       0  19.692983
58252.598499 20.207197      NaN   -1.5    10 c    0   1.53 212.4245 55.49114  2497.69  6112.94 2.42 2.34 -36.6 -0.414    19.37 20.99 02a58252o0735c       0  18.542211
58256.417856 20.171596      NaN   13.5     8 c    0   1.00 212.4245 55.49114  1588.09  7726.87 2.41 2.30  13.7 -0.438    19.82 21.77 02a58256o0256c       0  17.544617
58256.432475 20.594452      NaN    1.5     7 c    0   1.56 212.4245 55.49114  1566.40  7686.49 2.47 2.37  20.8 -0.441    19.76 21.79 02a58256o0287c       0  17.111797
58256.449876 20.171596      NaN   13.5     8 c    0   1.06 212.4245 55.49114  1620.51  7761.48 2.39 2.29   8.5 -0.453    19.80 21.75 02a58256o0324c       0  17.544617
58256.458792 20.137125      NaN   11.5     9 c    0   0.80 212.4245 55.49114  1644.21  7641.01 2.44 2.28  24.7 -0.454    19.79 21.74 02a58256o0343c       0  18.022586
58280.393689 20.207197      NaN    2.5    10 c    0   0.80 212.4245 55.49114  3698.98  7194.63 2.43 2.37  -8.8 -0.425    19.75 21.71 02a58280o0323c       0  18.542211
58280.407270 20.207197      NaN   -5.5    10 c    0   0.86 212.4245 55.49114  3688.83  7158.51 2.53 2.45   0.3 -0.429    19.67 21.62 02a58280o0352c       0  18.542211
58280.414598 20.207197      NaN   -2.5    10 c    0   1.65 212.4245 55.49114  3742.43  7231.14 2.46 2.37  10.1 -0.441    19.45 21.31 02a58280o0368c       0  18.542211
58280.424534 20.594452      NaN   -8.5     7 c    0   2.63 212.4245 55.49114  3753.27  7118.19 2.42 2.33   9.0 -0.440    19.72 21.59 02a58280o0389c       0  17.111797
58284.387122 20.207197      NaN  -10.5    10 c    0   0.72 212.4245 55.49114  1230.54  8007.88 2.40 2.24   6.9 -0.455    19.59 21.41 02a58284o0307c       0  18.542211
58284.391741 20.449472      NaN    3.5     8 c    0   1.40 212.4245 55.49114  1205.53  7969.56 2.40 2.24   7.6 -0.460    19.62 21.46 02a58284o0317c       0  17.544617
58284.403480 20.321591      NaN   -6.5     9 c    0   0.90 212.4245 55.49114  1262.30  8046.10 2.48 2.33  14.7 -0.451    19.67 21.53 02a58284o0342c       0  18.022586
58284.411716 20.362567      NaN    8.5     8 c    0   1.38 212.4245 55.49114  1283.59  7924.01 2.53 2.36  13.3 -0.449    19.70 21.54 02a58284o0360c       0  17.544617
58308.365311 20.449472      NaN   -8.5     8 c    0   1.18 212.4245 55.49114  3904.98  6208.41 2.70 2.42 -45.9 -0.408    19.67 21.59 02a58308o0015c    8192  17.544617
58308.374538 20.103715      NaN    9.5    10 c    0   0.95 212.4245 55.49114  3925.69  6089.33 2.64 2.43 -44.4 -0.408    19.64 21.54 02a58308o0035c    8192  18.542211
58312.333401 20.449472      NaN  -14.5     8 c    0   1.18 212.4245 55.49114  3468.66  6257.19 2.44 2.30 -39.1 -0.412    19.75 21.63 02a58312o0193c       0  17.544617
58312.339561 20.137125      NaN    8.5    10 c    0   0.65 212.4245 55.49114  3444.00  6217.24 2.62 2.38 -44.6 -0.397    19.71 21.63 02a58312o0206c       0  18.542211
58312.349040 20.594452      NaN   -5.5     7 c    0   1.78 212.4245 55.49114  3499.62  6292.59 2.52 2.43 -29.4 -0.412    19.67 21.61 02a58312o0226c       0  17.111797
58312.361108 20.207197      NaN  -11.5    10 c    0   0.92 212.4245 55.49114  3521.15  6174.50 2.48 2.40 -22.1 -0.415    19.68 21.58 02a58312o0252c       0  18.542211
58316.328042 20.009244      NaN   -4.5    12 c    0   1.12 212.4245 55.49114  1656.98  5778.66 2.96 2.87 -41.9 -0.391    19.36 21.19 02a58316o0183c       0  19.692983
58316.337992 20.009244      NaN   12.5    10 c    0   1.19 212.4245 55.49114  1646.11  5737.78 3.00 2.98  29.2 -0.368    19.34 21.27 02a58316o0204c       0  18.542211
58316.346903 20.207197      NaN    1.5    10 c    0   1.25 212.4245 55.49114  1700.05  5811.79 2.93 2.87  -6.3 -0.378    19.44 21.34 02a58316o0223c       0  18.542211
58316.359453 19.922338      NaN   -1.5    13 c    0   1.16 212.4245 55.49114  1721.41  5693.88 3.41 3.32 -34.9 -0.412    19.31 21.41 02a58316o0250c       0  20.317815
58344.281357 20.321591      NaN   -2.5     9 c    0   1.37 212.4245 55.49114  2359.04  5007.80 2.58 2.35 -42.0 -0.394    19.46 21.13 02a58344o0108c       0  18.022586
58344.290487 19.894850      NaN   13.5    11 c    0   1.45 212.4245 55.49114  2348.19  4968.79 2.70 2.52 -50.7 -0.389    19.41 21.10 02a58344o0127c       0  19.100094
58344.299671 19.128787      NaN   -6.5    27 c    0   1.13 212.4245 55.49114  2402.98  5043.13 2.63 2.41 -45.1 -0.377    19.08 20.79 02a58344o0146c       0  31.189960
58344.308612 19.791368      NaN   14.5    12 c    0   0.83 212.4245 55.49114  2423.97  4920.69 2.58 2.41 -37.2 -0.403    19.43 21.14 02a58344o0165c       0  19.692983
58376.224249 18.978793      NaN   27.5    24 c    0   1.07 212.4245 55.49114  3995.36  4463.73 2.64 2.34 -54.5 -0.393    18.75 19.69 02a58376o0028c       0  28.632387
58376.230043 19.529530      NaN   11.5    17 c    0   0.82 212.4245 55.49114  3983.97  4424.26 2.54 2.33 -56.5 -0.392    18.99 20.12 02a58376o0040c       0  23.082755
58376.238331 19.766969      NaN  -14.5    15 c    0   1.32 212.4245 55.49114  4037.47  4524.86 2.67 2.43 -55.9 -0.379    19.11 20.35 02a58376o0057c       0  21.652104
58376.247461 19.631075      NaN    1.5    17 c    0   0.84 212.4245 55.49114  4060.07  4398.33 2.85 2.66 -58.0 -0.376    19.00 20.36 02a58376o0076c       0  23.082755
58520.661940 20.449472      NaN  -11.0     8 c    0   1.34 212.4245 55.49114  2065.34   476.46 2.79 2.41  44.4 -0.416    19.76 21.74 02a58520o0270c       0  17.544617
58520.663770 20.009244      NaN    9.0     9 c    0   0.95 212.4245 55.49114  2756.80 10182.30 2.88 2.40  14.5 -0.444    19.68 21.60 02a58520o0274c       0  18.022586
58520.671818 19.569016      NaN  -10.0    18 c    0   1.55 212.4245 55.49114  2040.94   438.98 2.91 2.51  45.3 -0.417    18.81 19.85 02a58520o0291c       0  23.828839
58520.673685 19.014394      NaN  -35.0    30 c    0   1.24 212.4245 55.49114  2731.63 10142.36 2.89 2.48  17.9 -0.442    18.45 19.41 02a58520o0295c       0  33.820313
58576.556729 20.137125      NaN   11.0     7 c    0   1.17 212.4245 55.49114  5964.47  2376.51 2.31 2.25  49.4 -0.406    19.78 21.80 02a58576o0718c       0  17.111797
58576.571708 20.543943      NaN    1.0     7 c    0   1.33 212.4245 55.49114  5941.45  2335.58 2.35 2.32  85.4 -0.398    19.74 21.77 02a58576o0750c       0  17.111797
58576.577207 20.594452      NaN  -22.0     7 c    0   1.39 212.4245 55.49114  6004.82  2413.03 2.34 2.27 -62.3 -0.410    19.76 21.75 02a58576o0762c       0  17.111797
58576.589746 20.594452      NaN   -7.0     7 c    0   1.21 212.4245 55.49114  6026.76  2298.06 2.38 2.32 -58.6 -0.399    19.71 21.71 02a58576o0788c       0  17.111797
58580.530256 20.071303      NaN   10.0     8 c    0   1.46 212.4245 55.49114  5489.92   423.12 2.59 2.40 -67.9 -0.408    19.58 21.39 02a58580o0660c       0  17.544617
58580.533001 20.449472 0.361912   24.0     8 c    0   1.41 212.4245 55.49114  5466.44   385.49 2.54 2.33 -63.3 -0.421    19.60 21.39 02a58580o0666c       0  17.544617
58580.533459 20.009244      NaN  -23.0    12 c    0   0.93 212.4245 55.49114  5860.02 10142.21 2.58 2.54 -59.4 -0.423    19.60 21.43 02a58580o0667c       0  19.692983
58580.551966 20.207197      NaN    3.0     9 c    0   2.10 212.4245 55.49114  5531.44   461.06 2.58 2.40 -71.4 -0.407    19.55 21.35 02a58580o0706c       0  18.022586
58580.553444 20.009244      NaN    6.0    10 c    0   1.45 212.4245 55.49114  5891.53 10179.74 2.65 2.50 -47.7 -0.428    19.66 21.40 02a58580o0709c       0  18.542211
58580.565220 20.207197      NaN  -14.0    10 c    0   1.36 212.4245 55.49114  5911.92 10060.10 2.64 2.53 -57.6 -0.429    19.59 21.37 02a58580o0734c       0  18.542211
58580.565678 20.009244      NaN   -4.0    12 c    0   1.02 212.4245 55.49114  5553.72   342.32 2.56 2.34 -64.8 -0.440    19.56 21.33 02a58580o0735c       0  19.692983
58604.470220 18.631975 0.076341  128.0     9 c    0   1.66 212.4245 55.49114  5594.28  6250.66 2.42 2.26  34.4 -0.404    19.60 21.61 02a58604o0438c       0  18.022586
58604.485174 18.623526 0.084166  129.0    10 c    0   1.24 212.4245 55.49114  5571.51  6211.72 2.33 2.32 -68.3 -0.397    19.59 21.62 02a58604o0470c       0  18.542211
58604.494705 18.640491 0.085491  127.0    10 c    0   1.41 212.4245 55.49114  5623.35  6285.33 2.43 2.34  34.1 -0.404    19.60 21.58 02a58604o0490c       0  18.542211
58604.501777 18.640491 0.068393  127.0     8 c    0   1.80 212.4245 55.49114  5644.85  6171.31 2.43 2.38 -57.9 -0.408    19.53 21.55 02a58604o0505c       0  17.544617
58612.399959 18.298627 0.056159  174.0     9 c    0   1.60 212.4245 55.49114  7313.38  9118.15 2.58 2.50  62.6 -0.399    19.76 21.60 02a58612o0365c       0  18.022586
58612.401822 18.362890 0.066203  164.0    10 c    0   1.07 212.4245 55.49114  7294.20  9078.55 2.58 2.49  60.1 -0.407    19.79 21.60 02a58612o0369c       0  18.542211
58612.407474 18.382935 0.060693  161.0     9 c    0   1.52 212.4245 55.49114  7348.51  9157.46 2.58 2.51 -87.5 -0.395    19.76 21.61 02a58612o0381c       0  18.022586
58612.432540 18.336727 0.064627  168.0    10 c    0   1.17 212.4245 55.49114  7356.98  9038.51 2.59 2.51  50.9 -0.398    19.78 21.63 02a58612o0433c       0  18.542211
58636.335628 18.623526 0.075749  129.0     9 c    0   1.15 212.4245 55.49114  3592.59  5250.14 2.49 2.36  34.6 -0.404    19.71 21.76 02a58636o0227c       0  18.022586
58636.341238 18.496580 0.067391  145.0     9 c    0   1.07 212.4245 55.49114  6985.79  5281.52 2.41 2.27  44.4 -0.397    19.80 21.76 02a58636o0239c       0  18.022586
58636.347261 18.534680 0.062042  140.0     8 c    0   1.48 212.4245 55.49114  7048.02  5369.36 2.34 2.31 -86.3 -0.408    19.80 21.77 02a58636o0252c       0  17.544617
58636.365477 18.489118 0.066929  146.0     9 c    0   1.33 212.4245 55.49114  7060.96  5249.74 2.37 2.33  69.7 -0.403    19.75 21.70 02a58636o0291c       0  18.022586
58664.300439 19.302877 0.125882   69.0     8 c    0   1.23 212.4245 55.49114   911.94  3576.57 2.37 2.26 -42.2 -0.414    19.78 21.60 02a58664o0137c       0  17.544617
58664.303183 19.652575 0.195433   50.0     9 c    0   1.13 212.4245 55.49114   891.44  3538.36 2.40 2.25 -41.3 -0.416    19.81 21.61 02a58664o0143c       0  18.022586
58664.308728 19.529530 0.135717   56.0     7 c    0   1.36 212.4245 55.49114   947.22  3610.17 2.35 2.28 -17.7 -0.409    19.80 21.64 02a58664o0155c       0  17.111797
58664.318819 19.384550 0.135717   64.0     8 c    0   1.11 212.4245 55.49114   967.28  3492.36 2.30 2.24 -31.6 -0.422    19.82 21.68 02a58664o0177c       0  17.544617
58668.360430 19.436675 0.142392   61.0     8 c    0   1.45 212.4245 55.49114  5262.69  7040.44 2.56 2.30  36.4 -0.397    19.70 21.53 02a58668o0259c       0  17.544617
58668.363476 19.510313 0.190480   57.0    10 c    0   1.32 212.4245 55.49114  5243.58  7000.54 2.59 2.26  37.6 -0.540    19.74 21.50 02a58668o0265c       0  18.542211
58668.370013 19.401649 0.155105   63.0     9 c    0   1.22 212.4245 55.49114  5297.16  7075.59 2.65 2.26  37.5 -0.392    19.70 21.46 02a58668o0279c       0  18.022586
58668.381748 19.472870 0.184023   59.0    10 c    0   1.41 212.4245 55.49114  5315.59  6956.63 2.54 2.26  34.8 -0.535    19.72 21.46 02a58668o0304c       0  18.542211
58692.299708 19.950541 0.228576   38.0     8 c    0   1.68 212.4245 55.49114  7109.22  7445.89 2.69 2.47  43.7 -0.388    19.68 21.66 02a58692o0140c       0  17.544617
58692.302589 19.491430      NaN   25.0    11 c    0   0.76 212.4245 55.49114  7089.52  7406.14 2.69 2.43  40.3 -0.389    19.70 21.66 02a58692o0146c       0  19.100094
58692.308687 19.719755      NaN   23.0     8 c    0   1.62 212.4245 55.49114  7143.27  7484.53 2.55 2.43  44.1 -0.396    19.67 21.63 02a58692o0157c       0  17.544617
58692.318540 20.071303 0.287401   34.0     9 c    0   1.27 212.4245 55.49114  7160.83  7367.43 2.60 2.41  41.0 -0.394    19.70 21.60 02a58692o0178c       0  18.022586
58696.259275 19.791368 0.246758   44.0    10 c    0   1.54 212.4245 55.49114  7116.08  7449.49 2.76 2.50 -58.2 -0.401    19.61 21.39 02a58696o0060c       0  18.542211
58696.263160 20.137125 0.339293   32.0    10 c    0   0.92 212.4245 55.49114  7095.74  7409.40 2.85 2.49 -56.9 -0.406    19.64 21.51 02a58696o0068c       0  18.542211
58696.268990 20.207197 0.325721   30.0     9 c    0   1.27 212.4245 55.49114  7150.72  7488.27 2.85 2.52 -57.6 -0.404    19.66 21.57 02a58696o0080c       0  18.022586
58696.279054 19.979496      NaN   10.0     9 c    0   1.40 212.4245 55.49114  7165.68  7377.99 2.95 2.56 -56.6 -0.398    19.61 21.57 02a58696o0101c       0  18.022586
58700.300639 19.529530      NaN   26.0    10 c    0   1.06 212.4245 55.49114  1717.33  9456.94 2.63 2.26 -47.4 -0.434    19.55 21.20 02a58700o0151c       0  18.542211
58700.303953 19.529530      NaN   26.0    10 c    0   0.97 212.4245 55.49114  1699.15  9416.93 2.59 2.17 -46.8 -0.435    19.59 21.19 02a58700o0158c       0  18.542211
58700.310446 19.816329 0.302996   43.0    12 c    0   0.80 212.4245 55.49114  1753.58  9494.33 2.56 2.25 -45.7 -0.429    19.54 21.19 02a58700o0172c       0  19.692983
58700.320640 19.791368 0.296110   44.0    12 c    0   1.00 212.4245 55.49114  1773.55  9373.35 2.62 2.25 -46.3 -0.433    19.55 21.17 02a58700o0194c       0  19.692983
58708.299948 18.203116      NaN   82.0    36 c    0   1.00 212.4245 55.49114  3117.88  5516.29 2.86 2.29  37.9 -0.362    18.22 19.07 02a58708o0161c       0  39.240459
58708.302750 18.519279      NaN   25.0    39 c    0   1.00 212.4245 55.49114  3097.37  5478.12 2.80 2.26  37.6 -0.350    18.06 18.90 02a58708o0167c       0  42.009684
58708.309789 18.323878      NaN   32.0    46 c    0   1.30 212.4245 55.49114  3155.54  5555.60 2.94 2.33  39.3 -0.352    17.75 18.71 02a58708o0182c       0  48.577913
58708.319771 18.191747      NaN   84.0    36 c    0   1.02 212.4245 55.49114  3176.46  5436.66 2.71 2.30  35.3 -0.371    18.16 18.98 02a58708o0203c       0  39.240459
58724.254212 20.009244      NaN   -7.0    12 c    0   0.74 212.4245 55.49114  3380.31  7153.78 2.60 2.36  29.4 -0.388    19.58 21.32 02a58724o0081c       0  19.692983
58724.257423 19.743105      NaN   16.0    10 c    0   1.08 212.4245 55.49114  3362.39  7115.81 2.50 2.33  33.3 -0.395    19.54 21.31 02a58724o0088c       0  18.542211
58724.263511 19.436675      NaN   28.0    11 c    0   0.91 212.4245 55.49114  3415.84  7190.44 2.60 2.35  33.7 -0.383    19.50 21.30 02a58724o0101c       0  19.100094
58724.275107 19.719755      NaN   17.0    10 c    0   1.03 212.4245 55.49114  3436.36  7075.91 2.58 2.35  32.7 -0.381    19.49 21.25 02a58724o0126c       0  18.542211
58872.552407 20.449472      NaN   -4.0     8 c    0   0.98 212.4245 55.49114  5298.64  3528.68 2.49 2.35  46.9 -0.405    19.85 22.00 02a58872o0760c       0  17.544617
58872.555279 20.594452      NaN   -7.0     7 c    0   1.26 212.4245 55.49114  5320.23  3566.15 2.42 2.33 -60.4 -0.408    19.81 21.99 02a58872o0766c       0  17.111797
58872.561131 20.761819      NaN   -8.0     6 c    0   1.62 212.4245 55.49114  5264.61  3488.25 2.41 2.32 -55.6 -0.409    19.84 21.99 02a58872o0778c       0  16.727629
58872.571799 20.449472      NaN    3.0     7 c    0   1.66 212.4245 55.49114  5235.07  3609.56 2.49 2.33  43.4 -0.409    19.84 22.02 02a58872o0799c       0  17.111797
58876.651589 20.071303 0.287401   34.0     9 c    0   1.34 212.4245 55.49114  3727.25  7390.06 2.48 2.32  40.4 -0.401    19.70 21.82 02a58876o0927c       0  18.022586
58876.655266 19.894850      NaN    4.0    12 c    0   1.14 212.4245 55.49114  3746.00  7428.21 2.50 2.39  41.6 -0.405    19.31 21.31 02a58876o0935c       0  19.692983
58876.662978 19.743105      NaN    7.0    13 c    0   1.18 212.4245 55.49114  3690.46  7351.29 2.44 2.36  36.7 -0.411    19.30 21.14 02a58876o0951c       0  20.317815
58876.669196 19.212347      NaN   -3.0    25 c    0   1.09 212.4245 55.49114  3670.97  7466.95 2.45 2.37  34.7 -0.407    18.50 19.82 02a58876o0963c       0  29.475644
58900.591861 20.449472      NaN   20.0     8 c    0   1.90 212.4245 55.49114  8867.36  1124.65 2.70 2.34 -59.2 -0.409    19.55 21.59 02a58900o0772c       0  17.544617
58900.593725 19.922338      NaN   33.0    13 c    0   1.11 212.4245 55.49114  8888.90  1156.31 2.77 2.32 -59.0 -0.412    19.32 21.32 02a58900o0776c       0  20.317815
58900.597390 20.009244      NaN   23.0    12 c    0   1.40 212.4245 55.49114  8832.59  1085.46 3.08 2.67 -58.9 -0.409    19.29 21.41 02a58900o0783c       0  19.692983
58900.608099 20.103715      NaN   29.0    11 c    0   0.94 212.4245 55.49114  1772.83  9378.05 2.99 2.51 -54.8 -0.421    19.52 21.66 02a58900o0803c       0  19.100094
58932.503022 20.449472      NaN   -6.0     8 c    0   1.13 212.4245 55.49114  1139.01   935.70 2.68 2.41 -63.3 -0.425    19.68 21.68 02a58932o0610c       0  17.544617
58932.506242 20.449472      NaN    3.0     8 c    0   0.88 212.4245 55.49114  1121.04   901.88 2.76 2.29 -61.2 -0.420    19.70 21.67 02a58932o0617c       0  17.544617
58932.512231 20.449472      NaN    0.0     8 c    0   1.83 212.4245 55.49114  1180.20   972.97 2.78 2.41 -62.4 -0.420    19.70 21.67 02a58932o0630c       0  17.544617
58932.523705 20.449472      NaN    2.0     8 c    0   0.92 212.4245 55.49114  1201.00   851.05 2.59 2.36 -65.2 -0.422    19.71 21.64 02a58932o0655c       0  17.544617
58956.480737 20.449472      NaN   16.0     8 c    0   1.25 212.4245 55.49114  8777.18  3643.46 2.49 2.44 -77.2 -0.392    19.66 21.70 02a58956o0531c       0  17.544617
58956.483950 20.207197      NaN   10.0    10 c    0   0.86 212.4245 55.49114  8757.37  3603.47 2.55 2.50 -80.1 -0.390    19.68 21.71 02a58956o0538c       0  18.542211
58956.489681 20.449472      NaN   -5.0     8 c    0   1.10 212.4245 55.49114  8813.25  3679.02 2.53 2.45 -70.9 -0.390    19.70 21.71 02a58956o0550c       0  17.544617
58956.499989 20.761819      NaN    9.0     6 c    0   1.45 212.4245 55.49114  8833.77  3562.78 2.53 2.44 -69.0 -0.393    19.70 21.68 02a58956o0571c       0  16.727629
58960.488773 20.594452      NaN    7.0     7 c    0   1.70 212.4245 55.49114  8771.72  3636.46 2.40 2.37  78.9 -0.394    19.76 21.63 02a58960o0494c       0  17.111797
58960.492012 20.449472      NaN   -5.0     8 c    0   1.29 212.4245 55.49114  8751.68  3596.60 2.44 2.34  35.4 -0.393    19.76 21.62 02a58960o0501c       0  17.544617
58960.497131 20.449472      NaN    5.0     8 c    0   1.35 212.4245 55.49114  8806.51  3676.66 2.60 2.30  29.2 -0.380    19.74 21.64 02a58960o0512c       0  17.544617
58960.507845 20.594452      NaN   26.0     7 c    0   1.39 212.4245 55.49114  8830.50  3561.52 2.42 2.25 -68.3 -0.398    19.77 21.62 02a58960o0535c       0  17.111797
58964.430982 19.256669      NaN   24.0    24 c    0   1.21 212.4245 55.49114  5416.75  9181.61 2.63 2.41 -55.8 -0.401    18.74 20.40 02a58964o0427c       0  28.632387
58964.434180 18.481707      NaN   45.0    49 c    0   1.11 212.4245 55.49114  5398.49  9142.01 2.64 2.45 -56.6 -0.401    18.18 19.79 02a58964o0434c       0  51.427751
58964.440185 19.631075      NaN   -1.0    17 c    0   1.15 212.4245 55.49114  5452.84  9220.73 2.76 2.52 -55.3 -0.394    19.01 20.86 02a58964o0447c       0  23.082755
58964.475522 20.207197      NaN   25.0    10 c    0   0.98 212.4245 55.49114  5467.02  9103.48 2.67 2.55 -57.1 -0.395    19.59 21.44 02a58964o0523c       0  18.542211
58984.408615 20.321591      NaN    3.0     9 c    0   0.94 212.4245 55.49114  9125.76  9098.68 2.78 2.58 -77.5 -0.383    19.78 21.75 02a58984o0299c       0  18.022586
58984.411836 20.207197      NaN   12.0    10 c    0   0.87 212.4245 55.49114  9105.55  9056.48 2.77 2.56 -82.1 -0.379    19.78 21.74 02a58984o0306c       0  18.542211
58984.418260 20.449472      NaN   -2.0     8 c    0   1.39 212.4245 55.49114  9162.58  9137.53 2.85 2.55 -69.0 -0.382    19.78 21.73 02a58984o0320c       0  17.544617
58984.429869 20.449472      NaN   11.0     8 c    0   1.43 212.4245 55.49114  9178.17  9021.40 2.72 2.58  86.0 -0.387    19.78 21.75 02a58984o0345c       0  17.544617
58988.407142 20.594452      NaN    8.0     7 c    0   1.50 212.4245 55.49114  5025.53  5393.08 2.72 2.27  33.3 -0.380    19.71 21.63 02a58988o0375c       0  17.111797
58988.410344 20.449472      NaN   -1.0     8 c    0   1.19 212.4245 55.49114  5008.72  5354.93 2.52 2.31  28.1 -0.391    19.73 21.61 02a58988o0382c       0  17.544617
58988.415874 20.594452      NaN  -17.0     7 c    0   1.49 212.4245 55.49114  5064.48  5429.99 2.53 2.27  31.6 -0.393    19.70 21.59 02a58988o0394c       0  17.111797
58988.427368 20.449472      NaN   16.0     8 c    0   1.26 212.4245 55.49114  5087.92  5316.80 2.41 2.31  28.0 -0.399    19.72 21.59 02a58988o0419c       0  17.544617
58992.358373 20.449472      NaN    8.0     8 c    0   1.55 212.4245 55.49114  5033.02  5401.12 2.72 2.37  34.4 -0.384    19.73 21.75 02a58992o0269c       0  17.544617
58992.361575 20.594452      NaN  -11.0     7 c    0   1.24 212.4245 55.49114  5013.56  5361.70 2.64 2.33  33.0 -0.383    19.72 21.74 02a58992o0276c       0  17.111797
58992.367526 20.594452      NaN   -5.0     7 c    0   1.66 212.4245 55.49114  5070.12  5437.75 2.68 2.36  32.0 -0.381    19.74 21.75 02a58992o0289c       0  17.111797
58992.401785 20.449472      NaN    6.0     8 c    0   1.00 212.4245 55.49114  5085.00  5318.00 2.76 2.35  30.2 -0.382    19.70 21.75 02a58992o0362c       0  17.544617
59011.354173 20.321591      NaN   -2.0     9 c    0   1.42 212.4245 55.49114  7265.55  9113.49 3.01 2.96 -82.7 -0.376    19.64 21.96 02a59011o0241c       0  18.022586
59011.357398 20.207197      NaN    9.0    10 c    0   1.10 212.4245 55.49114  7244.49  9067.96 2.97 2.90 -84.0 -0.380    19.67 21.95 02a59011o0248c       0  18.542211
59011.363858 20.321591      NaN  -16.0     9 c    0   1.07 212.4245 55.49114  7299.17  9148.17 2.98 2.93 -75.8 -0.377    19.68 21.95 02a59011o0262c       0  18.022586
59011.384568 20.009244      NaN   -3.0    12 c    0   1.04 212.4245 55.49114  7309.90  9027.98 3.80 3.54  39.7 -0.317    19.44 21.95 02a59011o0306c       0  19.692983
59015.333919 20.449472      NaN    7.0     8 c    0   1.20 212.4245 55.49114  7264.89  9108.19 2.63 2.58  86.9 -0.408    19.78 21.91 02a59015o0200c       0  17.544617
59015.337583 20.594452      NaN  -11.0     7 c    0   1.32 212.4245 55.49114  7246.59  9067.35 2.65 2.57 -85.2 -0.403    19.79 21.90 02a59015o0208c       0  17.111797
59015.343104 20.321591      NaN    3.0     9 c    0   0.94 212.4245 55.49114  7298.45  9147.37 2.71 2.47  43.6 -0.396    19.78 21.90 02a59015o0220c       0  18.022586
59015.354141 20.594452      NaN    5.0     7 c    0   1.49 212.4245 55.49114  7316.55  9031.50 2.68 2.61 -89.6 -0.403    19.76 21.87 02a59015o0244c       0  17.111797
59020.330908 20.321591      NaN   -1.0     9 c    0   1.37 212.4245 55.49114  4862.33  3267.58 2.48 2.35  34.9 -0.399    19.50 21.38 02a59020o0132c       0  18.022586
59020.334109 20.321591      NaN  -16.0     9 c    0   0.81 212.4245 55.49114  4842.25  3228.09 2.47 2.34  30.9 -0.399    19.75 21.74 02a59020o0139c       0  18.022586
59020.341236 20.321591      NaN   -8.0     9 c    0   1.16 212.4245 55.49114  4900.03  3306.88 2.69 2.40  43.6 -0.393    19.60 21.65 02a59020o0154c       0  18.022586
59020.352367 20.207197      NaN   -8.0    10 c    0   0.93 212.4245 55.49114  4917.65  3184.17 2.54 2.26  33.3 -0.399    19.43 21.35 02a59020o0178c       0  18.542211
59040.285251 20.207197      NaN    3.0    10 c    0   0.87 212.4245 55.49114  6968.35  5325.14 2.80 2.74  61.6 -0.371    19.58 21.62 02a59040o0091c       0  18.542211
59040.288469 20.321591      NaN  -15.0     9 c    0   0.78 212.4245 55.49114  6949.06  5285.46 2.80 2.72  48.5 -0.382    19.58 21.62 02a59040o0098c       0  18.022586
59040.295427 20.449472      NaN    3.0     8 c    0   1.04 212.4245 55.49114  7006.57  5361.43 2.70 2.57  37.1 -0.370    19.70 21.65 02a59040o0113c       0  17.544617
59040.306084 20.449472      NaN   17.0     8 c    0   1.58 212.4245 55.49114  7026.50  5243.53 2.92 2.55  37.0 -0.374    19.65 21.66 02a59040o0136c       0  17.544617
59044.332878 20.449472      NaN  -10.0     8 c    0   1.04 212.4245 55.49114  8898.28  5289.35 2.74 2.58  36.8 -0.384    19.66 21.87 02a59044o0192c       0  17.544617
59044.336103 20.449472      NaN   -5.0     8 c    0   1.41 212.4245 55.49114  8880.14  5251.68 2.73 2.68  57.1 -0.392    19.66 21.84 02a59044o0199c       0  17.544617
59044.343929 20.321591      NaN   -1.0     9 c    0   1.08 212.4245 55.49114  8939.36  5330.87 2.89 2.79 -78.2 -0.386    19.56 21.76 02a59044o0216c       0  18.022586
59048.311767 20.449472      NaN   -8.0     8 c    0   1.62 212.4245 55.49114  8906.97  5292.94 2.63 2.37  40.4 -0.387    19.74 21.73 02a59048o0151c       0  17.544617
59048.314977 20.594452      NaN    5.0     7 c    0   1.37 212.4245 55.49114  8887.28  5252.20 2.55 2.36  41.8 -0.395    19.74 21.75 02a59048o0158c       0  17.111797
59048.321440 20.449472      NaN   -2.0     8 c    0   1.14 212.4245 55.49114  8945.17  5332.00 2.54 2.35  40.1 -0.395    19.76 21.77 02a59048o0172c       0  17.544617
59048.332041 20.761819      NaN   11.0     6 c    0   1.82 212.4245 55.49114  8964.60  5215.19 2.53 2.40  41.2 -0.394    19.77 21.75 02a59048o0195c       0  16.727629
59108.240914 20.009244      NaN   -6.0    12 c    0   0.95 212.4245 55.49114  3107.45  5507.61 2.33 2.31 -46.2 -0.392    19.32 20.86 02a59108o0046c       0  19.692983
59108.246004 19.766969      NaN  -14.0    15 c    0   0.85 212.4245 55.49114  3087.96  5481.13 2.58 2.39  36.9 -0.382    19.27 20.84 02a59108o0057c       0  21.652104
59108.250126 20.207197      NaN   -9.0    10 c    0   1.31 212.4245 55.49114  3145.88  5550.89 2.40 2.37  46.1 -0.391    19.30 20.84 02a59108o0066c       0  18.542211
59108.260706 19.922338      NaN   19.0    13 c    0   1.19 212.4245 55.49114  3165.41  5440.26 2.56 2.43 -54.2 -0.401    19.22 20.80 02a59108o0089c       0  20.317815
59206.608827 20.449472      NaN    0.0     8 c    0   0.99 212.4245 55.49114  3124.29  5496.44 2.51 2.43 -52.3 -0.380    19.71 21.84 01a59206o0880c       0  17.544617
59206.612058 20.449472      NaN   11.0     8 c    0   0.79 212.4245 55.49114  3103.27  5462.29 2.55 2.46 -50.4 -0.382    19.69 21.85 01a59206o0887c       0  17.544617
59206.617585 20.449472      NaN   12.0     8 c    0   1.21 212.4245 55.49114  3163.37  5537.77 2.69 2.62 -31.7 -0.371    19.62 21.85 01a59206o0899c       0  17.544617
59206.631405 20.761819      NaN   -1.0     6 c    0   1.83 212.4245 55.49114  3182.81  5426.87 2.68 2.56  23.6 -0.371    19.63 21.85 01a59206o0929c       0  16.727629
59208.641712 20.103715      NaN   16.0    11 c    0   1.14 212.4245 55.49114  1317.97  9557.57 2.50 2.33 -58.9 -0.437    19.63 21.57 02a59208o0966c       0  19.100094
59208.647228 20.207197      NaN    5.0    10 c    0   0.87 212.4245 55.49114  1339.09  9598.16 2.50 2.35 -59.4 -0.433    19.68 21.60 02a59208o0978c       0  18.542211
59208.665641 19.922338      NaN   19.0    13 c    0   1.43 212.4245 55.49114  1276.88  9517.40 2.48 2.39 -61.8 -0.433    19.25 20.55 02a59208o1018c       0  20.317815
59208.672071 18.623526      NaN   33.0    43 c    0   1.23 212.4245 55.49114  1256.67  9632.91 2.51 2.39 -56.0 -0.437    18.10 18.99 02a59208o1032c       0  45.747280
59226.634934 20.449472      NaN    6.0     8 c    0   1.14 212.4245 55.49114  1127.64   932.78 2.69 2.55  47.2 -0.411    19.77 22.22 01a59226o0911c       0  17.544617
59226.640082 20.321591      NaN    3.0     9 c    0   1.31 212.4245 55.49114  1104.47   892.74 2.87 2.83  82.1 -0.385    19.66 22.24 01a59226o0921c       0  18.022586
59226.659098 20.594452      NaN  -27.0     7 c    0   1.37 212.4245 55.49114  1160.26   975.82 2.72 2.47   6.1 -0.420    19.73 21.98 01a59226o0962c       0  17.111797
59226.665950 20.103715      NaN  -18.0    11 c    0   1.32 212.4245 55.49114  1177.41   856.42 2.93 2.67  30.8 -0.392    19.37 21.03 01a59226o0976c       0  19.100094
59228.630646 20.594452      NaN  -15.0     7 c    0   1.20 212.4245 55.49114  9100.41  3243.13 2.62 2.47 -65.8 -0.388    19.74 21.88 02a59228o0867c       0  17.111797
59228.633851 20.449472      NaN   19.0     8 c    0   0.93 212.4245 55.49114  9120.20  3281.17 2.61 2.50 -70.1 -0.389    19.72 21.88 02a59228o0874c       0  17.544617
59228.650265 20.321591      NaN    2.0     9 c    0   0.98 212.4245 55.49114  9070.31  3208.81 2.59 2.48 -71.3 -0.387    19.76 21.90 02a59228o0909c       0  18.022586
59228.658974 20.449472      NaN  -19.0     8 c    0   1.20 212.4245 55.49114  9051.31  3327.13 2.54 2.46 -74.7 -0.388    19.80 21.83 02a59228o0928c       0  17.544617
59230.592578 20.449472      NaN    3.0     8 c    0   1.01 212.4245 55.49114  1139.41   920.38 2.94 2.67  44.5 -0.422    19.69 22.27 01a59230o0847c       0  17.544617
59230.595375 20.449472      NaN   -1.0     8 c    0   1.20 212.4245 55.49114  1118.78   883.07 2.82 2.54  60.4 -0.432    19.73 22.29 01a59230o0853c       0  17.544617
59230.600968 20.449472      NaN   -2.0     8 c    0   1.08 212.4245 55.49114  1178.05   961.90 2.64 2.43  59.0 -0.438    19.81 22.32 01a59230o0865c       0  17.544617
59230.613964 20.449472      NaN    8.0     8 c    0   0.90 212.4245 55.49114  1192.44   847.00 2.64 2.43  60.4 -0.446    19.82 22.33 01a59230o0893c       0  17.544617
59238.589908 20.761819      NaN    3.0     6 c    0   1.17 212.4245 55.49114  9010.48  7388.51 2.56 2.39  70.9 -0.365    19.97 22.15 01a59238o0774c       0  16.727629
59238.593132 20.959772      NaN    1.0     5 c    0   1.74 212.4245 55.49114  8991.20  7348.52 2.65 2.49  65.1 -0.354    19.93 22.16 01a59238o0781c       0  16.395536
59238.598662 20.761819      NaN    1.0     6 c    0   1.22 212.4245 55.49114  9049.01  7428.99 2.58 2.38  74.2 -0.368    19.98 22.18 01a59238o0793c       0  16.727629
59238.611093 20.594452      NaN   -3.0     7 c    0   1.20 212.4245 55.49114  9068.09  7311.56 2.84 2.68  30.9 -0.344    19.83 22.20 01a59238o0820c       0  17.111797
59254.596332 19.841877      NaN   17.0    14 c    0   1.03 212.4245 55.49114  8765.60  3607.36 2.87 2.53 -79.7 -0.416    19.18 21.51 01a59254o0839c       0  20.971733
59254.599103 20.321591      NaN    2.0     9 c    0   1.09 212.4245 55.49114  8745.11  3566.66 3.03 2.65 -76.8 -0.400    19.72 22.19 01a59254o0845c       0  18.022586
59254.603306 20.594452      NaN  -12.0     7 c    0   1.26 212.4245 55.49114  8803.92  3648.04 2.86 2.53 -81.1 -0.405    19.75 22.21 01a59254o0854c       0  17.111797
59254.612435 20.103715      NaN  -34.0    11 c    0   1.14 212.4245 55.49114  8821.18  3531.15 2.77 2.38 -79.3 -0.419    19.48 21.75 01a59254o0873c       0  19.100094
59256.529166 20.594452      NaN  -15.0     7 c    0   1.36 212.4245 55.49114  6995.08  1274.98 2.45 2.28 -62.2 -0.403    19.79 21.98 02a59256o0695c       0  17.111797
59256.532384 20.761819      NaN    2.0     6 c    0   1.17 212.4245 55.49114  7013.84  1314.38 2.50 2.37 -70.7 -0.396    19.76 21.98 02a59256o0702c       0  16.727629
59256.537897 20.594452      NaN    5.0     7 c    0   1.22 212.4245 55.49114  6959.26  1238.18 2.43 2.30 -67.4 -0.402    19.81 21.97 02a59256o0714c       0  17.111797
59256.543014 20.959772      NaN    8.0     5 c    0   1.41 212.4245 55.49114  6941.22  1355.33 2.48 2.36 -70.4 -0.397    19.76 21.98 02a59256o0725c       0  16.395536
59258.571978 20.761819      NaN    6.0     6 c    0   1.74 212.4245 55.49114  5441.81  9155.14 2.49 2.42 -70.0 -0.371    19.75 22.04 01a59258o0790c       0  16.727629
59258.573832 20.594452      NaN  -12.0     7 c    0   1.44 212.4245 55.49114  5427.18  9113.18 2.63 2.57  58.4 -0.359    19.73 22.03 01a59258o0794c       0  17.111797
59258.576596 20.761819      NaN   -2.0     6 c    0   1.52 212.4245 55.49114  5481.25  9192.54 2.62 2.55 -79.5 -0.366    19.74 22.04 01a59258o0800c       0  16.727629
59258.582589 20.761819      NaN   -6.0     6 c    0   1.63 212.4245 55.49114  5498.38  9077.17 2.47 2.38 -71.8 -0.371    19.80 22.04 01a59258o0813c       0  16.727629
59262.501830 20.594452      NaN  -12.0     7 c    0   1.61 212.4245 55.49114  5434.26  9151.31 2.32 2.18 -75.5 -0.393    19.77 21.77 01a59262o0623c       0  17.111797
59262.504607 20.594452      NaN  -10.0     7 c    0   1.20 212.4245 55.49114  5416.36  9111.99 2.34 2.22 -72.0 -0.390    19.78 21.82 01a59262o0629c       0  17.111797
59262.508306 20.594452      NaN   16.0     7 c    0   1.30 212.4245 55.49114  5473.44  9188.75 2.39 2.29 -72.6 -0.385    19.75 21.86 01a59262o0637c       0  17.111797
59262.514297 20.594452      NaN    3.0     7 c    0   1.34 212.4245 55.49114  5491.87  9071.83 2.43 2.35 -69.0 -0.376    19.77 21.85 01a59262o0650c       0  17.111797
59288.507912 20.594452      NaN    7.0     7 c    0   1.64 212.4245 55.49114  7381.95  9811.21 2.89 2.60  42.3 -0.390    19.71 21.82 02a59288o0628c       0  17.111797
59288.519333 20.449472      NaN    4.0     8 c    0   1.52 212.4245 55.49114  7405.66  9853.11 2.88 2.60  43.2 -0.388    19.70 21.80 02a59288o0651c       0  17.544617
59288.524496 20.321591      NaN  -15.0     9 c    0   1.05 212.4245 55.49114  7340.25  9775.51 2.96 2.61  42.0 -0.388    19.74 21.78 02a59288o0662c       0  18.022586
59288.530095 20.321591      NaN  -11.0     9 c    0   0.88 212.4245 55.49114  7320.58  9894.13 2.93 2.61  45.1 -0.387    19.70 21.78 02a59288o0674c       0  18.022586
59292.459472 20.449472      NaN    5.0     8 c    0   0.95 212.4245 55.49114  3474.72  3122.58 2.50 2.31  60.4 -0.403    19.75 21.80 02a59292o0510c       0  17.544617
59292.462673 20.594452      NaN  -20.0     7 c    0   1.29 212.4245 55.49114  3497.40  3161.87 2.50 2.33  64.4 -0.401    19.74 21.78 02a59292o0517c       0  17.111797
59292.466844 20.449472      NaN   -4.0     8 c    0   0.85 212.4245 55.49114  3438.73  3083.80 2.61 2.37  52.6 -0.396    19.72 21.79 02a59292o0526c       0  17.544617
59292.473270 20.449472      NaN    0.0     8 c    0   1.20 212.4245 55.49114  3421.49  3199.61 2.54 2.31  53.1 -0.399    19.74 21.81 02a59292o0540c       0  17.544617
59292.649611 19.841877      NaN    7.0    14 c    0   0.94 212.4245 55.49114  7115.18  7418.69 2.57 2.30  40.2 -0.396    19.18 20.41 02a59292o0918c       0  20.971733
59310.449546 20.761819      NaN   20.0     6 c    0   1.17 212.4245 55.49114  7286.48  9084.42 2.45 2.33 -84.3 -0.375    20.01 21.98 01a59310o0425c       0  16.727629
59310.451851 20.761819      NaN    2.0     6 c    0   1.70 212.4245 55.49114  7267.79  9045.16 2.44 2.33 -74.9 -0.369    20.03 21.99 01a59310o0430c       0  16.727629
59310.455624 20.959772      NaN   19.0     5 c    0   1.29 212.4245 55.49114  7328.13  9121.50 2.41 2.31 -79.3 -0.370    20.01 21.99 01a59310o0438c       0  16.395536
59310.464868 20.959772      NaN   -9.0     5 c    0   1.74 212.4245 55.49114  7344.10  9004.95 2.49 2.43 -68.9 -0.367    19.96 22.08 01a59310o0457c       0  16.395536
59314.443833 21.202047      NaN   11.0     4 c    0   2.31 212.4245 55.49114  4849.99  3260.75 2.33 2.26  30.5 -0.374    19.96 21.85 01a59314o0481c       0  16.118734
59314.445680 20.959772      NaN    0.0     5 c    0   1.63 212.4245 55.49114  4831.61  3222.48 2.46 2.29   0.1 -0.364    19.94 21.88 01a59314o0485c       0  16.395536
59314.448467 20.594452      NaN   18.0     7 c    0   1.17 212.4245 55.49114  4891.63  3299.61 2.44 2.29   6.0 -0.365    19.95 21.87 01a59314o0491c       0  17.111797
59314.453560 20.959772      NaN   16.0     5 c    0   1.25 212.4245 55.49114  4905.83  3187.38 2.27 2.20 -43.1 -0.376    19.97 21.86 01a59314o0502c       0  16.395536
59318.482085 20.594452      NaN   -3.0     7 c    0   1.15 212.4245 55.49114  5707.26  7307.57 2.46 2.39 -36.0 -0.372    19.76 21.52 01a59318o0559c       0  17.111797
59318.517343 20.594452      NaN    3.0     7 c    0   1.32 212.4245 55.49114  5734.00  7340.63 2.33 2.22 -50.9 -0.374    19.89 21.56 01a59318o0635c       0  17.111797
59318.520566 20.761819      NaN   13.0     6 c    0   1.12 212.4245 55.49114  5676.45  7264.90 2.32 2.18 -34.9 -0.375    19.89 21.57 01a59318o0642c       0  16.727629
59318.543605 20.449472      NaN   20.0     8 c    0   1.07 212.4245 55.49114  5664.01  7378.52 2.32 2.20 -55.8 -0.373    19.86 21.46 01a59318o0691c       0  17.544617
59322.408613 20.594452      NaN   -1.0     7 c    0   1.32 212.4245 55.49114  1478.35  7339.57 2.35 2.15 -72.4 -0.402    19.96 21.79 01a59322o0383c       0  17.111797
59322.410910 20.761819      NaN   13.0     6 c    0   1.52 212.4245 55.49114  1459.25  7301.72 2.34 2.12 -75.5 -0.406    19.97 21.80 01a59322o0388c       0  16.727629
59322.414135 20.959772      NaN    2.0     5 c    0   1.75 212.4245 55.49114  1515.40  7376.38 2.28 2.04 -71.7 -0.409    19.99 21.81 01a59322o0395c       0  16.395536
59322.419674 20.959772      NaN    9.0     5 c    0   2.26 212.4245 55.49114  1534.14  7260.49 2.38 2.13 -70.2 -0.406    19.92 21.79 01a59322o0407c       0  16.395536
59344.365507 20.449472      NaN   -9.0     8 c    0   0.86 212.4245 55.49114  1597.91  3139.21 2.46 2.38  82.7 -0.410    19.71 21.82 02a59344o0275c       0  17.544617
59344.367338 20.449472      NaN   -5.0     8 c    0   0.89 212.4245 55.49114  1617.25  3178.83 2.50 2.42  84.3 -0.410    19.70 21.81 02a59344o0279c       0  17.544617
59344.370550 20.449472      NaN    6.0     8 c    0   1.10 212.4245 55.49114  1561.82  3097.19 2.49 2.38 -66.1 -0.412    19.73 21.80 02a59344o0286c       0  17.544617
59344.375616 20.594452      NaN  -11.0     7 c    0   1.43 212.4245 55.49114  1540.54  3213.52 2.41 2.32  56.1 -0.412    19.76 21.81 02a59344o0297c       0  17.111797
59370.364702 20.761819      NaN    7.0     6 c    0   1.11 212.4245 55.49114  3725.08  7407.09 2.27 2.13 -71.7 -0.392    19.99 22.07 01a59370o0279c       0  16.727629
59370.367930 20.761819      NaN   -5.0     6 c    0   1.46 212.4245 55.49114  3745.99  7445.47 2.31 2.15 -74.0 -0.395    20.00 22.06 01a59370o0286c       0  16.727629
59370.374378 20.594452      NaN   13.0     7 c    0   0.83 212.4245 55.49114  3685.83  7367.38 2.24 2.08 -73.2 -0.399    20.01 22.04 01a59370o0300c       0  17.111797
59370.408119 20.761819      NaN    6.0     6 c    0   1.14 212.4245 55.49114  3672.64  7480.54 2.37 2.18 -72.3 -0.390    19.96 22.00 01a59370o0367c       0  16.727629
59374.345057 20.959772      NaN    8.0     5 c    0   1.56 212.4245 55.49114  3726.31  7409.96 2.41 2.25 -77.5 -0.388    19.98 22.03 01a59374o0234c       0  16.395536
59374.348286 20.761819      NaN  -10.0     6 c    0   1.33 212.4245 55.49114  3747.10  7447.33 2.32 2.14 -83.9 -0.397    19.98 22.02 01a59374o0241c       0  16.727629
59374.353832 20.761819      NaN   -9.0     6 c    0   1.20 212.4245 55.49114  3690.52  7371.14 2.25 2.19 -43.3 -0.382    19.99 22.02 01a59374o0253c       0  16.727629
59374.364434 20.594452      NaN    4.0     7 c    0   1.03 212.4245 55.49114  3671.53  7485.23 2.35 2.19 -70.9 -0.391    19.97 22.04 01a59374o0276c       0  17.111797
59378.324485 20.761819      NaN   11.0     6 c    0   1.17 212.4245 55.49114  7401.17  9775.86 2.22 2.15 -43.1 -0.361    19.95 21.66 01a59378o0188c       0  16.727629
59378.327709 20.761819      NaN   14.0     6 c    0   1.53 212.4245 55.49114  7423.31  9814.11 2.21 2.13 -52.4 -0.384    19.96 21.68 01a59378o0195c       0  16.727629
59378.334166 20.761819      NaN   24.0     6 c    0   1.44 212.4245 55.49114  7361.50  9737.61 2.20 2.12 -42.5 -0.367    19.94 21.71 01a59378o0209c       0  16.727629
59378.345216 20.594452      NaN    8.0     7 c    0   1.05 212.4245 55.49114  7343.39  9853.19 2.20 2.14 -40.0 -0.373    19.99 21.80 01a59378o0233c       0  17.111797
59404.298408 20.321591      NaN   13.0     9 c    0   1.40 212.4245 55.49114  9250.79  1020.61 2.73 2.15 -58.5 -0.420    19.66 21.52 02a59404o0119c       0  18.022586
59404.302076 20.321591      NaN  -10.0     9 c    0   1.10 212.4245 55.49114  9230.28   980.30 2.73 2.17 -57.2 -0.416    19.66 21.55 02a59404o0127c       0  18.022586
59404.308502 20.449472      NaN   -3.0     8 c    0   1.28 212.4245 55.49114  9291.18  1060.00 2.87 2.29 -59.5 -0.409    19.63 21.55 02a59404o0141c       0  17.544617
59404.318579 20.594452      NaN   -1.0     7 c    0   1.24 212.4245 55.49114  9314.49   942.93 2.71 2.15 -57.7 -0.413    19.68 21.54 02a59404o0163c       0  17.111797
59408.288305 20.321591      NaN    4.0     9 c    0   1.21 212.4245 55.49114  9252.49  1018.92 2.68 2.16 -57.9 -0.421    19.67 21.47 02a59408o0098c       0  18.022586
59408.291550 20.321591      NaN  -11.0     9 c    0   1.24 212.4245 55.49114  9233.55   982.17 2.61 2.12 -59.0 -0.417    19.70 21.50 02a59408o0105c       0  18.022586
59408.297047 20.449472      NaN   -8.0     8 c    0   1.54 212.4245 55.49114  9292.49  1059.71 2.59 2.10 -58.2 -0.419    19.74 21.53 02a59408o0117c       0  17.544617
59408.309021 20.449472      NaN   14.0     8 c    0   1.28 212.4245 55.49114  9316.55   943.52 2.63 2.12 -58.0 -0.413    19.73 21.62 02a59408o0143c       0  17.544617
59426.250363 20.321591      NaN   29.0     9 c    0   1.33 212.4245 55.49114  9469.68  9558.19 2.54 2.15  89.4 -0.369    19.54 20.74 01a59426o0033c       0  18.022586
59426.253637 20.449472      NaN   -4.0     8 c    0   1.64 212.4245 55.49114  9490.80  9597.69 2.56 2.23  89.5 -0.364    19.68 21.17 01a59426o0040c       0  17.544617
59426.259178 20.594452      NaN   -4.0     7 c    0   1.24 212.4245 55.49114  9426.07  9524.88 2.49 2.16 -86.0 -0.371    19.82 21.56 01a59426o0052c       0  17.111797
59426.272301 20.594452      NaN   -3.0     7 c    0   1.06 212.4245 55.49114  9406.04  9645.77 2.47 2.13 -82.6 -0.380    19.86 21.63 01a59426o0080c       0  17.111797
59430.248231 20.207197      NaN   16.0    10 c    0   1.29 212.4245 55.49114  9470.41  9561.55 2.55 2.20 -86.3 -0.359    19.43 20.49 01a59430o0033c       0  18.542211
59430.251501 20.321591      NaN    7.0     9 c    0   1.13 212.4245 55.49114  9493.14  9600.44 2.57 2.16 -85.9 -0.365    19.63 21.03 01a59430o0040c       0  18.022586
59430.257051 20.449472      NaN    4.0     8 c    0   1.40 212.4245 55.49114  9428.56  9526.47 2.57 2.25 -83.5 -0.367    19.78 21.48 01a59430o0052c       0  17.544617
59430.267267 20.449472      NaN   19.0     8 c    0   1.24 212.4245 55.49114  9408.68  9645.62 2.55 2.17 -84.6 -0.368    19.83 21.61 01a59430o0074c       0  17.544617
59434.260760 20.449472      NaN    9.0     8 c    0   0.97 212.4245 55.49114  1529.14  3187.53 2.27 2.12  66.3 -0.394    19.85 21.74 01a59434o0064c       0  17.544617
59434.264917 20.594452      NaN    5.0     7 c    0   1.64 212.4245 55.49114  1549.07  3223.61 2.21 2.05  70.7 -0.407    19.89 21.74 01a59434o0073c       0  17.111797
59434.270440 20.449472      NaN   20.0     8 c    0   0.84 212.4245 55.49114  1493.12  3145.99 2.23 2.06  64.4 -0.404    19.89 21.77 01a59434o0085c       0  17.544617
59434.282464 20.594452      NaN    3.0     7 c    0   1.39 212.4245 55.49114  1477.18  3259.88 2.25 2.08  68.2 -0.405    19.85 21.77 01a59434o0111c       0  17.111797
59588.641428 20.449472      NaN  -17.0     8 c    0   1.14 212.4245 55.49114  5534.22  5179.59 2.69 2.40  46.4 -0.404    19.65 21.81 02a59588o0978c       0  17.544617
59588.646929 20.449472      NaN    2.0     8 c    0   1.35 212.4245 55.49114  5554.70  5217.61 2.63 2.39  45.9 -0.409    19.61 21.81 02a59588o0990c       0  17.544617
59588.658083 20.321591      NaN    5.0     9 c    0   0.95 212.4245 55.49114  5496.96  5140.02 2.62 2.34  47.7 -0.409    19.61 21.75 02a59588o1014c       0  18.022586
59588.665789 20.207197      NaN  -12.0    10 c    0   1.26 212.4245 55.49114  5474.57  5259.73 2.71 2.36  47.5 -0.400    19.46 21.22 02a59588o1030c       0  18.542211
59615.558656 20.594452      NaN  -12.0     7 c    0   1.25 212.4245 55.49114  3289.86  1478.71 2.46 2.34 -81.2 -0.433    19.60 21.48 02a59615o0775c       0  17.111797
59615.561412 20.207197      NaN    4.0    10 c    0   0.91 212.4245 55.49114  3309.01  1517.60 2.45 2.34 -84.4 -0.431    19.61 21.49 02a59615o0781c       0  18.542211
59615.564167 20.207197      NaN   12.0    10 c    0   0.87 212.4245 55.49114  3252.41  1438.64 2.50 2.36  71.3 -0.430    19.59 21.49 02a59615o0787c       0  18.542211
59615.571520 20.321591      NaN   -4.0     9 c    0   1.00 212.4245 55.49114  3235.94  1554.87 2.48 2.36  88.3 -0.424    19.60 21.51 02a59615o0803c       0  18.022586
59619.586609 20.321591      NaN  -18.0     9 c    0   1.04 212.4245 55.49114  5720.50  7314.21 2.73 2.42  43.0 -0.403    19.67 21.67 02a59619o0807c       0  18.022586
59619.588435 20.207197      NaN    6.0    10 c    0   1.10 212.4245 55.49114  5739.96  7353.01 2.77 2.43  42.8 -0.401    19.66 21.67 02a59619o0811c       0  18.542211
59619.592559 20.449472      NaN    2.0     8 c    0   1.72 212.4245 55.49114  5679.51  7275.97 2.87 2.41  43.2 -0.397    19.63 21.67 02a59619o0820c       0  17.544617
59619.610269 20.321591      NaN   -9.0     9 c    0   1.10 212.4245 55.49114  5659.84  7393.04 2.90 2.41  42.0 -0.396    19.65 21.62 02a59619o0858c       0  18.022586
59639.510262 20.321591      NaN   -5.0     9 c    0   1.01 212.4245 55.49114  3599.30  5272.73 2.45 2.29  51.4 -0.415    19.73 21.72 02a59639o0653c       0  18.022586
59639.513468 20.594452      NaN   -3.0     7 c    0   1.64 212.4245 55.49114  3618.83  5312.41 2.60 2.32  41.8 -0.405    19.69 21.70 02a59639o0660c       0  17.111797
59639.516215 20.321591      NaN  -29.0     9 c    0   1.06 212.4245 55.49114  3561.28  5232.93 2.45 2.28  49.4 -0.414    19.71 21.71 02a59639o0666c       0  18.022586
59639.522156 20.449472      NaN  -12.0     8 c    0   1.40 212.4245 55.49114  3542.53  5348.78 2.48 2.32  50.0 -0.414    19.72 21.72 02a59639o0679c       0  17.544617
59643.547231 20.009244      NaN   23.0    12 c    0   1.24 212.4245 55.49114  1664.99  5304.73 2.55 2.10  58.6 -0.442    19.20 21.76 02a59643o0681c       0  19.692983
59643.550203 20.009244      NaN    2.0    12 c    0   1.06 212.4245 55.49114  1686.63  5345.47 2.56 2.09  59.1 -0.440    19.18 21.77 02a59643o0687c       0  19.692983
59643.557137 19.841877      NaN   -9.0    14 c    0   1.07 212.4245 55.49114  1631.32  5265.72 2.51 2.07  58.4 -0.445    19.19 21.77 02a59643o0701c       0  20.971733
59643.562489 19.922338      NaN   43.0    13 c    0   1.01 212.4245 55.49114  1615.08  5382.45 2.35 2.09  55.7 -0.455    19.21 21.77 02a59643o0712c       0  20.317815
59643.657813 19.510313      NaN   17.0    19 c    0   1.12 212.4245 55.49114  8921.30  5244.24 2.50 2.24  61.8 -0.422    18.85 21.41 02a59643o0901c       0  24.592958
59647.542805 19.766969      NaN   47.0    15 c    0   1.25 212.4245 55.49114  1673.09  5307.83 2.75 2.37  50.4 -0.436    18.87 21.77 02a59647o0494c       0  21.652104
59647.544825 19.696897      NaN   -1.0    16 c    0   1.08 212.4245 55.49114  1692.30  5347.91 2.61 2.35  45.8 -0.440    18.90 21.75 02a59647o0498c       0  22.356511
59647.547878 19.841877      NaN  -27.0    14 c    0   1.10 212.4245 55.49114  1635.44  5268.59 2.56 2.30  42.8 -0.450    18.92 21.80 02a59647o0504c       0  20.971733
59647.553314 19.631075      NaN   17.0    17 c    0   1.51 212.4245 55.49114  1617.03  5383.16 2.51 2.20  48.1 -0.447    18.93 21.77 02a59647o0515c       0  23.082755
59671.401837 20.207197      NaN   -5.0    10 c    0   0.90 212.4245 55.49114  5314.75  3558.17 2.70 2.55  48.8 -0.402    19.49 21.62 02a59671o0314c       0  18.542211
59671.428617 20.103715      NaN    6.0    11 c    0   0.78 212.4245 55.49114  5348.96  3595.63 2.75 2.53  48.8 -0.401    19.53 21.63 02a59671o0371c       0  19.100094
59671.431827 20.321591      NaN   23.0     9 c    0   1.18 212.4245 55.49114  5292.84  3522.52 2.88 2.59  48.7 -0.392    19.45 21.63 02a59671o0378c       0  18.022586
59671.437311 20.009244      NaN   -1.0    12 c    0   1.09 212.4245 55.49114  5273.94  3639.98 2.92 2.58  44.4 -0.395    19.42 21.63 02a59671o0390c       0  19.692983
59675.445368 16.841314      NaN -198.0   222 c    0   1.20 212.4245 55.49114  3702.82  7377.01 2.88 2.39  39.7 -0.390    16.29 18.27 02a59675o0501c       2 222.548452
59675.451766 19.014394      NaN  -47.0    30 c    0   0.94 212.4245 55.49114  3684.13  7492.22 2.71 2.31  37.8 -0.385    18.45 20.52 02a59675o0515c    8192  33.820313
59679.432660 19.510313      NaN   17.0    19 c    0   0.86 212.4245 55.49114  3737.78  7415.56 2.88 2.38  41.0 -0.373    18.97 20.69 02a59679o0440c       0  24.592958
59679.438161 19.696897      NaN  -15.0    16 c    0   1.25 212.4245 55.49114  3757.91  7453.03 2.79 2.35  39.2 -0.384    18.97 20.71 02a59679o0452c       0  22.356511
59679.439989 19.510313      NaN  -42.0    19 c    0   0.76 212.4245 55.49114  3698.83  7374.95 2.79 2.32  38.7 -0.381    18.99 20.72 02a59679o0456c       0  24.592958
59679.445014 19.510313      NaN   -9.0    19 c    0   1.37 212.4245 55.49114  3678.36  7491.73 2.78 2.35  39.4 -0.383    19.00 20.75 02a59679o0467c       0  24.592958
59695.447397 20.103715      NaN   29.0    11 c    0   1.15 212.4245 55.49114  7101.60  7445.64 2.79 2.46  35.1 -0.404    19.49 21.38 02a59695o0478c       0  19.100094
59695.450623 20.207197      NaN    0.0    10 c    0   1.20 212.4245 55.49114  7082.64  7405.57 2.73 2.38  35.3 -0.405    19.51 21.38 02a59695o0485c       0  18.542211
59695.485942 20.103715      NaN  -25.0    11 c    0   1.14 212.4245 55.49114  7129.96  7483.13 2.82 2.43  33.1 -0.398    19.47 21.34 02a59695o0561c       0  19.100094
59695.514381 19.766969      NaN   -6.0    15 c    0   1.18 212.4245 55.49114  7145.39  7366.53 2.85 2.39  32.1 -0.398    19.02 20.86 02a59695o0622c       0  21.652104
59699.416003 15.817510      NaN -341.0   570 c    0   0.90 212.4245 55.49114  1720.98  9461.27 2.35 2.21 -36.0 -0.394    15.53 16.82 02a59699o0410c       2 570.213831
59699.419220 18.878500      NaN   11.0    34 c    0   0.84 212.4245 55.49114  1704.34  9425.95 2.42 2.24 -39.6 -0.444    18.25 19.68 02a59699o0417c    8192  37.414083
59699.424739 17.785989      NaN  -83.0    93 c    0   0.92 212.4245 55.49114  1758.53  9499.16 2.40 2.25 -33.7 -0.402    17.23 18.61 02a59699o0429c       2  94.301716
59699.459844 19.454622      NaN   48.0    20 c    0   1.11 212.4245 55.49114  1763.28  9377.78 2.35 2.21 -30.4 -0.453    18.82 20.34 02a59699o0505c    8192  25.373482
59723.379391 20.321591      NaN  -20.0     9 c    0   1.42 212.4245 55.49114  3368.25  7164.43 2.62 2.36  22.4 -0.394    19.57 21.29 02a59723o0312c       0  18.022586
59723.382603 20.321591      NaN  -20.0     9 c    0   1.62 212.4245 55.49114  3345.94  7123.49 2.85 2.45  24.6 -0.379    19.52 21.28 02a59723o0319c       0  18.022586
59723.388089 20.207197      NaN   21.0    10 c    0   1.00 212.4245 55.49114  3405.12  7200.57 2.60 2.31  22.1 -0.399    19.58 21.25 02a59723o0331c       0  18.542211
59723.400898 20.103715      NaN   -3.0    11 c    0   1.05 212.4245 55.49114  3423.04  7085.53 2.68 2.37  18.9 -0.392    19.55 21.26 02a59723o0359c       0  19.100094
59727.350487 17.990970      NaN   -4.0    77 c    0   1.13 212.4245 55.49114  3373.41  7170.94 2.55 2.31  23.4 -0.385    17.52 18.91 02a59727o0248c       2  78.567255
59727.353687 19.212347      NaN   33.0    25 c    0   1.33 212.4245 55.49114  3354.26  7131.87 2.52 2.28  20.9 -0.400    18.58 20.08 02a59727o0255c    8192  29.475644
59727.360089 18.142010      NaN   83.0    63 c    0   1.48 212.4245 55.49114  3410.31  7206.22 2.51 2.27  23.1 -0.400    17.59 18.92 02a59727o0269c       2  64.906191
59727.371522 18.675237      NaN   28.0    41 c    0   1.24 212.4245 55.49114  3430.40  7087.87 2.66 2.31  24.8 -0.388    18.00 19.43 02a59727o0294c    8192  43.872698
59731.403183 20.321591      NaN  -10.0     9 c    0   1.01 212.4245 55.49114  1135.10   926.79 2.64 2.46  87.8 -0.431    19.55 21.48 02a59731o0194c       0  18.022586
59731.406395 20.594452      NaN   -7.0     7 c    0   1.70 212.4245 55.49114  1115.32   886.51 2.55 2.39  81.1 -0.433    19.57 21.48 02a59731o0201c       0  17.111797
59731.411902 20.321591      NaN    2.0     9 c    0   1.47 212.4245 55.49114  1180.06   963.63 2.63 2.43  84.9 -0.428    19.56 21.47 02a59731o0213c       0  18.022586
59731.421979 20.321591      NaN  -10.0     9 c    0   1.17 212.4245 55.49114  1202.10   842.02 2.57 2.37 -86.0 -0.439    19.56 21.39 02a59731o0235c       0  18.022586
59751.314809 20.449472      NaN   -9.0     8 c    0   1.06 212.4245 55.49114  2883.60  3403.77 2.49 2.31  33.3 -0.412    19.65 21.48 02a59751o0156c       0  17.544617
59751.318028 20.594452      NaN  -11.0     7 c    0   1.47 212.4245 55.49114  2863.86  3368.01 2.49 2.28  31.5 -0.414    19.63 21.48 02a59751o0163c       0  17.111797
59751.323522 20.449472      NaN    4.0     8 c    0   0.96 212.4245 55.49114  2923.23  3441.26 2.41 2.24  31.5 -0.420    19.66 21.47 02a59751o0175c       0  17.544617
59751.334507 20.321591      NaN    9.0     9 c    0   1.02 212.4245 55.49114  2943.57  3329.30 2.55 2.41  38.4 -0.410    19.64 21.45 02a59751o0199c       0  18.022586
59783.287517 20.321591      NaN  -27.0     9 c    0   1.23 212.4245 55.49114  9120.80  9091.87 2.63 2.56 -70.5 -0.400    19.63 21.24 02a59783o0101c       0  18.022586
59783.291146 20.103715      NaN  -24.0    11 c    0   1.14 212.4245 55.49114  9097.75  9048.21 2.76 2.43  31.4 -0.401    19.58 21.21 02a59783o0109c       0  19.100094
59783.297487 19.922338      NaN   13.0    13 c    0   0.85 212.4245 55.49114  9154.21  9129.65 2.79 2.71  54.7 -0.390    19.52 21.18 02a59783o0123c       0  20.317815
59783.310193 20.103715      NaN  -11.0    11 c    0   1.24 212.4245 55.49114  9174.80  9013.79 2.69 2.61  28.4 -0.400    19.55 21.14 02a59783o0151c       0  19.100094
59787.293213 20.103715      NaN  -18.0    11 c    0   1.07 212.4245 55.49114  5033.98  5392.85 2.82 2.70  34.5 -0.394    19.41 21.28 02a59787o0117c       0  19.100094
59787.297291 20.103715      NaN   -2.0    11 c    0   1.03 212.4245 55.49114  5014.24  5350.72 2.92 2.82  32.2 -0.394    19.39 21.27 02a59787o0126c       0  19.100094
59787.303716 20.009244      NaN   31.0    12 c    0   1.08 212.4245 55.49114  5070.21  5424.50 2.88 2.71  29.8 -0.391    19.42 21.26 02a59787o0140c       0  19.692983
59787.318300 20.103715      NaN   -8.0    11 c    0   0.87 212.4245 55.49114  5090.30  5306.06 2.92 2.69  31.6 -0.395    19.44 21.27 02a59787o0172c       0  19.100094
59811.240646 19.051202      NaN  -14.0    29 c    0   1.48 212.4245 55.49114  7267.20  9103.80 2.56 2.45  29.9 -0.417    18.72 19.75 02a59811o0025c       0  32.936508
59811.243827 19.569016      NaN  -12.0    18 c    0   1.18 212.4245 55.49114  7247.22  9062.06 2.50 2.48  -0.4 -0.419    19.14 20.36 02a59811o0032c       0  23.828839
59811.251095 19.922338      NaN   -8.0    13 c    0   1.04 212.4245 55.49114  7304.04  9139.27 2.57 2.54   9.2 -0.410    19.43 21.04 02a59811o0048c       0  20.317815
59811.262036 20.009244      NaN  -15.0    12 c    0   1.02 212.4245 55.49114  7321.51  9019.80 2.54 2.50   3.2 -0.415    19.49 21.14 02a59811o0072c       0  19.692983
59819.241262 19.696897      NaN    0.0    16 c    0   1.16 212.4245 55.49114  4875.06  3261.21 2.68 2.24  32.9 -0.406    19.14 20.53 02a59819o0037c       0  22.356511
59819.246702 19.922338      NaN  -34.0    13 c    0   0.63 212.4245 55.49114  4854.32  3222.07 2.58 2.29  32.7 -0.410    19.34 20.93 02a59819o0049c       0  20.317815
59819.249867 19.922338      NaN   -3.0    13 c    0   0.92 212.4245 55.49114  4913.44  3300.23 2.69 2.44  33.4 -0.400    19.35 21.00 02a59819o0056c       0  20.317815
59819.259883 19.922338      NaN    2.0    13 c    0   1.06 212.4245 55.49114  4935.07  3183.39 2.49 2.34  34.3 -0.416    19.37 21.05 02a59819o0078c       0  20.317815
59841.218401 18.481707      NaN  -19.0    49 c    0   0.91 212.4245 55.49114  8567.02  7215.29 3.01 2.84  38.5 -0.357    17.82 19.42 01a59841o0022c       0  51.427751
59841.222104 19.128787      NaN   -8.0    27 c    0   0.93 212.4245 55.49114  8587.65  7255.70 3.02 2.85  44.2 -0.354    18.50 20.18 01a59841o0030c       0  31.189960
59841.232292 19.841877      NaN   -9.0    14 c    0   1.26 212.4245 55.49114  8528.56  7186.95 3.03 2.91  47.9 -0.351    18.98 20.90 01a59841o0052c       0  20.971733
59841.238300 19.696897      NaN   -7.0    16 c    0   0.93 212.4245 55.49114  8509.57  7304.00 3.04 2.91  44.6 -0.353    19.00 20.95 01a59841o0065c       0  22.356511
60048.393577 20.207197      NaN  -18.0    10 c    0   0.81 212.4245 55.49114  7319.71  5056.85 2.52 2.33  46.9 -0.402    19.52 21.42 02a60048o0341c       0  18.542211
60048.395386 20.449472      NaN  -13.0     8 c    0   1.46 212.4245 55.49114  7339.27  5095.05 2.53 2.35  46.5 -0.403    19.55 21.42 02a60048o0345c       0  17.544617
60048.401280 20.207197      NaN  -17.0    10 c    0   0.79 212.4245 55.49114  7282.40  5020.16 2.57 2.35  42.5 -0.402    19.55 21.43 02a60048o0357c       0  18.542211
60048.436787 20.321591      NaN  -22.0     9 c    0   1.17 212.4245 55.49114  7265.71  5140.39 2.54 2.32  40.9 -0.405    19.59 21.48 02a60048o0428c       0  18.022586
60050.476802 20.321591      NaN   -9.0     9 c    0   1.36 212.4245 55.49114  5314.57  1123.16 2.27 2.17 -88.3 -0.434    19.44 21.09 02a60050o0513c       0  18.022586
60050.480891 19.841877      NaN   -3.0    14 c    0   1.10 212.4245 55.49114  5291.45  1080.23 2.28 2.18 -88.9 -0.439    19.11 20.70 02a60050o0522c       0  20.971733
60050.515792 20.449472      NaN  -15.0     8 c    0   1.24 212.4245 55.49114  5357.20  1151.75 2.30 2.20  68.3 -0.429    19.45 21.17 02a60050o0596c       0  17.544617
60050.522062 20.207197      NaN   -4.0    10 c    0   1.00 212.4245 55.49114  5377.27  1029.64 2.32 2.21 -88.8 -0.430    19.51 21.17 02a60050o0609c       0  18.542211
60052.473293 19.841877      NaN   17.0    14 c    0   0.84 212.4245 55.49114  3557.26  7151.15 2.35 2.22  28.6 -0.410    19.31 20.97 02a60052o0517c       0  20.971733
60052.476484 19.766969      NaN    2.0    15 c    0   0.95 212.4245 55.49114  3538.14  7111.85 2.44 2.24  23.3 -0.403    19.08 20.78 02a60052o0524c       0  21.652104
60052.509238 20.103715      NaN    3.0    11 c    0   1.00 212.4245 55.49114  3595.68  7179.49 2.45 2.23  26.8 -0.395    19.45 21.04 02a60052o0592c       0  19.100094
60052.515613 20.103715      NaN    2.0    11 c    0   1.16 212.4245 55.49114  3616.15  7060.26 2.47 2.23  28.0 -0.397    19.42 20.99 02a60052o0605c       0  19.100094
60056.469181 19.922338      NaN  -21.0    13 c    0   0.85 212.4245 55.49114  9193.62  7430.78 2.60 2.42  36.4 -0.410    19.49 21.08 02a60056o0517c       0  20.317815
60056.472346 20.009244      NaN   -2.0    12 c    0   1.07 212.4245 55.49114  9174.24  7389.79 2.59 2.43  38.3 -0.408    19.50 21.08 02a60056o0524c       0  19.692983
60056.500151 20.103715      NaN    2.0    11 c    0   1.40 212.4245 55.49114  9228.59  7467.79 2.64 2.46  37.7 -0.409    19.44 21.06 02a60056o0581c       0  19.100094
60056.528506 20.009244      NaN  -12.0    12 c    0   1.06 212.4245 55.49114  9245.74  7347.96 2.66 2.50  34.1 -0.408    19.44 21.11 02a60056o0641c       0  19.692983
60058.400358 20.207197      NaN  -18.0    10 c    0   1.70 212.4245 55.49114  7554.65  7180.44 2.82 2.40  41.4 -0.395    19.41 21.02 02a60058o0368c       0  18.542211
60058.403081 20.009244      NaN  -11.0    12 c    0   1.10 212.4245 55.49114  7575.34  7216.85 2.79 2.40  38.2 -0.398    19.44 21.03 02a60058o0374c       0  19.692983
60058.406260 20.103715      NaN   18.0    11 c    0   1.55 212.4245 55.49114  7515.10  7143.36 2.85 2.39  40.9 -0.394    19.44 21.03 02a60058o0381c       0  19.100094
60058.412604 20.103715      NaN    2.0    11 c    0   1.08 212.4245 55.49114  7495.23  7262.45 2.79 2.38  39.2 -0.399    19.44 21.03 02a60058o0395c       0  19.100094