         MJD         m       dm   uJy  duJy F  err    chi/N        RA      Dec        x       y  maj  min   phi  apfit  mag5sig   Sky            Obs    Mask    duJy_new
57246.433295 19.183773      NaN    25    20 c    0     0.77 347.80127 -1.00297  8183.06 2440.27 3.86 3.66  27.9 -0.435    19.48 21.33 02a57246o0263c       0   23.994021
57246.468130 19.696897      NaN   -13    16 c    0     0.96 347.80127 -1.00297  8174.82 2448.30 3.95 3.76  31.5 -0.411    19.49 21.40 02a57246o0309c       0   20.777706
57246.480810 19.631075      NaN   -34    17 c    0     1.09 347.80127 -1.00297  9652.75  982.29 4.13 3.62  27.9 -0.455    19.50 21.38 02a57246o0325c       0   21.557205
57334.319187 19.401649      NaN    11    20 c    0     1.19 347.80127 -1.00297  2520.49 8179.65 4.20 3.97 -75.4 -0.387    19.19 21.05 02a57334o0206c       0   23.994021
57334.347683 19.089302      NaN    26    22 c    0     0.70 347.80127 -1.00297  2520.94 8180.32 4.17 3.93 -75.1 -0.380    19.33 21.19 02a57334o0247c       0   25.684880
57334.378149 19.454622      NaN   -19    20 c    0     0.95 347.80127 -1.00297  1047.68 9650.02 4.28 4.09 -68.1 -0.390    19.26 21.10 02a57334o0291c       0   23.994021
57334.409262 19.183773      NaN    19    22 c    0     0.89 347.80127 -1.00297  1050.70 9651.12 4.84 4.61 -57.6 -0.360    19.01 20.96 02a57334o0336c       0   25.684880
57398.211961 18.978793      NaN   -12    31 c    0     1.17 347.80127 -1.00297  2951.73 7837.29 3.94 3.80  84.8 -0.398    18.87 20.24 02a57398o0038c       0   33.715176
57398.219421 19.128787      NaN   -30    27 c    0     1.01 347.80127 -1.00297  3251.85 8420.97 3.81 3.74  69.4 -0.419    19.05 20.60 02a57398o0050c       0   30.078449
57398.233542 19.256669      NaN   -40    24 c    0     1.36 347.80127 -1.00297  2410.42 7252.70 3.99 3.74 -69.1 -0.410    19.08 20.66 02a57398o0072c       0   27.417386
57398.249756 19.302877      NaN     8    23 c    0     1.12 347.80127 -1.00297  2141.22 8999.80 3.85 3.73 -60.0 -0.433    18.97 20.51 02a57398o0087c       0   26.546432
57399.211171 18.978793      NaN     2    31 c    0     1.25 347.80127 -1.00297  2946.02 7834.84 3.93 3.76 -74.0 -0.406    18.75 20.06 02a57399o0037c       0   33.715176
57399.217907 19.142275      NaN    13    25 c    0     1.03 347.80127 -1.00297  3246.88 8420.17 4.00 3.86 -66.6 -0.422    18.94 20.47 02a57399o0048c       0   28.296874
57399.231188 19.256669      NaN   -14    24 c    0     0.92 347.80127 -1.00297  2404.94 7252.36 4.07 3.77 -58.3 -0.404    18.98 20.54 02a57399o0069c       0   27.417386
57399.245920 19.256669      NaN   -28    24 c    0     1.25 347.80127 -1.00297  2132.43 9000.83 3.94 3.74 -50.4 -0.426    18.95 20.48 02a57399o0093c       0   27.417386
57539.619431 17.935984      NaN    47    68 c    0     1.10 347.80127 -1.00297  9114.13 2083.31 4.21 3.62  38.7 -0.497    18.21 18.98 02a57539o0433c 8388610   69.279962
57540.618980 18.226218      NaN   -63    62 c    0     1.07 347.80127 -1.00297  6775.95 2652.30 4.08 3.77  11.5 -0.455    18.19 19.06 02a57540o0743c 8388610   63.401207
57574.589395 19.696897      NaN   -26    16 c    0     1.05 347.80127 -1.00297  9923.44 2396.14 4.47 3.73  42.3 -0.456    19.68 21.75 02a57574o0588c       0   20.777706
57574.601431 19.841877      NaN   -12    14 c    0     1.32 347.80127 -1.00297   192.38 2374.08 4.74 3.67 -30.3 -0.409    19.66 21.71 02a57574o0607c       0   19.279862
57574.606311 19.841877      NaN   -15    14 c    0     1.22 347.80127 -1.00297   623.15 8109.20 4.13 3.77 -42.5 -0.404    19.62 21.64 02a57574o0614c       0   19.279862
57574.618333 19.128787      NaN   -12    27 c    0     0.99 347.80127 -1.00297 10355.67 8130.98 4.22 3.68  76.3 -0.424    18.95 20.33 02a57574o0632c       0   30.078449
57574.623225 17.990970      NaN    -2    77 c    0     1.17 347.80127 -1.00297   677.89 8192.23 3.91 3.64 -60.6 -0.437    18.39 19.20 02a57574o0640c       2   78.132663
57578.578564 19.719755      NaN    13    14 c    0     1.42 347.80127 -1.00297  7115.77 2640.17 3.99 3.71  24.5 -0.427    19.62 21.62 02a57578o0561c       0   19.279862
57578.595544 19.766969      NaN   -14    15 c    0     1.15 347.80127 -1.00297  3434.91 7841.34 4.06 3.80 -14.5 -0.397    19.60 21.69 02a57578o0587c       0   20.017819
57578.611936 19.510313      NaN   -22    19 c    0     0.74 347.80127 -1.00297  3487.84 7924.35 3.83 3.68 -63.6 -0.415    19.50 21.41 02a57578o0613c       0   23.167069
57578.628744 16.998944      NaN  -352   192 c    0     1.23 347.80127 -1.00297  3514.10 7808.48 3.87 3.65 -72.7 -0.419    17.76 18.12 02a57578o0642c       2  192.457042
57600.522892 19.351140      NaN     0    22 c    0     1.03 347.80127 -1.00297  6900.65 1082.68 5.75 4.72   8.1 -0.392    19.38 21.71 02a57600o0431c       0   25.684880
57600.538656 18.978793      NaN    -5    31 c    0     1.01 347.80127 -1.00297  6919.09 1122.42 5.24 4.50  11.8 -0.422    19.10 21.35 02a57600o0453c       0   33.715176
57600.554851 19.302877      NaN   -66    23 c    0     1.36 347.80127 -1.00297  3679.74 9494.78 4.17 3.86 -55.8 -0.426    19.28 21.39 02a57600o0475c       0   26.546432
57600.570882 18.125925      NaN    47    55 c    0     1.36 347.80127 -1.00297  3698.49 9378.17 4.19 3.82 -60.8 -0.435    18.12 20.14 02a57600o0497c       0   56.574845
57607.506919 19.841877      NaN     6    14 c    0     1.21 347.80127 -1.00297  3429.72 6476.60 3.73 3.45 -52.4 -0.431    19.68 21.61 02a57607o0374c    8192   19.279862
57607.554758 19.696897      NaN    17    13 c    0     1.44 347.80127 -1.00297  3478.99 6405.50 3.76 3.49 -56.3 -0.433    19.69 21.66 02a57607o0437c    8192   18.566450
57630.455641 19.696897      NaN    -9    16 c    0     0.91 347.80127 -1.00297  1693.77 6200.33 3.83 3.63  48.1 -0.413    19.62 21.58 02a57630o0403c       0   20.777706
57630.461859 19.841877      NaN   -10    14 c    0     1.19 347.80127 -1.00297  1676.62 6164.58 3.84 3.62  48.9 -0.414    19.63 21.59 02a57630o0415c       0   19.279862
57630.485387 19.334813      NaN    30    15 c    0     0.90 347.80127 -1.00297  1734.83 6246.35 3.82 3.59  51.9 -0.420    19.63 21.59 02a57630o0456c       0   20.017819
57630.510704 19.922338      NaN   -16    13 c    0     1.59 347.80127 -1.00297  1711.87 6184.45 3.88 3.64  59.2 -0.412    19.60 21.54 02a57630o0500c       0   18.566450
57638.437330 19.841877      NaN    -2    14 c    0     1.22 347.80127 -1.00297  3018.65 7604.55 3.57 3.46  29.8 -0.440    19.62 21.52 02a57638o0394c       0   19.279862
57638.456698 19.609992      NaN    21    13 c    0     1.16 347.80127 -1.00297  2997.83 7562.38 3.51 3.44  24.5 -0.449    19.61 21.50 02a57638o0430c       0   18.566450
57638.464164 19.631075      NaN    -8    17 c    0     0.80 347.80127 -1.00297  3058.06 7642.72 3.51 3.44  20.8 -0.447    19.61 21.50 02a57638o0445c       0   21.557205
57638.475289 19.454622      NaN    23    15 c    0     0.86 347.80127 -1.00297  3075.61 7520.78 3.47 3.43  15.4 -0.454    19.61 21.49 02a57638o0465c       0   20.017819
57638.495196 19.436675      NaN    21    16 c    0     0.81 347.80127 -1.00297  3038.69 7581.46 3.47 3.42   1.7 -0.458    19.60 21.47 02a57638o0502c       0   20.777706
57658.411748 19.549093      NaN     9    18 c    0     1.19 347.80127 -1.00297  3276.93 9588.58 3.78 3.37   3.1 -0.428    19.39 21.32 02a57658o0376c    8192   22.354263
57688.352997 19.766969      NaN    -7    15 c    0     1.15 347.80127 -1.00297  4081.06 6293.55 3.81 3.69  75.2 -0.398    19.53 21.37 02a57688o0332c       0   20.017819
57688.368926 19.569016      NaN   -46    18 c    0     0.78 347.80127 -1.00297  4062.71 6253.83 3.84 3.71  71.9 -0.395    19.54 21.40 02a57688o0361c       0   22.354263
57688.383879 19.696897      NaN   -24    16 c    0     1.03 347.80127 -1.00297  4121.84 6329.94 3.75 3.65  72.4 -0.400    19.54 21.37 02a57688o0388c       0   20.777706
57688.399942 19.454622      NaN    20    16 c    0     1.09 347.80127 -1.00297  4144.60 6213.11 3.77 3.66  75.2 -0.396    19.50 21.32 02a57688o0416c       0   20.777706
57688.416680 19.696897      NaN    -6    16 c    0     1.00 347.80127 -1.00297  4107.27 6270.77 3.76 3.66  76.3 -0.402    19.44 21.22 02a57688o0445c       0   20.777706
57692.342945 19.472870      NaN    10    19 c    0     0.76 347.80127 -1.00297  1196.58 7065.96 4.09 3.97  74.6 -0.391    19.59 21.60 02a57692o0278c       0   23.167069
57692.357536 19.401649      NaN    17    18 c    0     1.13 347.80127 -1.00297  1178.78 7026.52 4.93 4.38   3.6 -0.346    19.40 21.56 02a57692o0306c       0   22.354263
57692.372853 19.696897      NaN    -5    16 c    0     1.18 347.80127 -1.00297  1237.74 7103.21 4.07 4.01   6.7 -0.389    19.54 21.54 02a57692o0335c       0   20.777706
57696.336247 19.569016      NaN     7    18 c    0     0.90 347.80127 -1.00297  2366.74 7220.64 3.95 3.79  54.2 -0.398    19.52 21.39 02a57696o0308c       0   22.354263
57696.350720 19.631075      NaN     2    17 c    0     0.95 347.80127 -1.00297  2349.09 7181.55 3.86 3.72  46.8 -0.402    19.52 21.36 02a57696o0336c       0   21.557205
57696.380296 19.766969      NaN     7    15 c    0     1.38 347.80127 -1.00297  2429.61 7141.52 3.83 3.70  44.4 -0.406    19.48 21.29 02a57696o0393c       0   20.017819
57696.394859 19.569016      NaN   -17    18 c    0     0.88 347.80127 -1.00297  2393.47 7198.67 3.79 3.64  38.4 -0.415    19.52 21.34 02a57696o0421c       0   22.354263
57699.190882 17.976960      NaN  -102    78 c    0     0.77 347.80127 -1.00297  8849.93  206.95 4.05 3.68 -82.8 -0.453    18.30 19.03 02a57699o0025c       2   79.118348
57699.191394 18.094452      NaN  -100    70 c    0     0.93 347.80127 -1.00297  8849.84  207.04 4.01 3.61 -83.1 -0.451    18.36 19.16 02a57699o0026c       2   71.244039
57699.191907 18.125925      NaN   -98    68 c    0     0.57 347.80127 -1.00297  8849.61  207.27 4.01 3.62 -81.0 -0.418    18.44 19.27 02a57699o0027c       2   69.279962
57699.192428 18.280067      NaN  -125    59 c    0     0.92 347.80127 -1.00297  8849.47  207.39 3.99 3.63 -83.6 -0.448    18.49 19.39 02a57699o0028c       0   60.470762
57699.192940 18.336727      NaN   -12    56 c    0     0.75 347.80127 -1.00297  8849.46  207.44 4.01 3.64 -82.6 -0.410    18.55 19.49 02a57699o0029c       0   57.547485
57699.193452 18.317510      NaN   -13    57 c    0     0.71 347.80127 -1.00297  8849.26  207.49 3.99 3.65 -82.9 -0.422    18.59 19.59 02a57699o0030c       0   58.521048
57699.193964 18.504094      NaN    -3    48 c    0     0.70 347.80127 -1.00297  8849.24  207.66 3.99 3.64 -80.7 -0.424    18.64 19.68 02a57699o0031c       0   49.796717
57699.194475 18.574166      NaN   -18    45 c    0     0.96 347.80127 -1.00297  8849.28  207.57 3.94 3.61 -81.4 -0.421    18.69 19.75 02a57699o0032c       0   46.911758
57699.194989 18.550302      NaN   -64    46 c    0     0.65 347.80127 -1.00297  8849.17  207.74 3.97 3.64 -83.0 -0.443    18.71 19.80 02a57699o0033c       0   47.871840
57699.195506 18.362890      NaN    37    45 c    0     0.97 347.80127 -1.00297  8849.09  207.76 3.96 3.63 -81.1 -0.431    18.73 19.84 02a57699o0034c       0   46.911758
57699.204271 18.417189      NaN   -12    52 c    0     1.06 347.80127 -1.00297  7805.42  704.13 3.98 3.76 -79.1 -0.404    18.30 19.41 02a57699o0051c       0   53.662958
57699.213522 18.702047      NaN   -38    40 c    0     1.11 347.80127 -1.00297  7820.93  744.48 3.90 3.66 -76.9 -0.415    18.29 19.46 02a57699o0069c       0   42.139211
57699.225976 18.675237      NaN   -29    41 c    0     1.05 347.80127 -1.00297  7760.63  668.34 3.89 3.68 -80.8 -0.420    18.46 19.75 02a57699o0093c       0   43.089593
57699.241505 18.878500      NaN   -20    34 c    0     1.25 347.80127 -1.00297  7739.32  789.69 3.88 3.59 -80.9 -0.414    18.45 19.56 02a57699o0123c       0   36.492644
57699.256883 17.721771      NaN    85    73 c    0     1.11 347.80127 -1.00297  7777.87  730.16 3.86 3.66 -82.7 -0.404    17.86 18.75 02a57699o0153c       2   74.193754
57716.288228 19.014394      NaN   -46    30 c    0     1.11 347.80127 -1.00297   488.79 8171.60 4.55 4.37  45.5 -0.362    18.72 20.60 02a57716o0211c       0   32.798065
57716.300706 19.351140      NaN     0    22 c    0     1.00 347.80127 -1.00297 10220.74 8196.17 4.49 4.11  82.7 -0.384    19.09 20.99 02a57716o0235c       0   25.684880
57716.303815 18.878500      NaN    -3    34 c    0     1.35 347.80127 -1.00297   472.59 8131.60 4.37 4.13  31.1 -0.370    18.55 20.37 02a57716o0241c       0   36.492644
57716.316872 18.878500      NaN   -66    34 c    0     1.01 347.80127 -1.00297 10204.14 8157.16 4.52 4.39  26.9 -0.371    18.75 20.65 02a57716o0266c       0   36.492644
57716.319952 18.034118      NaN   -88    74 c    0     1.06 347.80127 -1.00297   534.33 8207.85 4.47 4.32  38.9 -0.362    18.05 19.84 02a57716o0272c       2   75.177876
57716.331944 18.261819      NaN    26    54 c    0     1.05 347.80127 -1.00297 10266.18 8235.24 5.06 4.71  15.5 -0.338    18.38 20.32 02a57716o0295c       0   55.603175
57716.334577 17.623637      NaN  -292   108 c    0     0.84 347.80127 -1.00297   556.11 8090.17 4.50 4.34  47.3 -0.352    17.22 18.95 02a57716o0300c       2  108.810446
57716.346176 17.972330      NaN    87    52 c    0     0.96 347.80127 -1.00297 10286.54 8118.23 4.56 4.37  62.8 -0.368    18.50 20.36 02a57716o0322c       0   53.662958
57716.349339 18.019544      NaN   -57    75 c    0     1.08 347.80127 -1.00297   516.61 8148.15 4.95 4.46  12.8 -0.337    17.95 19.78 02a57716o0328c       2   76.162412
57716.360854 18.878500      NaN    50    20 c    0     1.03 347.80127 -1.00297 10246.43 8176.28 4.70 4.57  45.8 -0.359    19.16 21.11 02a57716o0350c       0   23.994021
57744.232310 19.271854      NaN    25    18 c    0     0.91 347.80127 -1.00297  2321.51 6914.48 3.93 3.75  46.7 -0.395    19.36 21.06 02a57744o0093c       0   22.354263
57744.245268 19.256669      NaN    26    18 c    0     1.12 347.80127 -1.00297  2302.85 6874.28 3.95 3.77  49.7 -0.392    19.31 20.98 02a57744o0118c       0   22.354263
57744.258274 19.696897      NaN     4    16 c    0     1.64 347.80127 -1.00297  2362.94 6950.86 3.97 3.81  49.8 -0.387    19.29 20.96 02a57744o0143c       0   20.777706
57744.269649 19.454622      NaN    -5    20 c    0     0.87 347.80127 -1.00297  2385.42 6832.65 3.91 3.76  52.4 -0.386    19.27 20.92 02a57744o0165c       0   23.994021
57744.282029 19.351140      NaN    11    21 c    0     0.95 347.80127 -1.00297  2346.50 6890.20 3.93 3.78  41.6 -0.391    19.24 20.90 02a57744o0189c       0   24.833708
57752.210923 17.845990      NaN   -37    88 c    0     0.92 347.80127 -1.00297  1003.16 7911.30 4.19 3.71  37.9 -0.424    17.63 19.15 02a57752o0003c 8388610   88.992770
57752.219112 17.577708      NaN    22   108 c    0     0.96 347.80127 -1.00297   985.30 7868.66 4.24 3.68  40.2 -0.407    17.32 18.85 02a57752o0019c 8388610  108.810446
57752.230868 17.031470      NaN   204   121 c    0     1.23 347.80127 -1.00297  1044.01 7945.59 4.13 3.79  39.0 -0.410    17.14 18.66 02a57752o0042c 8388610  121.723922
57752.258312 16.020044      NaN   -92   473 c    0     0.96 347.80127 -1.00297  1028.17 7882.90 4.02 3.80  52.2 -0.431    16.08 17.49 02a57752o0096c 8388610  473.185707
57982.513919 20.449472      NaN   -16     8 c    0     1.56 347.80127 -1.00297  1347.15 7452.93 2.44 2.24  15.0 -0.442    19.78 21.56 02a57982o0541c       0   15.482670
57982.523987 19.674510      NaN    30     9 c    0     1.05 347.80127 -1.00297  1330.57 7412.16 2.52 2.33  13.9 -0.448    19.73 21.49 02a57982o0559c       0   16.022268
57982.533411 20.137125      NaN    16     8 c    0     1.39 347.80127 -1.00297  1390.29 7490.31 2.47 2.32   7.9 -0.443    19.71 21.44 02a57982o0576c       0   15.482670
57982.543355 20.321591      NaN     7     9 c    0     1.06 347.80127 -1.00297  1410.75 7373.65 2.43 2.30   5.3 -0.430    19.76 21.42 02a57982o0594c       0   16.022268
57986.515804 14.776176      NaN  1254  1072 c    0     0.97 347.80127 -1.00297  4274.10 9631.38 2.67 2.63   1.8 -0.442    16.70 18.46 02a57986o0523c       2 1072.081953
57986.525081 18.504094      NaN   -40    48 c    0     1.24 347.80127 -1.00297  4334.29 9709.33 2.65 2.60   2.4 -0.418    17.44 19.17 02a57986o0540c       0   49.796717
57986.533846 18.900000      NaN    21    29 c    0     1.05 347.80127 -1.00297  8851.81   68.07 2.62 2.46 -80.9 -0.353    18.88 20.70 02a57986o0556c       0   31.885938
57986.534879 19.454622      NaN     1    20 c    0     0.84 347.80127 -1.00297  4354.85 9593.13 2.60 2.53 -21.9 -0.423    18.64 20.37 02a57986o0558c       0   23.994021
58018.383078 20.594452      NaN     8     7 c    0     1.72 347.80127 -1.00297  2749.15 1647.41 2.64 2.54 -59.4 -0.376    19.66 21.45 02a58018o0061c       0   14.990433
58018.389948 20.137125      NaN    16     8 c    0     1.59 347.80127 -1.00297  7736.56 8821.18 2.86 2.82  55.2 -0.388    19.64 21.45 02a58018o0075c       0   15.482670
58018.397573 20.449472      NaN    -3     8 c    0     1.15 347.80127 -1.00297  2791.84 1691.14 2.61 2.53 -81.0 -0.395    19.66 21.47 02a58018o0090c       0   15.482670
58018.404779 20.321591      NaN    11     8 c    0     1.25 347.80127 -1.00297  2808.88 1572.01 2.62 2.52  81.9 -0.382    19.66 21.46 02a58018o0104c       0   15.482670
58074.295848 20.449472      NaN    -9     8 c    0     1.06 347.80127 -1.00297  3725.94 2470.29 2.88 2.60  46.7 -0.420    19.60 21.42 02a58074o0132c       0   15.482670
58074.303897 20.244005      NaN    13     8 c    0     1.37 347.80127 -1.00297  3708.20 2433.37 2.82 2.57  42.2 -0.407    19.65 21.43 02a58074o0149c       0   15.482670
58074.311849 20.449472      NaN    -6     8 c    0     1.45 347.80127 -1.00297  3768.28 2510.63 2.86 2.56  40.3 -0.408    19.66 21.46 02a58074o0166c       0   15.482670
58074.319957 20.449472      NaN     3     8 c    0     1.23 347.80127 -1.00297  3789.80 2392.68 2.92 2.62  41.6 -0.403    19.65 21.45 02a58074o0183c       0   15.482670
58078.297781 20.405150      NaN    15     6 c    0     1.50 347.80127 -1.00297  4447.78 2666.19 2.60 2.37  46.1 -0.443    19.74 21.52 02a58078o0247c       0   14.550363
58078.305779 20.405150      NaN    12     7 c    0     1.65 347.80127 -1.00297  4506.24 2743.53 2.60 2.37  47.1 -0.434    19.76 21.52 02a58078o0264c       0   14.990433
58078.313713 19.816329      NaN    24     9 c    0     1.08 347.80127 -1.00297  4527.23 2626.88 2.63 2.40  45.9 -0.434    19.73 21.49 02a58078o0281c       0   16.022268
58082.270581 19.950541      NaN    10    12 c    0     1.28 347.80127 -1.00297  3359.86 4987.96 2.51 2.35  45.4 -0.436    19.38 20.64 02a58082o0195c       0   17.880522
58082.278583 20.009244      NaN   -22    12 c    0     1.19 347.80127 -1.00297  3341.85 4950.40 2.60 2.45  41.3 -0.423    19.33 20.61 02a58082o0212c       0   17.880522
58082.287069 19.549093      NaN    27    12 c    0     1.04 347.80127 -1.00297  3400.90 5026.22 2.45 2.31  48.1 -0.436    19.36 20.57 02a58082o0229c       0   17.880522
58082.295052 18.459772      NaN     4    50 c    0     1.06 347.80127 -1.00297  3421.33 4909.45 2.44 2.35  58.4 -0.450    17.76 18.77 02a58082o0246c       0   51.727295
58110.238429 19.569016      NaN    -4    18 c    0     1.07 347.80127 -1.00297  4608.27 3748.38 5.08 4.23  12.8 -0.462    19.05 21.08 02a58110o0111c    8192   22.354263
58134.219037 19.529530      NaN    28    12 c    0     1.44 347.80127 -1.00297  4504.54 4426.79 2.36 2.32  53.9 -0.437    19.27 20.62 02a58134o0050c       0   17.880522
58134.228934 20.009244      NaN   -12    12 c    0     1.22 347.80127 -1.00297  4485.56 4387.50 2.39 2.34  51.7 -0.432    19.34 20.75 02a58134o0071c       0   17.880522
58134.238841 19.652575      NaN    25    11 c    0     1.44 347.80127 -1.00297  4543.61 4464.04 2.44 2.40  33.3 -0.434    19.28 20.73 02a58134o0092c       0   17.225361
58134.248757 19.841877      NaN   -15    14 c    0     0.96 347.80127 -1.00297  4561.94 4348.35 2.44 2.42  28.1 -0.439    19.24 20.72 02a58134o0113c       0   19.279862
58338.579028 20.449472      NaN     1     8 c    0     1.00 347.80127 -1.00297  3126.98 4746.86 2.66 2.51 -61.6 -0.401    19.74 21.73 02a58338o0738c       0   15.482670
58338.589819 20.405150      NaN    12     7 c    0     1.80 347.80127 -1.00297  3107.31 4708.73 2.66 2.55 -65.8 -0.399    19.69 21.71 02a58338o0761c       0   14.990433
58338.600638 20.321591      NaN    14     7 c    0     1.10 347.80127 -1.00297  3166.09 4786.80 2.73 2.57 -57.9 -0.408    19.64 21.67 02a58338o0784c       0   14.990433
58338.613040 20.321591      NaN     8     9 c    0     0.92 347.80127 -1.00297  3186.72 4669.00 2.64 2.52 -54.0 -0.402    19.65 21.62 02a58338o0809c       0   16.022268
58342.570759 20.449472      NaN   -10     8 c    0     1.25 347.80127 -1.00297  3065.30 1954.62 2.64 2.51  61.7 -0.403    19.73 21.81 02a58342o0727c       0   15.482670
58342.581595 20.594452      NaN    -8     7 c    0     1.33 347.80127 -1.00297  3045.39 1915.73 2.78 2.66  64.5 -0.398    19.70 21.81 02a58342o0750c       0   14.990433
58342.592463 19.979496      NaN    18     9 c    0     0.85 347.80127 -1.00297  3104.55 1994.38 2.64 2.53  66.9 -0.403    19.72 21.76 02a58342o0773c       0   16.022268
58342.603389 20.244005      NaN    13     8 c    0     1.23 347.80127 -1.00297  3125.39 1878.29 2.67 2.54  53.2 -0.408    19.73 21.74 02a58342o0796c       0   15.482670
58402.426145 20.321591      NaN     5     9 c    0     1.27 347.80127 -1.00297  3067.57 2840.41 2.46 2.37  63.3 -0.403    19.68 21.38 02a58402o0293c       0   16.022268
58402.436773 20.321591      NaN     1     9 c    0     1.18 347.80127 -1.00297  3048.86 2801.50 2.53 2.41 -89.5 -0.390    19.66 21.42 02a58402o0315c       0   16.022268
58402.447052 20.207197      NaN    11     9 c    0     0.89 347.80127 -1.00297  3108.36 2878.70 2.54 2.44  63.6 -0.399    19.68 21.43 02a58402o0336c       0   16.022268
58402.457609 20.321591      NaN     7     9 c    0     1.07 347.80127 -1.00297  3129.10 2762.07 2.53 2.41  52.5 -0.402    19.65 21.39 02a58402o0358c       0   16.022268
58430.368873 20.321591      NaN    -5     9 c    0     1.19 347.80127 -1.00297  5471.11 4702.19 2.43 2.29 -70.7 -0.419    19.68 21.37 02a58430o0365c       0   16.022268
58430.378906 20.449472      NaN     0     8 c    0     1.28 347.80127 -1.00297  5452.63 4663.23 2.48 2.30 -71.9 -0.409    19.66 21.36 02a58430o0386c       0   15.482670
58430.388986 20.321591      NaN    -4     9 c    0     0.79 347.80127 -1.00297  5510.44 4739.76 2.49 2.34 -69.6 -0.414    19.65 21.32 02a58430o0407c       0   16.022268
58430.398957 20.321591      NaN    -9     9 c    0     1.01 347.80127 -1.00297  5530.69 4623.46 2.46 2.36 -70.0 -0.419    19.63 21.28 02a58430o0428c       0   16.022268
58434.351452 20.449472      NaN     2     8 c    0     1.69 347.80127 -1.00297  5606.98 4506.70 2.64 2.47 -65.7 -0.406    19.63 21.50 02a58434o0362c       0   15.482670
58434.361416 20.171596      NaN     7     9 c    0     1.05 347.80127 -1.00297  5589.45 4468.22 2.58 2.46 -74.3 -0.407    19.64 21.45 02a58434o0383c       0   16.022268
58434.371465 20.449472      NaN   -11     8 c    0     1.38 347.80127 -1.00297  5647.68 4546.31 2.61 2.45 -69.3 -0.410    19.63 21.42 02a58434o0404c       0   15.482670
58434.381387 20.137125      NaN     8     9 c    0     1.18 347.80127 -1.00297  5667.47 4430.28 2.53 2.44 -71.8 -0.418    19.59 21.39 02a58434o0425c       0   16.022268
58454.293973 20.321591      NaN     1     9 c    0     1.26 347.80127 -1.00297  3466.56 1800.08 2.58 2.46  61.3 -0.408    19.56 21.33 02a58454o0234c       0   16.022268
58454.302859 20.449472      NaN     3     8 c    0     1.41 347.80127 -1.00297  3448.18 1761.10 2.61 2.48  59.1 -0.411    19.66 21.42 02a58454o0253c       0   15.482670
58454.311723 19.894850      NaN    13    10 c    0     1.64 347.80127 -1.00297  3507.07 1839.33 2.62 2.49  60.8 -0.399    19.39 21.11 02a58454o0272c       0   16.604610
58454.320692 20.321591      NaN    -1     9 c    0     1.30 347.80127 -1.00297  3527.05 1721.38 2.59 2.42  52.0 -0.418    19.67 21.38 02a58454o0291c       0   16.022268
58462.279252 19.922338      NaN     2    13 c    0     1.13 347.80127 -1.00297  3705.98 9168.42 3.01 2.92 -46.2 -0.400    19.44 21.31 02a58462o0205c       0   18.566450
58462.287689 19.922338      NaN     6    12 c    0     1.25 347.80127 -1.00297  3687.73 9129.11 3.00 2.84 -53.0 -0.395    19.44 21.31 02a58462o0223c       0   17.880522
58462.295668 20.103715      NaN    -6    11 c    0     0.91 347.80127 -1.00297  3748.56 9206.97 2.92 2.84 -20.2 -0.416    19.47 21.28 02a58462o0240c       0   17.225361
58462.304134 19.922338      NaN    -2    13 c    0     1.05 347.80127 -1.00297  3770.41 9088.46 3.12 3.05  -2.9 -0.408    19.35 21.23 02a58462o0258c       0   18.566450
58486.246450 19.791368      NaN    11    12 c    0     1.06 347.80127 -1.00297  9540.49 5298.57 2.75 2.58 -62.6 -0.419    19.37 20.96 02a58486o0120c       0   17.880522
58486.254832 20.103715      NaN    -7    11 c    0     1.36 347.80127 -1.00297  9521.35 5260.14 2.85 2.69 -57.0 -0.415    19.32 20.98 02a58486o0138c       0   17.225361
58486.262789 19.922338      NaN    -3    13 c    0     1.13 347.80127 -1.00297  9582.28 5337.15 2.75 2.60 -59.1 -0.421    19.35 20.95 02a58486o0155c       0   18.566450
58486.271208 19.436675      NaN    22    14 c    0     1.20 347.80127 -1.00297  9604.11 5220.87 3.01 2.93 -61.7 -0.407    19.24 20.93 02a58486o0173c       0   19.279862
58490.237133 19.766969      NaN     3    15 c    0     0.82 347.80127 -1.00297  9564.31 1408.12 2.78 2.63  22.2 -0.430    19.33 20.88 02a58490o0097c       0   20.017819
58490.245765 19.384550      NaN    22    15 c    0     0.99 347.80127 -1.00297  9545.24 1368.43 2.89 2.74  28.9 -0.426    19.30 20.85 02a58490o0115c       0   20.017819
58490.253761 19.212347      NaN    36    14 c    0     1.16 347.80127 -1.00297  9605.91 1445.20 2.77 2.60  28.8 -0.444    19.31 20.81 02a58490o0132c       0   19.279862
58490.262237 19.631075      NaN   -17    17 c    0     1.23 347.80127 -1.00297  9628.50 1327.55 2.98 2.78  26.0 -0.429    19.25 20.78 02a58490o0150c       0   21.557205
58634.589061 20.207197      NaN     0    10 c    0     1.07 347.80127 -1.00297  8415.64 2836.71 2.55 2.42  63.5 -0.392    19.59 21.22 02a58634o0764c       0   16.604610
58634.593915 20.207197      NaN    -6    10 c    0     1.02 347.80127 -1.00297  8436.41 2876.16 2.46 2.39  37.1 -0.393    19.60 21.23 02a58634o0774c       0   16.604610
58634.597401 20.207197      NaN    -5    10 c    0     1.09 347.80127 -1.00297  8368.38 2799.79 2.49 2.38  50.8 -0.393    19.59 21.22 02a58634o0781c       0   16.604610
58634.607336 20.207197      NaN     2    10 c    0     1.19 347.80127 -1.00297  8356.36 2914.23 2.46 2.39  34.9 -0.397    19.53 21.00 02a58634o0802c       0   16.604610
58634.620509 18.504094      NaN   -18    48 c    0     1.16 347.80127 -1.00297  8392.57 2857.75 3.01 2.77  33.7 -0.391    17.91 18.93 02a58634o0827c       0   49.796717
58642.567101 20.282105      NaN     7     8 c    0     1.16 347.80127 -1.00297  6477.27 2936.03 2.51 2.31  44.9 -0.399    19.62 21.37 02a58642o0708c       0   15.482670
58642.569858 20.449472      NaN    -4     8 c    0     1.37 347.80127 -1.00297  6495.90 2975.00 2.48 2.31  46.7 -0.395    19.61 21.39 02a58642o0714c       0   15.482670
58642.576171 20.594452      NaN    -7     7 c    0     2.15 347.80127 -1.00297  6438.33 2896.87 2.64 2.48  43.3 -0.400    19.55 21.40 02a58642o0727c       0   14.990433
58642.587767 20.103715      NaN     9     9 c    0     1.02 347.80127 -1.00297  6408.99 3015.45 2.56 2.38  44.9 -0.402    19.61 21.44 02a58642o0751c       0   16.022268
58666.597715 20.449472      NaN     3     8 c    0     1.20 347.80127 -1.00297  4429.91 1091.88 2.56 2.39 -53.3 -0.415    19.74 21.75 02a58666o0767c       0   15.482670
58666.614829 20.103715      NaN    -7    11 c    0     0.84 347.80127 -1.00297  4454.39 1132.10 2.47 2.29 -56.0 -0.421    19.49 20.84 02a58666o0803c       0   17.225361
58666.618694 19.569016      NaN     9    16 c    0     1.02 347.80127 -1.00297  4393.51 1055.99 2.41 2.34 -83.0 -0.422    19.05 20.11 02a58666o0811c       0   20.777706
58666.625014 18.702047      NaN   -15    40 c    0     1.41 347.80127 -1.00297  4375.63 1171.50 2.51 2.30 -57.2 -0.455    17.94 18.62 02a58666o0823c       0   42.139211
58694.562264 19.014394 0.120637    93    10 c    0     1.25 347.80127 -1.00297  8504.63 9867.77 2.87 2.80 -82.8 -0.383    19.75 21.86 02a58694o0681c       0   16.604610
58694.565574 19.128787 0.134042    84    10 c    0     1.13 347.80127 -1.00297  8484.28 9829.13 2.86 2.80 -83.2 -0.379    19.71 21.79 02a58694o0688c       0   16.604610
58694.571647 19.063754 0.138873    89    11 c    0     0.76 347.80127 -1.00297  8541.58 9908.26 2.87 2.79  82.1 -0.382    19.76 21.85 02a58694o0701c       0   17.225361
58694.585627 19.142275 0.149289    83    11 c    0     0.77 347.80127 -1.00297  8552.18 9788.75 2.99 2.78 -64.5 -0.378    19.72 21.90 02a58694o0731c       0   17.225361
58702.497698 19.271854 0.137629    74     9 c    0     0.91 347.80127 -1.00297  1977.14 8952.35 2.37 2.23 -37.7 -0.418    19.83 21.80 02a58702o0543c       0   16.022268
58702.503377 19.226921 0.132049    77     9 c    0     1.06 347.80127 -1.00297  1997.20 8991.37 2.45 2.08 -50.0 -0.437    19.83 21.80 02a58702o0554c       0   16.022268
58702.506755 19.256669 0.120637    75     8 c    0     1.50 347.80127 -1.00297  1938.06 8914.33 2.35 2.26  15.9 -0.406    19.80 21.78 02a58702o0561c       0   15.482670
58702.517192 19.287255 0.139595    73     9 c    0     0.94 347.80127 -1.00297  8674.64 1529.33 2.59 2.28 -60.6 -0.410    19.79 21.78 02a58702o0581c       0   16.022268
58706.476634 16.755162      NaN   289   145 c    0     1.15 347.80127 -1.00297  2192.73 2639.09 2.41 2.38  39.3 -0.392    17.15 17.94 02a58706o0474c       2  145.604646
58706.481814 18.534680 0.348987   143    45 c    0     1.25 347.80127 -1.00297  2211.85 2678.18 2.37 2.36   6.8 -0.394    17.98 18.81 02a58706o0485c       0   46.911758
58706.484733 18.356290      NaN   -13    55 c    0     1.45 347.80127 -1.00297  2152.54 2600.52 2.56 2.28  32.8 -0.388    17.61 18.41 02a58706o0491c       0   56.574845
58706.496666 18.955691 0.251434    98    22 c    0     1.22 347.80127 -1.00297  2135.86 2714.36 2.41 2.34 -54.2 -0.398    18.76 19.77 02a58706o0516c       0   25.684880
58726.442280 20.405150 0.347436    28     8 c    0     1.39 347.80127 -1.00297  6389.96  993.96 2.50 2.32 -57.0 -0.411    19.71 21.55 02a58726o0463c       0   15.482670
58726.445491 19.791368 0.222082    47     9 c    0     0.82 347.80127 -1.00297  6409.25 1033.76 2.40 2.26 -61.8 -0.410    19.79 21.60 02a58726o0470c       0   16.022268
58726.450832 19.569016      NaN    27    10 c    0     0.78 347.80127 -1.00297  6351.07  956.07 2.48 2.36 -29.5 -0.437    19.70 21.57 02a58726o0481c       0   16.604610
58726.461484 20.244005 0.336953    32     9 c    0     1.55 347.80127 -1.00297  4258.79 9494.61 2.55 2.47  17.6 -0.406    19.71 21.58 02a58726o0503c       0   16.022268
58730.528099 19.674510 0.221579    52    10 c    0     0.87 347.80127 -1.00297  3934.36 3271.30 2.50 2.32  53.8 -0.404    19.66 21.38 02a58730o0645c       0   16.604610
58730.532058 20.103715 0.230308    36     7 c    0     1.75 347.80127 -1.00297  3913.96 3232.52 2.54 2.31  46.4 -0.402    19.67 21.37 02a58730o0653c       0   14.990433
58730.537619 20.039830 0.310210    38    10 c    0     0.88 347.80127 -1.00297  3971.79 3310.27 2.76 2.57  53.1 -0.393    19.56 21.34 02a58730o0664c       0   16.604610
58730.550006 20.071303 0.287401    37     9 c    0     1.24 347.80127 -1.00297  3993.89 3193.60 2.46 2.40 -89.6 -0.399    19.57 21.31 02a58730o0690c       0   16.022268
58750.395455 19.816329      NaN    22     8 c    0     1.33 347.80127 -1.00297  2070.78 5779.26 2.46 2.35  43.4 -0.410    19.71 21.58 02a58750o0381c       0   15.482670
58750.402877 20.009244      NaN    15     8 c    0     1.15 347.80127 -1.00297  2048.78 5739.87 2.45 2.33  43.6 -0.409    19.69 21.57 02a58750o0395c       0   15.482670
58750.406038 20.594452      NaN    -7     7 c    0     1.46 347.80127 -1.00297  2106.71 5817.86 2.44 2.29  42.8 -0.408    19.73 21.58 02a58750o0401c       0   14.990433
58750.417535 20.171596      NaN    13     7 c    0     1.92 347.80127 -1.00297  2123.79 5702.92 2.51 2.31  44.2 -0.403    19.66 21.59 02a58750o0423c       0   14.990433
58778.336910 20.321591      NaN     0     9 c    0     1.25 347.80127 -1.00297  6237.69 1230.70 2.46 2.22 -60.2 -0.409    19.62 21.38 02a58778o0259c       0   16.022268
58778.340984 20.449472      NaN   -14     8 c    0     1.21 347.80127 -1.00297  6215.65 1189.57 2.43 2.22 -62.4 -0.415    19.72 21.45 02a58778o0267c       0   15.482670
58778.346643 20.207197      NaN   -14    10 c    0     0.88 347.80127 -1.00297  6273.68 1269.45 2.48 2.21 -59.1 -0.411    19.66 21.38 02a58778o0279c       0   16.604610
58778.359950 20.137125      NaN     5    10 c    0     0.79 347.80127 -1.00297  6293.54 1150.41 2.49 2.20 -59.5 -0.412    19.64 21.35 02a58778o0307c       0   16.604610
58782.330861 18.280067      NaN    -9    59 c    0     0.86 347.80127 -1.00297  6239.29 1225.01 2.54 2.34 -62.6 -0.401    17.68 19.05 02a58782o0274c       0   60.470762
58782.333663 18.317510      NaN   -43    57 c    0     0.72 347.80127 -1.00297  6219.77 1186.07 2.50 2.31 -61.5 -0.399    17.81 19.17 02a58782o0280c       0   58.521048
58782.340785 18.558199      NaN    23    39 c    0     1.05 347.80127 -1.00297  6276.51 1265.24 2.47 2.27 -66.2 -0.395    18.15 19.59 02a58782o0295c       0   41.191177
58782.350551 18.786693      NaN   -17    37 c    0     0.82 347.80127 -1.00297  6294.81 1146.94 2.43 2.26 -66.6 -0.396    18.18 19.60 02a58782o0316c       0   39.302838
58814.275538 19.529530      NaN    23    12 c    0     0.65 347.80127 -1.00297  4305.90 1322.13 2.52 2.28 -59.2 -0.414    19.54 21.37 02a58814o0118c       0   17.880522
58814.278848 19.719755      NaN    26     8 c    0     1.40 347.80127 -1.00297  4286.32 1283.88 2.54 2.28 -59.7 -0.415    19.67 21.53 02a58814o0125c       0   15.482670
58814.284918 20.321591      NaN     6     8 c    0     1.31 347.80127 -1.00297  4344.42 1362.14 2.91 2.65 -59.9 -0.395    19.63 21.57 02a58814o0138c       0   15.482670
58814.295176 20.207197      NaN     0    10 c    0     0.94 347.80127 -1.00297  4364.58 1246.48 2.57 2.30 -57.4 -0.419    19.67 21.53 02a58814o0160c       0   16.604610
58818.292687 16.105993      NaN   309   335 c    0     1.18 347.80127 -1.00297  4008.22 5684.02 2.56 2.41 -62.4 -0.398    15.50 16.83 02a58818o0234c 8388610  335.262156
58818.302945 15.134753      NaN -1133  1069 c    0     0.84 347.80127 -1.00297  4046.90 5720.84 2.63 2.50 -60.5 -0.397    14.52 15.89 02a58818o0256c 8388610 1069.082183
58818.312742 17.045152      NaN   -96   184 c    0     0.93 347.80127 -1.00297  4066.87 5607.01 2.49 2.41 -62.0 -0.397    16.33 17.74 02a58818o0277c 8388610  184.476863
58846.208283 19.894850      NaN     7    12 c    0     1.05 347.80127 -1.00297  4097.51 7623.47 2.50 2.35  46.7 -0.390    19.42 20.78 02a58846o0049c       0   17.880522
58846.211531 20.039830      NaN     5    11 c    0     1.22 347.80127 -1.00297  4078.40 7584.58 2.47 2.33  49.8 -0.390    19.48 20.91 02a58846o0056c       0   17.225361
58846.217047 20.321591      NaN    -1     9 c    0     1.17 347.80127 -1.00297  4136.40 7661.79 2.44 2.34  54.9 -0.397    19.56 20.99 02a58846o0068c       0   16.022268
58846.228177 20.207197      NaN   -18    10 c    0     1.10 347.80127 -1.00297  4155.82 7545.48 2.53 2.38  51.3 -0.391    19.48 21.01 02a58846o0092c       0   16.604610
58874.213387 18.550302      NaN     3    46 c    0     1.37 347.80127 -1.00297  5937.94 5592.13 2.74 2.39  44.9 -0.381    17.95 18.92 02a58874o0035c       0   47.871840
58874.217051 19.128787      NaN     2    27 c    0     0.94 347.80127 -1.00297  5918.09 5553.17 2.75 2.36  42.9 -0.376    18.52 19.55 02a58874o0043c       0   30.078449
58874.222565 19.569016      NaN   -25    18 c    0     1.18 347.80127 -1.00297  5976.10 5629.71 2.60 2.41  49.2 -0.389    18.79 20.00 02a58874o0055c       0   22.354263
58874.232848 19.197966      NaN    19    20 c    0     1.00 347.80127 -1.00297  5993.62 5512.53 2.64 2.38  41.3 -0.384    18.86 20.12 02a58874o0077c       0   23.994021
58990.590085 20.103715      NaN    -3    11 c    0     1.20 347.80127 -1.00297 10367.76 2740.29 2.61 2.48 -18.0 -0.411    19.45 21.10 02a58990o0764c       0   17.225361
58990.592379 20.207197      NaN    -1    10 c    0     1.24 347.80127 -1.00297   217.58 2737.13 2.45 2.37  39.6 -0.390    19.42 20.98 02a58990o0769c       0   16.604610
58990.597552 20.321591      NaN    13     9 c    0     1.21 347.80127 -1.00297   236.87 2775.51 2.39 2.31  42.0 -0.401    19.47 21.00 02a58990o0780c       0   16.022268
58990.599838 20.321591      NaN   -15     9 c    0     1.17 347.80127 -1.00297 10382.67 2779.24 2.50 2.38 -38.4 -0.414    19.55 21.11 02a58990o0785c       0   16.022268
58990.604020 20.207197      NaN     8    10 c    0     1.37 347.80127 -1.00297 10323.93 2701.52 2.54 2.43 -45.1 -0.413    19.47 21.02 02a58990o0794c       0   16.604610
58990.615069 19.922338      NaN     0    13 c    0     1.39 347.80127 -1.00297   174.08 2695.03 2.49 2.42 -59.3 -0.388    18.96 20.03 02a58990o0818c       0   18.566450
58990.620138 19.128787      NaN     9    27 c    0     1.46 347.80127 -1.00297 10303.36 2818.15 2.57 2.39 -53.7 -0.407    18.46 19.18 02a58990o0829c       0   30.078449
58998.574575 19.454622      NaN   -36    20 c    0     0.61 347.80127 -1.00297 10518.30 7117.16 2.69 2.50  24.8 -0.407    19.66 21.39 02a58998o0718c       0   23.994021
58998.575490 20.594452      NaN     0     7 c    0     1.43 347.80127 -1.00297   222.64 7109.68 2.34 2.22 -33.0 -0.375    19.57 21.28 02a58998o0720c       0   14.990433
58998.579185 20.321591      NaN    -2     9 c    0     0.85 347.80127 -1.00297   241.01 7148.47 2.38 2.21 -29.4 -0.382    19.58 21.29 02a58998o0728c       0   16.022268
58998.595444 20.103715      NaN     4    11 c    0     1.25 347.80127 -1.00297 10470.45 7079.67 2.63 2.58  45.0 -0.396    19.58 21.32 02a58998o0763c       0   17.225361
58998.597301 20.449472      NaN    15     8 c    0     1.45 347.80127 -1.00297   173.43 7071.34 2.63 2.35  14.5 -0.353    19.39 21.13 02a58998o0767c       0   15.482670
58998.606476 19.950541      NaN    27    11 c    0     1.26 347.80127 -1.00297 10449.05 7196.58 2.79 2.51  31.8 -0.395    19.44 21.07 02a58998o0787c       0   17.225361
58998.607903 20.207197      NaN    13    10 c    0     1.57 347.80127 -1.00297   153.55 7187.50 2.42 2.22 -39.5 -0.372    19.30 20.73 02a58998o0790c       0   16.604610
59002.583317 20.321591      NaN     2     9 c    0     1.13 347.80127 -1.00297  8563.79 7204.79 2.62 2.48  36.1 -0.395    19.66 21.35 02a59002o0705c       0   16.022268
59002.602458 20.449472      NaN    -1     8 c    0     1.65 347.80127 -1.00297  8583.25 7242.80 2.61 2.43  27.0 -0.398    19.64 21.29 02a59002o0745c       0   15.482670
59002.606990 20.207197      NaN   -27    10 c    0     1.48 347.80127 -1.00297  8523.87 7166.75 2.67 2.41  39.6 -0.390    19.58 21.08 02a59002o0754c       0   16.604610
59002.612102 19.922338      NaN     2    13 c    0     1.41 347.80127 -1.00297  8504.38 7283.62 2.70 2.49  35.8 -0.390    19.29 20.48 02a59002o0765c       0   18.566450
59022.557023 20.207197      NaN    -2    10 c    0     1.12 347.80127 -1.00297  6564.35 4881.92 2.57 2.27  39.2 -0.398    19.55 21.41 02a59022o0675c       0   16.604610
59022.560712 20.207197      NaN    12    10 c    0     0.87 347.80127 -1.00297  6583.48 4920.93 2.56 2.27  34.8 -0.400    19.53 21.36 02a59022o0683c       0   16.604610
59022.566223 20.207197      NaN   -11    10 c    0     1.23 347.80127 -1.00297  6524.72 4843.70 2.60 2.29  31.5 -0.400    19.28 21.10 02a59022o0695c       0   16.604610
59022.580090 19.271854      NaN    33    20 c    0     1.14 347.80127 -1.00297  6504.39 4961.79 2.49 2.30  40.7 -0.399    18.75 20.44 02a59022o0725c       0   23.994021
59030.533708 20.009244      NaN    28    10 c    0     1.28 347.80127 -1.00297  8326.68  891.82 2.47 2.17 -61.6 -0.407    19.71 21.46 02a59030o0615c       0   16.604610
59030.536480 20.207197      NaN    14    10 c    0     0.73 347.80127 -1.00297  8346.05  932.82 2.51 2.22 -59.3 -0.410    19.68 21.48 02a59030o0621c       0   16.604610
59030.539238 20.449472      NaN    -9     8 c    0     1.43 347.80127 -1.00297  8287.06  854.50 2.45 2.19 -55.9 -0.408    19.69 21.50 02a59030o0627c       0   15.482670
59030.549891 20.321591      NaN   -22     9 c    0     1.64 347.80127 -1.00297  8266.17  972.53 2.47 2.18 -56.0 -0.408    19.69 21.50 02a59030o0650c       0   16.022268
59050.522325 20.449472      NaN     4     8 c    0     1.24 347.80127 -1.00297 10189.34 9069.66 2.85 2.73 -68.4 -0.378    19.75 21.83 02a59050o0604c       0   15.482670
59050.530625 20.594452      NaN    -4     7 c    0     1.26 347.80127 -1.00297 10207.72 9110.49 2.79 2.70 -83.1 -0.379    19.75 21.83 02a59050o0621c       0   14.990433
59050.533862 20.594452      NaN   -16     7 c    0     1.64 347.80127 -1.00297 10149.65 9033.40 2.80 2.66 -66.9 -0.381    19.76 21.84 02a59050o0628c       0   14.990433
59050.539358 20.594452      NaN     1     7 c    0     1.56 347.80127 -1.00297 10131.10 9148.87 2.79 2.65 -68.7 -0.377    19.78 21.84 02a59050o0640c       0   14.990433
59050.539815 17.729132      NaN    18    98 c    0     0.07 347.80127 -1.00297    34.81 9097.37 2.52 2.02 -49.3 -0.433    19.75 21.82 02a59050o0641c       2   98.892432
59058.490218 20.449472      NaN     8     8 c    0     1.76 347.80127 -1.00297 10475.07 4686.17 2.69 2.64 -22.8 -0.412    19.65 21.70 02a59058o0530c       0   15.482670
59058.493419 20.009244      NaN    17    12 c    0     0.93 347.80127 -1.00297 10495.47 4724.27 2.59 2.54 -35.3 -0.419    19.71 21.70 02a59058o0537c       0   17.880522
59058.496628 20.449472      NaN    18     8 c    0     1.32 347.80127 -1.00297 10436.70 4648.06 2.76 2.70  -1.6 -0.398    19.61 21.69 02a59058o0544c       0   15.482670
59058.497091 20.321591      NaN     9     9 c    0     0.85 347.80127 -1.00297   334.67 4674.15 2.61 2.55 -27.6 -0.363    19.68 21.68 02a59058o0545c       0   16.022268
59058.498919 20.594452      NaN    11     7 c    0     1.79 347.80127 -1.00297   353.77 4714.42 2.63 2.54  14.9 -0.361    19.61 21.67 02a59058o0549c       0   14.990433
59058.502671 20.449472      NaN    10     8 c    0     0.93 347.80127 -1.00297   295.16 4636.54 2.62 2.55  -8.7 -0.369    19.61 21.67 02a59058o0557c       0   15.482670
59058.503137 20.321591      NaN    15     9 c    0     1.01 347.80127 -1.00297 10417.20 4766.71 2.73 2.68  -7.4 -0.406    19.65 21.69 02a59058o0558c       0   16.022268
59058.508728 20.449472      NaN     5     8 c    0     1.49 347.80127 -1.00297   276.49 4755.10 2.64 2.58 -21.3 -0.368    19.60 21.66 02a59058o0570c       0   15.482670
59078.453090 20.449472      NaN    -9     8 c    0     1.16 347.80127 -1.00297  4647.06 4967.51 2.43 2.28  29.4 -0.400    19.75 21.74 02a59078o0481c       0   15.482670
59078.466967 20.449472      NaN    -6     8 c    0     1.36 347.80127 -1.00297  4663.36 5007.51 2.46 2.24  33.5 -0.400    19.71 21.70 02a59078o0510c       0   15.482670
59078.470185 20.321591      NaN   -24     9 c    0     0.94 347.80127 -1.00297  4605.93 4930.52 2.55 2.36  32.2 -0.396    19.67 21.69 02a59078o0517c       0   16.022268
59078.472935 20.449472      NaN     4     8 c    0     1.03 347.80127 -1.00297  4587.36 5046.28 2.40 2.25  30.6 -0.399    19.70 21.69 02a59078o0523c       0   15.482670
59082.439140 20.449472      NaN     7     8 c    0     0.93 347.80127 -1.00297  4700.87 7385.29 2.45 2.29  26.4 -0.405    19.72 21.68 02a59082o0457c       0   15.482670
59082.440972 20.321591      NaN     7     9 c    0     0.81 347.80127 -1.00297  4720.22 7423.89 2.40 2.32  29.1 -0.411    19.72 21.68 02a59082o0461c       0   16.022268
59082.444644 20.449472      NaN     9     8 c    0     1.68 347.80127 -1.00297  4662.74 7346.83 2.42 2.30  17.1 -0.408    19.76 21.68 02a59082o0469c       0   15.482670
59082.449688 20.321591      NaN    -5     9 c    0     0.98 347.80127 -1.00297  4642.64 7463.40 2.38 2.31  14.2 -0.409    19.71 21.65 02a59082o0480c       0   16.022268
59086.532978 20.449472      NaN     5     8 c    0     1.30 347.80127 -1.00297  5868.51 3174.85 2.60 2.43 -63.1 -0.392    19.61 21.61 02a59086o0119c       0   15.482670
59086.536675 20.594452      NaN     1     7 c    0     1.34 347.80127 -1.00297  5848.03 3133.65 2.41 2.23 -65.0 -0.405    19.65 21.60 02a59086o0127c       0   14.990433
59086.543147 20.449472      NaN    -7     8 c    0     1.13 347.80127 -1.00297  5907.63 3212.31 2.42 2.18 -59.7 -0.403    19.68 21.59 02a59086o0141c       0   15.482670
59086.553275 20.449472      NaN    -2     8 c    0     0.87 347.80127 -1.00297  5928.53 3099.06 2.38 2.16 -60.8 -0.407    19.68 21.56 02a59086o0163c       0   15.482670
59105.347533 20.321591      NaN    -1     9 c    0     1.38 347.80127 -1.00297  1977.84 8947.22 2.39 2.21 -42.5 -0.423    19.68 21.58 02a59105o0294c       0   16.022268
59105.375826 20.207197      NaN   -13    10 c    0     1.00 347.80127 -1.00297  1996.78 8988.85 2.48 2.20 -47.0 -0.424    19.67 21.63 02a59105o0354c       0   16.604610
59105.379027 20.449472      NaN     4     8 c    0     1.25 347.80127 -1.00297  1940.04 8909.71 2.43 2.12 -48.2 -0.434    19.74 21.63 02a59105o0361c       0   15.482670
59105.384514 20.321591      NaN    -4     9 c    0     1.28 347.80127 -1.00297  1921.23 9026.56 2.35 2.16 -43.8 -0.433    19.72 21.63 02a59105o0373c       0   16.022268
59106.429911 20.449472      NaN    -9     8 c    0     1.30 347.80127 -1.00297  8386.07 7913.66 2.83 2.53  44.7 -0.393    19.67 21.63 02a59106o0474c       0   15.482670
59106.435097 20.207197      NaN    -1    10 c    0     1.25 347.80127 -1.00297  8365.73 7876.56 2.89 2.57  44.6 -0.395    19.63 21.63 02a59106o0485c       0   16.604610
59106.439302 20.321591      NaN    14     9 c    0     1.29 347.80127 -1.00297  8424.14 7953.29 2.88 2.57  46.7 -0.386    19.62 21.63 02a59106o0494c       0   16.022268
59106.449288 20.449472      NaN   -13     8 c    0     1.65 347.80127 -1.00297  8443.46 7840.81 2.82 2.55  48.3 -0.391    19.66 21.63 02a59106o0515c       0   15.482670
59110.427415 20.207197      NaN   -14    10 c    0     0.93 347.80127 -1.00297  8385.72 7917.18 3.02 2.55  41.9 -0.383    19.60 21.52 02a59110o0471c       0   16.604610
59110.430813 20.207197      NaN    17    10 c    0     1.06 347.80127 -1.00297  8363.31 7877.00 2.97 2.54  43.0 -0.387    19.61 21.50 02a59110o0478c       0   16.604610
59110.463999 20.103715      NaN    -4    11 c    0     1.12 347.80127 -1.00297  8417.99 7960.25 2.97 2.61  45.2 -0.381    19.57 21.49 02a59110o0549c       0   17.225361
59110.492511 20.103715      NaN    10    11 c    0     0.70 347.80127 -1.00297  8437.96 7845.16 2.89 2.52  41.9 -0.386    19.61 21.41 02a59110o0610c       0   17.225361
59114.402079 20.207197      NaN    17    10 c    0     1.14 347.80127 -1.00297  8384.63 3552.24 2.63 2.50  47.9 -0.382    19.54 21.28 02a59114o0421c       0   16.604610
59114.406266 20.321591      NaN     1     9 c    0     1.69 347.80127 -1.00297  8365.88 3514.04 2.64 2.51  45.0 -0.381    19.55 21.27 02a59114o0430c       0   16.022268
59114.413250 20.321591      NaN     5     9 c    0     1.27 347.80127 -1.00297  8424.44 3592.06 2.65 2.50  46.9 -0.380    19.52 21.28 02a59114o0445c       0   16.022268
59114.424790 20.207197      NaN    -5    10 c    0     1.27 347.80127 -1.00297  8446.26 3479.32 2.58 2.50  55.4 -0.384    19.57 21.33 02a59114o0469c       0   16.604610
59138.372595 20.207197      NaN     2    10 c    0     1.14 347.80127 -1.00297   264.77 9780.92 2.29 2.13 -50.0 -0.481    19.62 21.37 02a59138o0395c       0   16.604610
59138.376314 20.449472      NaN   -19     8 c    0     1.20 347.80127 -1.00297   245.26 9738.80 2.29 2.13 -53.3 -0.471    19.67 21.46 02a59138o0403c       0   15.482670
59138.381463 20.321591      NaN    -2     9 c    0     1.40 347.80127 -1.00297   305.50 9819.35 2.33 2.11 -52.0 -0.471    19.64 21.44 02a59138o0414c       0   16.022268
59138.385183 20.207197      NaN   -26    10 c    0     1.10 347.80127 -1.00297 10455.92 9800.10 2.78 2.71 -76.5 -0.380    19.68 21.46 02a59138o0422c       0   16.604610
59138.390688 20.207197      NaN   -20    10 c    0     1.14 347.80127 -1.00297 10435.89 9760.84 2.76 2.70  49.4 -0.379    19.64 21.44 02a59138o0434c       0   16.604610
59138.394347 20.009244      NaN   -15    12 c    0     1.76 347.80127 -1.00297 10495.97 9838.88 2.76 2.70 -68.3 -0.386    19.63 21.43 02a59138o0442c       0   17.880522
59138.394804 20.321591      NaN    12     9 c    0     1.61 347.80127 -1.00297   326.75 9700.15 2.33 2.14 -56.7 -0.466    19.62 21.42 02a59138o0443c       0   16.022268
59138.406318 19.841877      NaN   -27    14 c    0     1.30 347.80127 -1.00297 10513.92 9718.38 2.86 2.69 -57.4 -0.388    19.67 21.50 02a59138o0468c       0   19.279862
59142.322954 20.321591      NaN     7     9 c    0     1.38 347.80127 -1.00297   270.76 9776.26 2.39 2.16 -42.1 -0.478    19.69 21.51 02a59142o0293c       0   16.022268
59142.326213 20.207197      NaN    18    10 c    0     1.49 347.80127 -1.00297   251.45 9737.10 2.33 2.12 -39.9 -0.488    19.72 21.50 02a59142o0300c       0   16.604610
59142.332643 20.103715      NaN     5    11 c    0     1.11 347.80127 -1.00297   305.21 9813.75 2.49 2.24 -44.9 -0.450    19.66 21.51 02a59142o0314c       0   17.225361
59142.334936 20.207197      NaN   -13    10 c    0     1.14 347.80127 -1.00297 10456.18 9791.08 3.00 2.93 -65.8 -0.368    19.66 21.52 02a59142o0319c       0   16.604610
59142.367048 20.207197      NaN    -1    10 c    0     0.94 347.80127 -1.00297   327.35 9699.32 2.32 2.18 -45.5 -0.460    19.72 21.49 02a59142o0388c       0   16.604610
59142.368432 20.207197      NaN     6    10 c    0     0.92 347.80127 -1.00297 10435.06 9757.74 2.82 2.73  84.9 -0.383    19.70 21.51 02a59142o0391c       0   16.604610
59142.371654 19.922338      NaN   -16    13 c    0     1.03 347.80127 -1.00297 10498.41 9837.17 2.87 2.81 -74.4 -0.380    19.68 21.50 02a59142o0398c       0   18.566450
59142.378997 19.766969      NaN   -18    15 c    0     0.87 347.80127 -1.00297 10518.32 9720.16 2.91 2.82 -85.6 -0.370    19.68 21.50 02a59142o0414c       0   20.017819
59170.284755 20.321591      NaN    -2     9 c    0     1.27 347.80127 -1.00297  6030.53 7530.97 2.47 2.32  50.6 -0.415    19.67 21.35 02a59170o0150c       0   16.022268
59170.289347 20.449472      NaN    20     8 c    0     1.68 347.80127 -1.00297  6011.16 7492.70 2.52 2.36  51.9 -0.412    19.67 21.37 02a59170o0160c       0   15.482670
59170.295297 20.207197      NaN     3    10 c    0     0.92 347.80127 -1.00297  6069.86 7569.85 2.51 2.37  56.7 -0.415    19.70 21.40 02a59170o0173c       0   16.604610
59170.313185 20.207197      NaN    -8    10 c    0     1.20 347.80127 -1.00297  6091.52 7450.97 2.63 2.46  55.6 -0.399    19.63 21.31 02a59170o0212c       0   16.604610
59190.251054 20.594452      NaN     9     7 c    0     1.37 347.80127 -1.00297   190.95 7819.24 2.36 2.16 -52.1 -0.396    19.69 21.38 02a59190o0088c       0   14.990433
59190.254277 20.321591      NaN     7     9 c    0     1.05 347.80127 -1.00297   171.71 7782.02 2.37 2.19 -55.3 -0.396    19.67 21.39 02a59190o0095c       0   16.022268
59190.255191 20.103715      NaN     8    11 c    0     0.84 347.80127 -1.00297 10344.98 7839.03 2.77 2.58 -60.8 -0.398    19.70 21.44 02a59190o0097c       0   17.225361
59190.258424 20.449472      NaN     0     8 c    0     1.56 347.80127 -1.00297 10325.38 7800.34 2.76 2.59 -63.0 -0.391    19.70 21.44 02a59190o0104c       0   15.482670
59190.262121 20.321591      NaN   -10     9 c    0     1.10 347.80127 -1.00297   231.94 7860.07 2.38 2.16 -55.1 -0.402    19.62 21.39 02a59190o0112c       0   16.022268
59190.264435 20.449472      NaN    -7     8 c    0     1.45 347.80127 -1.00297 10385.11 7876.30 2.85 2.64 -59.8 -0.391    19.67 21.43 02a59190o0117c       0   15.482670
59190.273718 20.594452      NaN    20     7 c    0     1.71 347.80127 -1.00297   254.05 7742.33 2.64 2.35 -54.7 -0.388    19.53 21.34 02a59190o0137c       0   14.990433
59190.274641 20.321591      NaN    -4     9 c    0     1.35 347.80127 -1.00297 10406.14 7761.04 2.90 2.67 -60.2 -0.388    19.64 21.38 02a59190o0139c       0   16.022268
59194.254241 18.757738      NaN -7257    38 c    0   348.97 347.80127 -1.00297    39.82 3444.96 2.43 2.29 -62.1 -0.396    19.65 21.40 02a59194o0153c    4096   40.245659
59194.264373 20.761819      NaN   -33     6 c    0     0.75 347.80127 -1.00297    80.53 3483.85 2.42 2.29 -65.0 -0.388    19.65 21.40 02a59194o0175c       0   14.550363
59194.267142 20.207197      NaN    -2    10 c    0     0.88 347.80127 -1.00297 10337.64 3463.95 2.66 2.33 -54.2 -0.415    19.66 21.46 02a59194o0181c       0   16.604610
59194.271267 20.321591      NaN     4     9 c    0     0.86 347.80127 -1.00297 10321.36 3425.81 2.70 2.36 -53.3 -0.414    19.62 21.46 02a59194o0190c       0   16.022268
59194.278625 20.449472      NaN   -25     8 c    0     1.42 347.80127 -1.00297 10379.73 3503.63 2.75 2.40 -52.2 -0.409    19.64 21.45 02a59194o0206c       0   15.482670
59194.279082 19.922338      NaN     4    13 c    0     0.75 347.80127 -1.00297   102.67 3366.02 2.51 2.30 -62.1 -0.396    19.61 21.39 02a59194o0207c       0   18.566450
59194.293838 20.321591      NaN    -2     9 c    0     1.53 347.80127 -1.00297 10402.53 3385.00 2.93 2.60 -47.5 -0.394    19.56 21.41 02a59194o0239c       0   16.022268
59198.216430 13.338408 0.000971 16796    15 c    0 17233.84 347.80127 -1.00297    42.06 3446.72 2.59 2.24 -55.1 -0.391    19.62 21.22 02a59198o0069c    4096   20.017819
59198.226575 20.321591      NaN   -23     9 c    0     0.73 347.80127 -1.00297    82.33 3485.45 2.57 2.29 -56.3 -0.392    19.63 21.21 02a59198o0091c       0   16.022268
59198.229776 20.321591      NaN    -2     9 c    0     0.81 347.80127 -1.00297 10340.70 3464.92 2.63 2.24 -59.9 -0.424    19.61 21.19 02a59198o0098c       0   16.022268
59198.232986 20.207197      NaN   -15    10 c    0     1.27 347.80127 -1.00297 10322.97 3426.48 2.69 2.29 -59.6 -0.418    19.51 21.14 02a59198o0105c       0   16.604610
59198.237128 19.922338      NaN     3    13 c    0     0.61 347.80127 -1.00297   104.64 3367.88 2.57 2.29 -57.5 -0.398    19.59 21.20 02a59198o0114c       0   18.566450
59198.238961 19.510313      NaN    10    19 c    0     1.36 347.80127 -1.00297 10381.21 3504.15 2.70 2.29 -59.7 -0.429    19.01 20.61 02a59198o0118c       0   23.167069
59198.256901 20.207197      NaN     2    10 c    0     1.18 347.80127 -1.00297 10406.88 3384.60 2.65 2.25 -56.7 -0.421    19.56 21.16 02a59198o0157c       0   16.604610
59200.244610 15.892418      NaN   214   468 c    0     1.17 347.80127 -1.00297  2144.31 2656.99 2.29 2.26  72.9 -0.382    15.59 17.34 01a59200o0019c 8388610  468.187690
59200.265386 15.520992      NaN  -253   749 c    0     0.70 347.80127 -1.00297  2088.05 2733.77 2.52 2.41  36.7 -0.372    15.59 17.52 01a59200o0064c 8388610  749.117289
59218.244377 20.103715      NaN    18    11 c    0     1.07 347.80127 -1.00297  4007.00 5683.88 2.57 2.35  43.8 -0.384    19.35 20.78 02a59218o0085c       0   17.225361
59218.247620 19.922338      NaN    -8    13 c    0     1.02 347.80127 -1.00297  3987.83 5644.77 2.43 2.35  48.8 -0.398    19.37 20.77 02a59218o0092c       0   18.566450
59218.253644 20.009244      NaN   -11    12 c    0     0.89 347.80127 -1.00297  4043.32 5721.94 2.60 2.39  40.9 -0.385    19.32 20.76 02a59218o0105c       0   17.880522
59218.263847 19.922338      NaN     0    13 c    0     1.19 347.80127 -1.00297  4065.56 5605.05 2.56 2.41  45.3 -0.390    19.33 20.74 02a59218o0127c       0   18.566450
59220.201777 19.014394      NaN   -12    30 c    0     1.48 347.80127 -1.00297  6327.41  982.67 2.35 2.24 -40.8 -0.402    18.26 18.87 01a59220o0022c       0   32.798065
59220.205003 19.454622      NaN   -12    20 c    0     1.04 347.80127 -1.00297  6346.97 1020.58 2.36 2.28 -30.7 -0.396    18.87 19.66 01a59220o0029c       0   23.994021
59220.211917 20.009244      NaN     0    12 c    0     0.95 347.80127 -1.00297  6287.77  942.99 2.62 2.30  -3.0 -0.393    19.41 20.67 01a59220o0044c       0   17.880522
59220.222534 20.207197      NaN    -3    10 c    0     1.19 347.80127 -1.00297  6269.48 1060.16 2.55 2.41 -35.6 -0.390    19.49 20.94 01a59220o0067c       0   16.604610
59222.234038 20.009244      NaN     5    12 c    0     1.08 347.80127 -1.00297  3995.57 5683.37 2.41 2.37  69.0 -0.401    19.34 20.81 02a59222o0089c       0   17.880522
59222.237735 20.009244      NaN     3    12 c    0     0.98 347.80127 -1.00297  3976.42 5643.99 2.46 2.39  68.1 -0.396    19.38 20.81 02a59222o0097c       0   17.880522
59222.245057 19.841877      NaN   -16    14 c    0     1.13 347.80127 -1.00297  4035.92 5720.31 2.44 2.40 -77.5 -0.398    19.21 20.60 02a59222o0113c       0   19.279862
59222.255608 19.922338      NaN    11    13 c    0     1.46 347.80127 -1.00297  4055.60 5603.68 2.55 2.46  61.7 -0.387    19.33 20.76 02a59222o0136c       0   18.566450
59224.230890 20.321591      NaN    10     9 c    0     1.11 347.80127 -1.00297  6631.21 7277.79 2.33 2.19  80.9 -0.369    19.50 20.89 01a59224o0018c       0   16.022268
59224.234575 20.207197      NaN    17    10 c    0     1.00 347.80127 -1.00297  6651.62 7317.53 2.33 2.17  87.6 -0.369    19.53 20.89 01a59224o0026c       0   16.604610
59224.240106 20.207197      NaN    17    10 c    0     1.41 347.80127 -1.00297  6592.27 7241.38 2.36 2.31 -89.3 -0.359    19.44 20.88 01a59224o0038c       0   16.604610
59224.252106 20.207197      NaN     1    10 c    0     1.04 347.80127 -1.00297  6571.06 7360.05 2.46 2.30  76.1 -0.378    19.41 20.84 01a59224o0064c       0   16.604610
59226.218803 19.766969      NaN     6    15 c    0     1.24 347.80127 -1.00297  2238.38 9667.29 2.78 2.55 -44.2 -0.431    19.10 20.55 02a59226o0052c       0   20.017819
59226.222018 19.766969      NaN    15    15 c    0     1.26 347.80127 -1.00297  2220.22 9628.26 2.83 2.60 -49.2 -0.427    19.13 20.61 02a59226o0059c       0   20.017819
59226.227990 19.922338      NaN   -15    13 c    0     1.60 347.80127 -1.00297  2277.80 9705.94 2.94 2.69 -49.9 -0.456    19.13 20.63 02a59226o0072c       0   18.566450
59226.238076 19.631075      NaN   -23    17 c    0     0.76 347.80127 -1.00297  2300.59 9586.53 2.62 2.43 -49.7 -0.427    19.17 20.62 02a59226o0094c       0   21.557205
59376.582664 20.594452      NaN     1     7 c    0     1.48 347.80127 -1.00297  5866.97 3163.69 2.53 2.44 -65.6 -0.368    19.75 21.55 01a59376o0742c       0   14.990433
59376.588214 20.449472      NaN    -1     8 c    0     0.78 347.80127 -1.00297  5847.46 3126.11 2.54 2.46 -70.3 -0.366    19.77 21.55 01a59376o0754c       0   15.482670
59376.603419 20.449472      NaN   -10     8 c    0     1.14 347.80127 -1.00297  5907.86 3201.77 2.81 2.75 -84.5 -0.358    19.66 21.48 01a59376o0786c       0   15.482670
59376.608498 20.207197      NaN    15    10 c    0     0.91 347.80127 -1.00297  5926.49 3084.85 2.72 2.63 -78.4 -0.352    19.54 21.16 01a59376o0797c       0   16.604610
59380.545166 20.321591      NaN    10     9 c    0     1.37 347.80127 -1.00297  5862.93 3166.95 2.75 2.61 -82.8 -0.355    19.49 21.28 01a59380o0656c       0   16.022268
59380.548403 20.103715      NaN   -22    11 c    0     0.86 347.80127 -1.00297  5843.71 3127.90 2.61 2.50 -86.9 -0.367    19.43 21.17 01a59380o0663c       0   17.225361
59380.557150 20.207197      NaN     4    10 c    0     0.74 347.80127 -1.00297  5903.90 3206.17 2.74 2.65 -81.2 -0.355    19.62 21.46 01a59380o0682c       0   16.604610
59380.568812 20.321591      NaN     8     9 c    0     0.93 347.80127 -1.00297  5927.02 3090.48 2.66 2.64 -70.2 -0.353    19.66 21.46 01a59380o0707c       0   16.022268
59384.566488 19.696897      NaN     6    16 c    0     1.38 347.80127 -1.00297  8492.03 9861.77 2.42 2.32  81.5 -0.353    18.36 20.05 01a59384o0691c       0   20.777706
59384.572019 19.841877      NaN    -2    14 c    0     0.86 347.80127 -1.00297  8474.45 9824.26 2.41 2.39  82.3 -0.353    19.16 20.85 01a59384o0703c       0   19.279862
59384.595816 20.103715      NaN    -9    11 c    0     1.16 347.80127 -1.00297  8537.43 9899.86 2.41 2.36 -87.2 -0.354    19.40 21.10 01a59384o0752c       0   17.225361
59384.604661 17.063000      NaN    19   181 c    0     1.04 347.80127 -1.00297  8557.47 9780.85 2.40 2.38  56.5 -0.351    17.68 19.25 01a59384o0771c       2  181.484746
59402.541287 20.207197      NaN    -8    10 c    0     0.93 347.80127 -1.00297  8581.32 7212.17 2.59 2.49  49.9 -0.398    19.68 21.52 02a59402o0645c       0   16.604610
59402.543115 20.321591      NaN     3     9 c    0     1.04 347.80127 -1.00297  8600.50 7251.62 2.57 2.47  48.5 -0.402    19.73 21.53 02a59402o0649c       0   16.022268
59402.545879 20.449472      NaN    -6     8 c    0     1.22 347.80127 -1.00297  8540.19 7173.27 2.57 2.45  37.6 -0.398    19.74 21.54 02a59402o0655c       0   15.482670
59402.564603 20.449472      NaN   -20     8 c    0     1.13 347.80127 -1.00297  8519.42 7292.86 2.59 2.49  45.8 -0.398    19.72 21.60 02a59402o0694c       0   15.482670
59406.515233 19.766969      NaN   -15    15 c    0     1.37 347.80127 -1.00297  8579.89 7210.13 2.54 2.42  44.3 -0.403    19.08 20.83 02a59406o0587c       0   20.017819
59406.517077 19.841877      NaN    -4    14 c    0     1.05 347.80127 -1.00297  8598.70 7249.48 2.56 2.45  44.7 -0.398    19.25 21.04 02a59406o0591c       0   19.279862
59406.522577 19.510313      NaN    21    19 c    0     0.83 347.80127 -1.00297  8538.92 7171.61 2.54 2.41  40.3 -0.400    18.70 20.40 02a59406o0603c       0   23.167069
59406.527621 17.473643      NaN     4   124 c    0     1.11 347.80127 -1.00297  8519.23 7288.92 2.57 2.39  38.3 -0.448    17.15 18.74 02a59406o0614c       2  124.706508
59414.509951 20.103715      NaN    -5    11 c    0     0.97 347.80127 -1.00297  6285.05 9247.71 2.80 2.79  89.9 -0.389    19.55 21.47 02a59414o0572c       0   17.225361
59414.513188 20.321591      NaN    -3     9 c    0     1.04 347.80127 -1.00297  6303.35 9289.01 2.78 2.72  34.0 -0.388    19.58 21.49 02a59414o0579c       0   16.022268
59414.518696 20.321591      NaN     5     9 c    0     1.75 347.80127 -1.00297  6245.19 9209.23 2.70 2.68  80.1 -0.397    19.59 21.49 02a59414o0591c       0   16.022268
59414.523727 20.103715      NaN   -17    11 c    0     0.87 347.80127 -1.00297  6226.65 9326.10 2.87 2.84 -41.4 -0.395    19.53 21.49 02a59414o0602c       0   17.225361
59432.490615 20.594452      NaN    -3     7 c    0     1.25 347.80127 -1.00297   282.23 9780.64 2.37 2.15 -49.2 -0.413    19.83 21.76 01a59432o0556c       0   14.990433
59432.492459 20.594452      NaN    -9     7 c    0     1.06 347.80127 -1.00297   263.61 9742.13 2.41 2.22 -49.7 -0.406    19.84 21.77 01a59432o0560c       0   14.990433
59432.495224 20.449472      NaN     6     8 c    0     1.30 347.80127 -1.00297   322.28 9819.89 2.36 2.13 -48.5 -0.411    19.87 21.76 01a59432o0566c       0   15.482670
59432.497529 20.594452      NaN   -13     7 c    0     1.35 347.80127 -1.00297 10459.54 9765.70 2.73 2.56  30.6 -0.346    19.81 21.75 01a59432o0571c       0   14.990433
59432.499382 20.449472      NaN    -8     8 c    0     0.92 347.80127 -1.00297 10439.05 9725.29 2.84 2.61  14.3 -0.344    19.82 21.75 01a59432o0575c       0   15.482670
59432.500765 20.594452      NaN    -4     7 c    0     1.22 347.80127 -1.00297   343.40 9701.90 2.35 2.10 -56.6 -0.413    19.86 21.76 01a59432o0578c       0   14.990433
59432.507747 20.103715      NaN    -1    11 c    0     1.07 347.80127 -1.00297 10500.77 9805.16 2.88 2.57  22.3 -0.355    19.82 21.76 01a59432o0593c       0   17.225361
59432.517973 20.103715      NaN     4    11 c    0     1.24 347.80127 -1.00297 10520.35 9685.23 2.72 2.50  59.6 -0.352    19.87 21.77 01a59432o0614c       0   17.225361
59436.473995 20.761819      NaN     5     6 c    0     1.61 347.80127 -1.00297   284.59 9784.30 2.18 1.87 -66.0 -0.430    19.94 21.82 01a59436o0508c       0   14.550363
59436.475839 20.761819      NaN     4     6 c    0     1.30 347.80127 -1.00297   266.13 9745.93 2.24 1.92 -62.9 -0.423    19.95 21.82 01a59436o0512c       0   14.550363
59436.479529 20.594452      NaN     5     7 c    0     1.07 347.80127 -1.00297 10460.03 9770.06 2.48 2.32  61.3 -0.367    19.94 21.81 01a59436o0520c       0   14.990433
59436.480450 20.594452      NaN    -2     7 c    0     1.43 347.80127 -1.00297   324.67 9823.80 2.14 1.86 -62.4 -0.435    20.00 21.82 01a59436o0522c       0   14.990433
59436.481375 20.594452      NaN     4     7 c    0     1.42 347.80127 -1.00297 10440.35 9730.07 2.46 2.29  54.1 -0.373    19.98 21.82 01a59436o0524c       0   14.990433
59436.491542 20.321591      NaN   -14     9 c    0     1.60 347.80127 -1.00297 10503.58 9808.62 2.55 2.38  59.0 -0.367    19.89 21.84 01a59436o0545c       0   16.022268
59436.492461 20.761819      NaN     7     6 c    0     1.22 347.80127 -1.00297   347.73 9706.07 2.20 1.93 -59.2 -0.429    19.93 21.85 01a59436o0547c       0   14.550363
59436.496664 20.207197      NaN     4    10 c    0     1.41 347.80127 -1.00297 10521.67 9690.38 2.47 2.33  61.9 -0.366    19.98 21.83 01a59436o0556c       0   16.604610
59440.468205 20.449472      NaN     5     8 c    0     1.21 347.80127 -1.00297  2059.07 5782.54 3.48 2.69  -4.9 -0.346    19.59 21.81 01a59440o0513c       0   15.482670
59440.470052 20.543943      NaN    23     7 c    0     1.51 347.80127 -1.00297  2039.79 5744.02 2.72 2.57 -48.5 -0.378    19.74 21.81 01a59440o0517c       0   14.990433
59440.505214 20.449472      NaN    -1     8 c    0     0.88 347.80127 -1.00297  2098.04 5820.15 2.81 2.60 -49.3 -0.385    19.72 21.82 01a59440o0591c       0   15.482670
59440.527806 20.449472      NaN     8     8 c    0     1.41 347.80127 -1.00297  8427.31 4847.41 3.49 2.94  -9.4 -0.370    19.56 21.81 01a59440o0639c       0   15.482670
59458.447396 17.774377      NaN   -78    94 c    0     1.03 347.80127 -1.00297   101.66 5859.22 2.27 2.18 -23.1 -0.426    16.78 18.50 02a59458o0492c       2   94.930043
59458.452846 14.386758      NaN  -840  2129 c    0     1.20 347.80127 -1.00297    83.01 5822.06 2.42 2.26  -5.1 -0.410    15.23 16.81 02a59458o0503c       2 2129.041266
59458.456786 19.351140      NaN   -35    22 c    0     1.44 347.80127 -1.00297   141.07 5901.54 2.33 2.19 -22.0 -0.390    17.64 19.30 02a59458o0511c    8192   25.684880
59462.397007 19.894850      NaN    29    11 c    0     1.18 347.80127 -1.00297 10483.94 4696.61 2.60 2.48 -50.2 -0.413    19.70 21.55 02a59462o0300c       0   17.225361
59462.398837 20.009244      NaN    12    12 c    0     1.03 347.80127 -1.00297 10503.72 4735.72 2.62 2.49 -55.3 -0.413    19.68 21.55 02a59462o0304c       0   17.880522
59462.401586 20.594452      NaN    12     7 c    0     1.36 347.80127 -1.00297 10445.29 4658.43 2.55 2.45 -60.4 -0.420    19.68 21.54 02a59462o0310c       0   14.990433
59462.403872 20.449472      NaN     6     8 c    0     0.85 347.80127 -1.00297   342.71 4684.77 2.49 2.33 -45.3 -0.383    19.67 21.53 02a59462o0315c       0   15.482670
59462.436518 20.449472      NaN     2     8 c    0     1.31 347.80127 -1.00297   160.45 5783.73 2.38 2.31 -41.3 -0.389    19.68 21.54 02a59462o0385c       0   15.482670
59462.439540 20.321591      NaN   -10     9 c    0     1.47 347.80127 -1.00297 10222.64 5834.66 2.65 2.61 -77.5 -0.414    19.63 21.53 02a59462o0391c       0   16.022268
59462.442532 20.321591      NaN    10     9 c    0     1.04 347.80127 -1.00297   309.69 4645.55 2.51 2.32 -52.5 -0.379    19.66 21.55 02a59462o0397c       0   16.022268
59462.445287 20.594452      NaN     3     7 c    0     1.27 347.80127 -1.00297   290.54 4764.01 2.49 2.31 -51.6 -0.379    19.67 21.55 02a59462o0403c       0   14.990433
59466.398700 20.449472      NaN    -1     8 c    0     1.03 347.80127 -1.00297  4453.63 1093.68 2.36 2.20 -64.2 -0.424    19.69 21.45 02a59466o0397c       0   15.482670
59466.400529 20.321591      NaN     8     9 c    0     1.18 347.80127 -1.00297  4472.73 1133.78 2.34 2.20 -63.2 -0.420    19.67 21.46 02a59466o0401c       0   16.022268
59466.425640 20.207197      NaN   -12    10 c    0     1.01 347.80127 -1.00297  4417.85 1056.19 2.39 2.26 -58.7 -0.418    19.57 21.38 02a59466o0454c       0   16.604610
59466.428394 20.207197      NaN    -2    10 c    0     0.94 347.80127 -1.00297  4399.49 1174.88 2.39 2.29 -60.3 -0.416    19.53 21.29 02a59466o0460c       0   16.604610
59470.389605 20.449472      NaN    -2     8 c    0     0.97 347.80127 -1.00297  4454.06 1090.51 2.38 2.22 -65.3 -0.418    19.67 21.45 02a59470o0379c       0   15.482670
59470.391433 20.449472      NaN    -1     8 c    0     1.03 347.80127 -1.00297  4473.26 1129.96 2.36 2.19 -65.4 -0.420    19.70 21.45 02a59470o0383c       0   15.482670
59470.395112 20.449472      NaN    -3     8 c    0     1.15 347.80127 -1.00297  4415.76 1051.90 2.40 2.22 -63.2 -0.423    19.68 21.45 02a59470o0391c       0   15.482670
59470.402459 20.449472      NaN   -10     8 c    0     1.30 347.80127 -1.00297  4397.67 1169.02 2.34 2.20 -64.2 -0.425    19.70 21.45 02a59470o0407c       0   15.482670
59518.330525 20.321591      NaN    14     9 c    0     1.09 347.80127 -1.00297  8374.09 3554.98 2.42 2.30 -79.2 -0.389    19.70 21.50 02a59518o0317c       0   16.022268
59518.333727 20.449472      NaN     6     8 c    0     1.14 347.80127 -1.00297  8355.11 3516.23 2.43 2.30 -85.1 -0.390    19.69 21.51 02a59518o0324c       0   15.482670
59518.341076 20.449472      NaN    -6     8 c    0     1.11 347.80127 -1.00297  8412.17 3593.79 2.42 2.30 -78.2 -0.393    19.73 21.53 02a59518o0340c       0   15.482670
59518.353970 20.594452      NaN    13     7 c    0     1.72 347.80127 -1.00297  8432.84 3479.96 2.43 2.29 -67.5 -0.394    19.71 21.54 02a59518o0368c       0   14.990433
59522.341779 20.103715      NaN   -18    11 c    0     1.17 347.80127 -1.00297  4169.68 9561.98 2.68 2.54 -65.9 -0.398    19.47 21.13 02a59522o0353c       0   17.225361
59522.345926 20.009244      NaN   -11    12 c    0     0.95 347.80127 -1.00297  4152.55 9525.45 2.55 2.41 -64.4 -0.406    19.51 21.13 02a59522o0362c       0   17.880522
59522.352833 19.841877      NaN     3    14 c    0     1.15 347.80127 -1.00297  4210.27 9603.95 2.59 2.47 -68.9 -0.404    19.50 21.11 02a59522o0377c       0   19.279862
59522.365335 20.009244      NaN     5    12 c    0     1.03 347.80127 -1.00297  4232.34 9486.17 2.71 2.59 -68.5 -0.394    19.43 21.06 02a59522o0404c       0   17.880522
59526.290169 20.321591      NaN    -5     9 c    0     1.88 347.80127 -1.00297  4179.28 9559.93 2.55 2.52  82.7 -0.403    19.61 21.33 02a59526o0242c       0   16.022268
59526.293385 20.207197      NaN   -18    10 c    0     1.04 347.80127 -1.00297  4161.55 9522.22 2.54 2.48  80.9 -0.404    19.62 21.34 02a59526o0249c       0   16.604610
59526.303480 20.103715      NaN    -2    11 c    0     1.28 347.80127 -1.00297  4220.86 9600.02 2.53 2.45 -67.7 -0.408    19.63 21.31 02a59526o0271c       0   17.225361
59526.309487 20.207197      NaN    -5    10 c    0     0.96 347.80127 -1.00297  4240.26 9483.03 2.70 2.58 -78.6 -0.396    19.59 21.30 02a59526o0284c       0   16.604610
59732.585404 20.207197      NaN     5    10 c    0     1.29 347.80127 -1.00297  6632.00 7313.23 3.07 2.47  27.3 -0.387    19.44 21.03 02a59732o0749c       0   16.604610
59732.603761 20.009244      NaN     4    12 c    0     0.99 347.80127 -1.00297  6653.56 7353.11 2.94 2.41  28.1 -0.388    19.46 20.97 02a59732o0787c       0   17.880522
59732.607875 20.009244      NaN     4    12 c    0     1.28 347.80127 -1.00297  6594.77 7275.36 2.84 2.34  32.3 -0.397    19.38 20.77 02a59732o0796c       0   17.880522
59732.614278 19.351140      NaN    -4    22 c    0     1.03 347.80127 -1.00297  6573.97 7391.49 3.07 2.42  28.3 -0.377    18.84 19.96 02a59732o0810c       0   25.684880
59736.557542 20.103715      NaN    16    11 c    0     1.26 347.80127 -1.00297  6634.37 7315.85 2.78 2.33  31.8 -0.400    19.48 20.97 02a59736o0687c       0   17.225361
59736.562114 20.009244      NaN     6    12 c    0     0.99 347.80127 -1.00297  6653.37 7354.77 2.73 2.37  31.2 -0.405    19.43 21.00 02a59736o0697c       0   17.880522
59736.568531 20.009244      NaN   -11    12 c    0     0.95 347.80127 -1.00297  6594.22 7275.50 2.85 2.39  28.4 -0.396    19.48 21.03 02a59736o0711c       0   17.880522
59736.579983 20.103715      NaN    14    11 c    0     1.30 347.80127 -1.00297  6573.06 7392.00 2.75 2.34  26.7 -0.404    19.48 21.07 02a59736o0736c       0   17.225361
59768.542214 20.103715      NaN   -17    11 c    0     0.96 347.80127 -1.00297  8236.82 9162.47 2.67 2.47  32.6 -0.405    19.57 21.26 02a59768o0628c       0   17.225361
59768.544022 20.103715      NaN     2    11 c    0     1.18 347.80127 -1.00297  8255.63 9201.37 2.62 2.45  34.2 -0.408    19.54 21.23 02a59768o0632c       0   17.225361
59768.547185 20.207197      NaN     1    10 c    0     1.16 347.80127 -1.00297  8197.12 9121.85 2.69 2.53  31.2 -0.405    19.55 21.28 02a59768o0639c       0   16.604610
59768.560383 20.103715      NaN    14    11 c    0     0.81 347.80127 -1.00297  8175.99 9240.72 2.65 2.45  34.0 -0.408    19.67 21.41 02a59768o0668c       0   17.225361
59784.531522 20.009244      NaN    -5    12 c    0     0.94 347.80127 -1.00297  4350.99 9347.88 2.50 2.44 -25.9 -0.408    19.60 21.21 02a59784o0632c       0   17.880522
59784.533792 20.207197      NaN   -25    10 c    0     1.18 347.80127 -1.00297  4369.28 9389.39 2.42 2.37 -18.2 -0.421    19.62 21.21 02a59784o0637c       0   16.604610
59784.539989 20.103715      NaN    -7    11 c    0     1.13 347.80127 -1.00297  4309.86 9309.83 2.39 2.34 -26.1 -0.417    19.63 21.19 02a59784o0650c       0   17.225361
59784.545425 20.103715      NaN   -23    11 c    0     1.23 347.80127 -1.00297  4292.30 9426.71 2.42 2.36 -10.6 -0.414    19.64 21.21 02a59784o0662c       0   17.225361
59785.026033 20.449472      NaN     4     8 c    0     0.82 347.80127 -1.00297  4053.39 9484.47 2.55 2.41 -74.3 -0.390    19.81 21.87 03a59785o0662c       0   15.482670
59785.040535 20.449472      NaN     6     8 c    0     1.12 347.80127 -1.00297  4032.22 9446.56 2.65 2.53 -53.8 -0.386    19.78 21.84 03a59785o0691c       0   15.482670
59785.043262 20.594452      NaN    -8     7 c    0     1.15 347.80127 -1.00297  4086.80 9526.20 2.43 2.30 -79.9 -0.403    19.84 21.84 03a59785o0697c       0   14.990433
59785.050560 20.449472      NaN    -6     8 c    0     1.02 347.80127 -1.00297  4106.76 9411.43 2.48 2.35 -74.9 -0.400    19.83 21.82 03a59785o0713c       0   15.482670
59788.507051 20.321591      NaN   -11     9 c    0     1.18 347.80127 -1.00297 10390.03 2751.11 2.46 2.20 -61.8 -0.434    19.66 21.18 02a59788o0581c       0   16.022268
59788.508860 20.207197      NaN    -2    10 c    0     1.01 347.80127 -1.00297 10409.74 2789.46 2.49 2.23 -58.8 -0.422    19.65 21.19 02a59788o0585c       0   16.604610
59788.513428 20.449472      NaN    -2     8 c    0     1.27 347.80127 -1.00297 10350.35 2711.43 2.50 2.25 -56.6 -0.419    19.65 21.21 02a59788o0595c       0   15.482670
59788.518853 20.321591      NaN     0     9 c    0     1.36 347.80127 -1.00297 10330.65 2830.17 2.48 2.22 -56.0 -0.428    19.68 21.22 02a59788o0607c       0   16.022268
59788.528016 20.449472      NaN     5     8 c    0     1.31 347.80127 -1.00297   234.28 2738.73 2.37 2.19 -61.2 -0.424    19.62 21.24 02a59788o0626c       0   15.482670
59788.529824 20.207197      NaN    20    10 c    0     0.77 347.80127 -1.00297   254.53 2777.73 2.33 2.17 -61.7 -0.419    19.64 21.23 02a59788o0630c       0   16.604610
59788.532985 20.594452      NaN     2     7 c    0     1.62 347.80127 -1.00297   195.84 2699.25 2.33 2.19 -65.1 -0.428    19.66 21.24 02a59788o0637c       0   14.990433
59788.538409 20.449472      NaN    11     8 c    0     1.53 347.80127 -1.00297   177.64 2816.56 2.36 2.20 -62.5 -0.421    19.66 21.27 02a59788o0649c       0   15.482670
59791.320230 20.321591      NaN    -1     9 c    0     0.98 347.80127 -1.00297  2299.80 4630.25 2.46 2.24  72.0 -0.370    19.55 21.62 04a59791o0708c       0   16.022268
59791.322976 20.594452      NaN    12     7 c    0     1.54 347.80127 -1.00297  2320.74 4665.60 2.36 2.15  68.4 -0.380    19.63 21.61 04a59791o0714c       0   14.990433
59791.328443 20.594452      NaN    -1     7 c    0     1.36 347.80127 -1.00297  2265.30 4582.66 2.26 2.01  64.5 -0.385    19.67 21.59 04a59791o0726c       0   14.990433
59791.341845 20.594452      NaN    -1     7 c    0     2.40 347.80127 -1.00297  2252.00 4684.71 2.57 2.34  71.2 -0.360    19.53 21.58 04a59791o0752c       0   14.990433
59792.498909 20.321591      NaN    -8     9 c    0     1.35 347.80127 -1.00297 10395.25 2752.17 2.52 2.37 -54.4 -0.427    19.53 21.14 02a59792o0513c       0   16.022268
59792.500715 20.103715      NaN    12    11 c    0     1.09 347.80127 -1.00297 10414.10 2792.10 2.52 2.38 -45.7 -0.425    19.56 21.14 02a59792o0517c       0   17.225361
59792.506160 20.321591      NaN   -12     9 c    0     1.14 347.80127 -1.00297 10356.91 2712.27 2.52 2.33 -52.3 -0.424    19.59 21.15 02a59792o0529c       0   16.022268
59792.530400 20.207197      NaN    11    10 c    0     0.97 347.80127 -1.00297 10341.03 2832.19 2.52 2.38 -46.9 -0.425    19.54 21.11 02a59792o0580c       0   16.604610
59792.585774 20.009244      NaN    -8    12 c    0     0.82 347.80127 -1.00297 10340.93 7832.66 2.83 2.60  24.3 -0.402    19.55 21.14 02a59792o0697c       0   17.880522
59792.591367 20.103715      NaN     7    11 c    0     0.97 347.80127 -1.00297 10321.17 7794.97 2.83 2.65  25.5 -0.396    19.55 21.14 02a59792o0709c       0   17.225361
59792.594586 20.103715      NaN     2    11 c    0     1.14 347.80127 -1.00297 10381.89 7879.16 2.88 2.68  26.8 -0.399    19.54 21.13 02a59792o0716c       0   17.225361
59792.618548 19.922338      NaN    -2    13 c    0     0.86 347.80127 -1.00297 10401.68 7761.19 2.75 2.61  20.1 -0.403    19.50 20.98 02a59792o0768c       0   18.566450
59796.538318 17.301284      NaN    65   131 c    0     0.12 347.80127 -1.00297    35.32 3439.74 2.49 2.30 -56.4 -0.413    19.67 21.39 02a59796o0233c       2  131.668953
59796.539673 20.207197      NaN    -8    10 c    0     1.11 347.80127 -1.00297 10332.60 3453.90 2.61 2.42 -58.4 -0.421    19.65 21.38 02a59796o0236c       0   16.604610
59796.543290 20.449472      NaN    -9     8 c    0     1.41 347.80127 -1.00297 10312.88 3413.91 2.68 2.43 -62.5 -0.426    19.67 21.39 02a59796o0244c       0   15.482670
59796.547370 20.959772      NaN   -35     5 c    0     2.09 347.80127 -1.00297    73.64 3476.74 2.57 2.35 -61.5 -0.416    19.62 21.37 02a59796o0253c       0   14.167324
59796.549199 20.207197      NaN     6    10 c    0     1.12 347.80127 -1.00297 10371.96 3493.26 2.69 2.46 -59.7 -0.427    19.62 21.37 02a59796o0257c       0   16.604610
59796.557851 19.102305 0.117730   105     9 c    0    53.70 347.80127 -1.00297    94.17 3364.00 2.50 2.32 -58.8 -0.407    19.66 21.38 02a59796o0276c    4096   16.022268
59796.561468 20.103715      NaN     3    11 c    0     0.80 347.80127 -1.00297 10393.82 3380.12 2.63 2.42 -61.4 -0.434    19.63 21.37 02a59796o0284c       0   17.225361
59797.097464 20.449472      NaN    -8     8 c    0     1.13 347.80127 -1.00297  6490.38 7313.48 2.45 2.24 -31.4 -0.402    19.78 21.75 03a59797o0673c       0   15.482670
59797.100975 20.449472      NaN    -4     8 c    0     1.05 347.80127 -1.00297  6508.31 7352.53 2.40 2.21 -46.9 -0.407    19.69 21.63 03a59797o0680c       0   15.482670
59797.106939 20.321591      NaN    -1     9 c    0     1.10 347.80127 -1.00297  6452.02 7274.78 2.40 2.22 -48.9 -0.409    19.62 21.55 03a59797o0693c       0   16.022268
59797.119158 20.207197      NaN     3    10 c    0     1.39 347.80127 -1.00297  6429.11 7390.15 2.55 2.33 -18.9 -0.397    19.46 21.40 03a59797o0718c       0   16.604610
59811.218559 20.594452      NaN     7     7 c    0     1.30 347.80127 -1.00297  6233.71 1239.12 2.26 2.01  -3.3 -0.415    19.76 21.67 04a59811o0568c       0   14.990433
59811.220361 20.449472      NaN     9     8 c    0     1.15 347.80127 -1.00297  6214.88 1200.16 2.38 2.08   1.4 -0.406    19.74 21.66 04a59811o0572c       0   15.482670
59811.223525 20.594452      NaN    -5     7 c    0     1.27 347.80127 -1.00297  6275.48 1277.35 2.46 2.13  -5.2 -0.405    19.70 21.65 04a59811o0579c       0   14.990433
59811.252601 20.594452      NaN    -5     7 c    0     1.74 347.80127 -1.00297  4288.97 9457.30 2.53 1.99 -73.6 -0.395    19.78 21.67 04a59811o0641c       0   14.990433
59812.392965 20.207197      NaN    -7    10 c    0     1.84 347.80127 -1.00297  6288.69 9250.65 2.87 2.69  31.0 -0.399    19.48 21.49 02a59812o0361c       0   16.604610
59812.396136 20.009244      NaN    14    12 c    0     1.09 347.80127 -1.00297  6306.41 9289.71 2.81 2.68  36.7 -0.397    19.47 21.50 02a59812o0368c       0   17.880522
59812.429225 20.009244      NaN     2    12 c    0     1.19 347.80127 -1.00297  6247.12 9212.50 3.18 3.13  50.0 -0.394    19.38 21.52 02a59812o0440c       0   17.880522
59812.457777 19.922338      NaN     3    13 c    0     0.90 347.80127 -1.00297  6231.85 9329.89 3.05 3.02 -74.8 -0.387    19.42 21.50 02a59812o0501c       0   18.566450
59812.474060 19.922338      NaN   -13    13 c    0     0.89 347.80127 -1.00297  6272.57 9272.56 2.90 2.85  38.9 -0.390    19.45 21.45 02a59812o0535c       0   18.566450
59819.244431 20.207197      NaN     0    10 c    0     1.02 347.80127 -1.00297 10396.07 2762.18 3.27 2.17 -18.4 -0.362    19.73 21.63 04a59819o0621c       0   16.604610
59819.247601 20.321591      NaN   -10     9 c    0     1.26 347.80127 -1.00297 10416.98 2798.25 3.24 2.20 -20.7 -0.358    19.72 21.62 04a59819o0628c       0   16.022268
59819.254509 20.207197      NaN   -13    10 c    0     1.11 347.80127 -1.00297 10362.35 2714.72 3.19 2.13 -20.5 -0.388    19.74 21.61 04a59819o0643c       0   16.604610
59819.256761 20.594452      NaN    -2     7 c    0     1.70 347.80127 -1.00297   252.30 2767.92 2.82 1.90  49.1 -0.377    19.73 21.65 04a59819o0648c       0   14.990433
59819.259564 20.594452      NaN     0     7 c    0     1.23 347.80127 -1.00297   273.49 2804.02 2.72 1.87  47.3 -0.376    19.76 21.66 04a59819o0654c       0   14.990433
59820.479083 20.103715      NaN     6    11 c    0     1.07 347.80127 -1.00297  3989.04 5677.13 2.82 2.41  36.8 -0.389    19.51 21.44 02a59820o0559c       0   17.225361
59820.487841 20.009244      NaN   -18    12 c    0     0.67 347.80127 -1.00297  3969.04 5638.11 2.95 2.60  37.2 -0.382    19.46 21.43 02a59820o0578c       0   17.880522
59820.516197 20.321591      NaN   -11     9 c    0     1.57 347.80127 -1.00297  4026.32 5718.30 2.67 2.33  39.2 -0.395    19.53 21.36 02a59820o0638c       0   16.022268
59820.541171 20.009244      NaN     5    12 c    0     0.68 347.80127 -1.00297  4042.32 5603.37 2.62 2.31  36.6 -0.398    19.53 21.26 02a59820o0691c       0   17.880522
59823.276874 20.207197      NaN    -5    10 c    0     1.34 347.80127 -1.00297 10420.46 2729.05 3.33 2.31 -21.0 -0.354    19.64 21.51 04a59823o0495c       0   16.604610
59823.278676 20.207197      NaN    14    10 c    0     0.66 347.80127 -1.00297   273.36 2738.66 2.92 1.96  48.5 -0.426    19.66 21.57 04a59823o0499c       0   16.604610
59823.280027 20.103715      NaN   -18    11 c    0     1.07 347.80127 -1.00297 10440.90 2766.21 3.38 2.18 -21.9 -0.365    19.62 21.52 04a59823o0502c       0   17.225361
59823.281829 20.321591      NaN     1     9 c    0     1.32 347.80127 -1.00297   294.52 2775.28 2.98 2.02  49.2 -0.350    19.62 21.54 04a59823o0506c       0   16.022268
59823.290391 20.321591      NaN     1     9 c    0     1.28 347.80127 -1.00297   237.05 2691.28 2.86 1.87  48.8 -0.372    19.68 21.50 04a59823o0525c       0   16.022268
59823.292192 20.009244      NaN   -10    12 c    0     1.05 347.80127 -1.00297 10383.83 2682.21 3.28 2.11 -24.5 -0.375    19.66 21.42 04a59823o0529c       0   17.880522
59823.320594 20.009244      NaN    -6    12 c    0     0.70 347.80127 -1.00297 10365.40 2787.52 3.27 2.31 -25.9 -0.352    19.54 21.27 04a59823o0591c       0   17.880522
59823.321944 20.207197      NaN    17    10 c    0     0.76 347.80127 -1.00297   224.61 2791.38 2.76 1.93  46.3 -0.365    19.57 21.31 04a59823o0594c       0   16.604610
59824.415119 20.449472      NaN   -13     8 c    0     1.56 347.80127 -1.00297  6587.28 4885.50 2.74 2.30  31.0 -0.396    19.61 21.37 02a59824o0427c       0   15.482670
59824.416937 20.207197      NaN    -8    10 c    0     1.09 347.80127 -1.00297  6606.76 4925.71 2.71 2.30  31.4 -0.400    19.60 21.37 02a59824o0431c       0   16.604610
59824.420115 20.207197      NaN     2    10 c    0     0.73 347.80127 -1.00297  6549.98 4848.24 2.68 2.31  29.5 -0.401    19.62 21.36 02a59824o0438c       0   16.604610
59824.445566 20.321591      NaN   -11     9 c    0     1.00 347.80127 -1.00297  6531.80 4963.79 2.84 2.34  30.6 -0.398    19.60 21.38 02a59824o0492c       0   16.022268
59839.181582 17.146080      NaN    93   144 c    0     1.00 347.80127 -1.00297  8587.98 7233.82 2.72 2.18 -17.8 -0.413    16.24 18.22 04a59839o0462c 8388610  144.608828
59839.190595 16.431952      NaN   243   250 c    0     0.96 347.80127 -1.00297  8553.94 7186.55 2.92 2.37 -16.8 -0.379    15.85 17.88 04a59839o0482c 8388610  250.351179
59839.219789 17.464922      NaN  -159   125 c    0     1.14 347.80127 -1.00297  8588.42 7220.52 2.96 2.48 -22.7 -0.390    16.67 18.54 04a59839o0546c 8388610  125.700887
59842.403062 20.207197      NaN    13    10 c    0     1.21 347.80127 -1.00297 10082.31 4849.09 3.05 2.89 -12.0 -0.341    19.45 21.44 01a59842o0420c       0   16.604610
59842.436778 20.103715      NaN    -5    11 c    0     1.10 347.80127 -1.00297 10108.17 4887.70 2.98 2.82  11.9 -0.341    19.38 21.38 01a59842o0492c       0   17.225361
59842.440023 20.207197      NaN    -9    10 c    0     1.22 347.80127 -1.00297 10050.58 4810.58 2.96 2.88   9.0 -0.343    19.41 21.40 01a59842o0499c       0   16.604610
59842.467497 20.207197      NaN    -3    10 c    0     1.31 347.80127 -1.00297 10033.05 4931.18 3.00 2.89  21.4 -0.348    19.46 21.45 01a59842o0557c       0   16.604610
59846.388207 19.696897      NaN   -11    16 c    0     1.16 347.80127 -1.00297 10094.66 4850.55 2.92 2.74  -2.5 -0.349    18.84 20.53 01a59846o0394c       0   20.777706
59846.391460 19.401649      NaN   -23    21 c    0     1.18 347.80127 -1.00297 10114.97 4889.42 2.93 2.76  -5.5 -0.348    18.71 20.40 01a59846o0401c       0   24.833708
59846.397065 19.401649      NaN    13    21 c    0     1.25 347.80127 -1.00297 10057.04 4812.02 2.92 2.73  -1.9 -0.357    18.62 20.31 01a59846o0413c       0   24.833708
59846.407324 19.169763      NaN   -59    26 c    0     0.77 347.80127 -1.00297 10038.94 4929.17 2.92 2.79   7.0 -0.360    18.48 20.17 01a59846o0435c       0   29.184124
59848.919763 20.449472      NaN     9     8 c    0     1.18 347.80127 -1.00297 10340.47 2863.67 2.54 2.19 -53.4 -0.366    19.77 21.64 03a59849o0430c       0   15.482670
59848.923369 20.449472      NaN     2     8 c    0     1.37 347.80127 -1.00297 10357.86 2902.88 2.47 2.13 -51.1 -0.372    19.79 21.66 03a59849o0438c       0   15.482670
59848.926983 20.449472      NaN    14     8 c    0     0.97 347.80127 -1.00297   226.27 2619.45 2.53 2.35 -51.9 -0.380    19.72 21.62 03a59849o0446c       0   15.482670
59848.929689 20.449472      NaN     6     8 c    0     1.18 347.80127 -1.00297 10297.88 2824.10 2.54 2.17 -51.9 -0.387    19.75 21.64 03a59849o0452c       0   15.482670
59848.930591 20.594452      NaN     4     7 c    0     1.56 347.80127 -1.00297   243.26 2659.27 2.45 2.28 -60.4 -0.374    19.77 21.63 03a59849o0454c       0   14.990433
59848.936488 20.449472      NaN     6     8 c    0     1.25 347.80127 -1.00297   183.51 2580.12 2.50 2.24 -69.8 -0.371    19.73 21.62 03a59849o0467c       0   15.482670
59850.390463 20.449472      NaN    -3     8 c    0     1.01 347.80127 -1.00297  3865.67 4684.49 3.02 2.78  43.4 -0.324    19.69 21.57 01a59850o0403c       0   15.482670
59850.393733 20.594452      NaN    -4     7 c    0     1.44 347.80127 -1.00297  3886.47 4722.45 3.07 2.80  36.1 -0.323    19.71 21.60 01a59850o0410c       0   14.990433
59850.424937 20.449472      NaN    -2     8 c    0     1.01 347.80127 -1.00297  3834.70 4644.25 3.03 2.72  49.8 -0.328    19.72 21.53 01a59850o0476c       0   15.482670
59850.452326 20.449472      NaN    -8     8 c    0     1.00 347.80127 -1.00297  3818.56 4760.98 3.01 2.80  48.5 -0.329    19.70 21.50 01a59850o0533c       0   15.482670
59854.379820 20.594452      NaN     4     7 c    0     1.11 347.80127 -1.00297  3879.16 4684.72 2.96 2.74  41.8 -0.334    19.67 21.45 01a59854o0388c       0   14.990433
59854.383055 20.449472      NaN   -12     8 c    0     1.19 347.80127 -1.00297  3899.29 4723.91 3.00 2.75  46.1 -0.329    19.67 21.46 01a59854o0395c       0   15.482670
59854.389175 20.594452      NaN     0     7 c    0     1.11 347.80127 -1.00297  3841.52 4648.17 2.93 2.72  41.7 -0.335    19.70 21.46 01a59854o0408c       0   14.990433
59854.399337 20.449472      NaN    -8     8 c    0     1.41 347.80127 -1.00297  3824.46 4764.69 3.01 2.75  43.7 -0.332    19.68 21.45 01a59854o0430c       0   15.482670
59868.356190 20.009244      NaN     7    12 c    0     0.99 347.80127 -1.00297  6125.36 9477.07 2.78 2.47  39.3 -0.399    19.50 21.07 02a59868o0358c       0   17.880522
59868.359164 19.922338      NaN   -35    13 c    0     0.96 347.80127 -1.00297  6105.92 9437.40 2.82 2.46  39.4 -0.397    19.49 21.04 02a59868o0364c       0   18.566450
59868.361950 19.922338      NaN     8    13 c    0     1.00 347.80127 -1.00297  6164.23 9515.16 2.76 2.46  41.9 -0.402    19.44 20.98 02a59868o0370c       0   18.566450
59868.365113 20.009244      NaN     8    12 c    0     1.30 347.80127 -1.00297  6184.35 9399.89 2.76 2.48  39.8 -0.395    19.42 20.92 02a59868o0377c       0   17.880522
59871.099315 20.207197      NaN   -10    10 c    0     0.94 347.80127 -1.00297  8436.61 2872.16 3.11 2.29 -19.3 -0.381    19.45 21.38 04a59871o0255c       0   16.604610
59871.106579 20.207197      NaN     3    10 c    0     1.29 347.80127 -1.00297  8460.73 2904.92 3.08 2.24 -17.7 -0.377    19.44 21.35 04a59871o0271c       0   16.604610
59871.109730 20.103715      NaN    -9    11 c    0     1.11 347.80127 -1.00297  8403.96 2824.66 3.05 2.18 -21.0 -0.377    19.50 21.35 04a59871o0278c       0   17.225361
59871.121615 20.103715      NaN    20    11 c    0     0.90 347.80127 -1.00297  8390.87 2931.07 3.13 2.36 -18.9 -0.362    19.43 21.36 04a59871o0304c       0   17.225361
59872.335286 20.207197      NaN    -4    10 c    0     1.31 347.80127 -1.00297  6117.66 9472.20 2.67 2.47  37.0 -0.411    19.59 21.33 02a59872o0318c       0   16.604610
59872.338452 20.103715      NaN    19    11 c    0     1.24 347.80127 -1.00297  6098.25 9434.20 2.63 2.48  34.1 -0.414    19.61 21.31 02a59872o0325c       0   17.225361
59872.346065 20.103715      NaN   -14    11 c    0     1.30 347.80127 -1.00297  6155.81 9512.83 2.63 2.50  53.8 -0.414    19.61 21.29 02a59872o0341c       0   17.225361
59872.356021 20.207197      NaN     9    10 c    0     1.54 347.80127 -1.00297  6177.71 9398.37 2.63 2.54  46.0 -0.414    19.58 21.30 02a59872o0363c       0   16.604610
59875.092707 20.449472      NaN     4     8 c    0     1.64 347.80127 -1.00297  6488.84 2969.10 2.47 2.00 -15.4 -0.387    19.60 21.47 04a59875o0237c       0   15.482670
59875.096309 20.449472      NaN   -10     8 c    0     1.25 347.80127 -1.00297  6510.80 3005.06 2.41 1.97 -14.8 -0.394    19.60 21.46 04a59875o0245c       0   15.482670
59875.101720 20.449472      NaN    -3     8 c    0     1.15 347.80127 -1.00297  6455.59 2922.77 2.44 2.04 -17.0 -0.387    19.58 21.46 04a59875o0257c       0   15.482670
59875.112534 20.449472      NaN    -4     8 c    0     1.39 347.80127 -1.00297  6441.40 3030.49 2.44 1.99 -13.5 -0.384    19.62 21.46 04a59875o0281c       0   15.482670
59876.322587 20.009244      NaN     5    12 c    0     0.80 347.80127 -1.00297  5922.25 5590.39 2.99 2.62  36.2 -0.388    19.47 21.28 02a59876o0289c       0   17.880522
59876.325752 20.103715      NaN   -11    11 c    0     0.84 347.80127 -1.00297  5902.07 5551.51 2.84 2.43  33.8 -0.394    19.53 21.29 02a59876o0296c       0   17.225361
59876.331781 19.922338      NaN   -12    13 c    0     0.76 347.80127 -1.00297  5958.76 5630.46 3.21 2.94  36.8 -0.393    19.37 21.29 02a59876o0309c       0   18.566450
59876.358113 20.009244      NaN   -14    12 c    0     1.04 347.80127 -1.00297  5984.74 5515.71 3.04 2.68  41.8 -0.392    19.48 21.31 02a59876o0329c       0   17.880522
59879.086607 20.449472      NaN   -19     8 c    0     1.54 347.80127 -1.00297  6493.59 2967.23 2.47 2.07 -12.1 -0.378    19.54 21.21 04a59879o0215c       0   15.482670
59879.089760 20.449472      NaN     0     8 c    0     1.49 347.80127 -1.00297  6514.02 3003.75 2.46 2.01 -13.8 -0.384    19.51 21.24 04a59879o0222c       0   15.482670
59879.095169 20.321591      NaN    -2     9 c    0     1.21 347.80127 -1.00297  6458.50 2922.00 2.59 2.16 -14.7 -0.374    19.47 21.23 04a59879o0234c       0   16.022268
59879.105782 20.449472      NaN     0     8 c    0     1.41 347.80127 -1.00297  6443.77 3029.14 2.46 2.01 -14.6 -0.384    19.55 21.32 04a59879o0257c       0   15.482670
59880.354325 20.207197      NaN     7    10 c    0     1.47 347.80127 -1.00297  5911.93 5592.53 2.69 2.45  42.1 -0.402    19.53 21.33 02a59880o0120c       0   16.604610
59880.357940 20.103715      NaN    25    10 c    0     1.03 347.80127 -1.00297  5893.17 5553.73 2.65 2.43  40.2 -0.398    19.55 21.32 02a59880o0128c       0   16.604610
59880.363366 20.103715      NaN     6    11 c    0     1.21 347.80127 -1.00297  5951.59 5631.11 2.60 2.40  45.7 -0.401    19.57 21.30 02a59880o0140c       0   17.225361
59880.376590 20.207197      NaN    12    10 c    0     1.11 347.80127 -1.00297  5973.85 5518.42 2.63 2.48  47.4 -0.400    19.52 21.27 02a59880o0169c       0   16.604610
59896.804943 20.321591      NaN    -1     9 c    0     0.96 347.80127 -1.00297  8380.19 2931.63 2.74 2.27 -61.5 -0.408    19.57 21.39 03a59897o0121c       0   16.022268
59896.807646 20.207197      NaN    -3    10 c    0     1.07 347.80127 -1.00297  8397.88 2971.35 2.70 2.28 -60.7 -0.406    19.58 21.39 03a59897o0127c       0   16.604610
59896.813097 20.207197      NaN    -6    10 c    0     1.09 347.80127 -1.00297  8340.57 2892.75 2.62 2.30 -59.8 -0.412    19.59 21.42 03a59897o0139c       0   16.604610
59896.823467 20.321591      NaN     8     9 c    0     1.44 347.80127 -1.00297  8314.25 3007.81 2.77 2.34 -60.8 -0.403    19.55 21.42 03a59897o0162c       0   16.022268
59898.326205 20.321591      NaN    12     9 c    0     1.03 347.80127 -1.00297  8573.87 7283.07 2.92 2.78  55.4 -0.380    19.69 21.45 01a59898o0311c       0   16.022268
59898.329437 20.449472      NaN     7     8 c    0     1.56 347.80127 -1.00297  8592.96 7322.85 2.88 2.78  61.5 -0.387    19.71 21.44 01a59898o0318c       0   15.482670
59898.335499 20.321591      NaN    -4     9 c    0     1.03 347.80127 -1.00297  8533.76 7245.49 3.03 2.93  65.3 -0.369    19.63 21.40 01a59898o0331c       0   16.022268
59898.347140 20.321591      NaN     0     9 c    0     1.03 347.80127 -1.00297  8515.65 7366.63 3.06 2.95  78.5 -0.376    19.59 21.36 01a59898o0356c       0   16.022268
59900.782281 20.321591      NaN   -14     9 c    0     1.33 347.80127 -1.00297  8380.00 2932.45 2.56 2.24 -53.4 -0.412    19.47 21.18 03a59901o0063c       0   16.022268
59900.785437 20.103715      NaN   -16    11 c    0     1.11 347.80127 -1.00297  8397.00 2972.22 2.58 2.16 -55.4 -0.412    19.34 21.05 03a59901o0070c       0   17.225361
59900.790864 20.207197      NaN    -8    10 c    0     1.13 347.80127 -1.00297  8339.36 2893.87 2.52 2.16 -57.5 -0.412    19.49 21.17 03a59901o0082c       0   16.604610
59900.809069 19.743105      NaN    29    13 c    0     1.17 347.80127 -1.00297  8311.83 3010.60 2.54 2.13 -62.5 -0.411    19.26 20.98 03a59901o0122c       0   18.566450
59902.383876 20.321591      NaN    14     9 c    0     1.55 347.80127 -1.00297  8579.87 7301.39 3.16 2.88  48.6 -0.349    19.41 21.00 01a59902o0431c       0   16.022268
59902.386662 20.009244      NaN    11    12 c    0     1.20 347.80127 -1.00297  8598.53 7340.68 3.58 3.06  42.9 -0.308    19.27 20.99 01a59902o0437c       0   17.880522
59902.408101 20.009244      NaN     8    12 c    0     1.21 347.80127 -1.00297  8537.95 7269.47 3.18 3.08 -89.7 -0.354    19.25 20.85 01a59902o0481c       0   17.880522
59904.774279 17.131075      NaN     6   170 c    0     0.79 347.80127 -1.00297  6441.91 2986.91 2.56 2.28 -58.3 -0.383    16.51 18.10 03a59905o0040c 8388610  170.516020
59904.778340 17.190132      NaN    97   136 c    0     0.98 347.80127 -1.00297  6459.31 3027.15 2.60 2.41 -37.7 -0.416    16.59 18.34 03a59905o0049c 8388610  136.644477
59904.798682 16.765754      NaN   196   180 c    0     1.46 347.80127 -1.00297  6373.35 3065.01 2.57 2.27 -61.2 -0.389    16.34 18.22 03a59905o0094c 8388610  180.487432
59906.272489 20.321591      NaN     5     9 c    0     1.11 347.80127 -1.00297  6282.92 9324.30 3.12 3.00  65.2 -0.341    19.66 21.50 01a59906o0196c       0   16.022268
59906.275264 20.449472      NaN    -1     8 c    0     1.10 347.80127 -1.00297  6302.52 9363.14 3.08 2.98  69.1 -0.348    19.67 21.51 01a59906o0202c       0   15.482670
59906.282013 20.449472      NaN   -21     8 c    0     0.99 347.80127 -1.00297  6244.88 9286.81 3.11 2.95  73.6 -0.344    19.70 21.49 01a59906o0216c       0   15.482670
59906.293234 20.321591      NaN   -14     9 c    0     1.13 347.80127 -1.00297  6227.63 9404.44 3.34 3.20  87.7 -0.332    19.57 21.46 01a59906o0240c       0   16.022268
59928.238288 19.766969      NaN    15    15 c    0     0.70 347.80127 -1.00297  4188.33 9582.43 2.69 2.49 -70.5 -0.422    19.40 20.99 02a59928o0115c       0   20.017819
59928.241456 19.841877      NaN     6    14 c    0     0.71 347.80127 -1.00297  4170.18 9543.70 2.67 2.46 -70.4 -0.427    19.43 20.98 02a59928o0122c       0   19.279862
59928.248255 19.841877      NaN    -1    14 c    0     0.90 347.80127 -1.00297  4229.81 9621.42 2.65 2.43 -68.3 -0.421    19.43 20.98 02a59928o0137c       0   19.279862
59928.260130 19.631075      NaN    31    14 c    0     0.71 347.80127 -1.00297  4251.19 9501.74 2.61 2.38 -66.5 -0.425    19.39 20.95 02a59928o0163c       0   19.279862