         MJD         m       dm   uJy  duJy F  err  chi/N        RA      Dec        x        y  maj  min   phi  apfit  mag5sig   Sky            Obs    Mask    duJy_new
57316.513163 19.302877      NaN    -6    23 c    0   0.99 105.27749 40.82518  5419.82  8654.83 4.97 4.69 -18.5 -0.397    19.07 21.14 02a57316o0460c       0   26.644666
57316.537878 19.401649      NaN   -45    21 c    0   0.86 105.27749 40.82518  5414.26  8659.46 4.33 3.85 -68.5 -0.441    19.25 21.12 02a57316o0498c       0   24.938690
57316.572241 19.334813      NaN    14    18 c    0   1.05 105.27749 40.82518  6921.98  7208.58 4.19 3.82 -79.7 -0.433    19.27 21.14 02a57316o0551c       0   22.470831
57316.587178 19.569016      NaN   -14    18 c    0   1.03 105.27749 40.82518  6917.98  7212.57 4.29 3.82 -83.9 -0.427    19.28 21.21 02a57316o0569c       0   22.470831
57395.434066 19.302877      NaN    25    15 c    0   1.01 105.27749 40.82518  5449.91  1512.71 4.03 3.64  -4.5 -0.428    19.65 21.65 02a57395o0375c       0   20.147909
57395.442995 19.841877      NaN   -16    14 c    0   0.98 105.27749 40.82518  5753.51  2101.68 3.82 3.59   2.0 -0.418    19.67 21.64 02a57395o0389c       0   19.414897
57395.454083 19.609992      NaN     8    15 c    0   1.33 105.27749 40.82518  4888.90   936.77 4.11 3.57  -6.6 -0.464    19.67 21.63 02a57395o0404c       0   20.147909
57395.468960 19.922338      NaN    -1    13 c    0   1.26 105.27749 40.82518  4606.11  2698.99 3.80 3.63 -19.8 -0.397    19.62 21.58 02a57395o0425c       0   18.706636
57424.365887 19.696897      NaN   -35    16 c    0   1.11 105.27749 40.82518  4780.76  2190.12 4.36 3.77  -8.4 -0.432    19.62 21.68 02a57424o0284c       0   20.903068
57424.390544 19.510313      NaN     4    18 c    0   0.84 105.27749 40.82518  4524.02  1619.20 4.51 3.80 -12.7 -0.448    19.61 21.69 02a57424o0324c       0   22.470831
57424.409636 19.696897      NaN    -5    16 c    0   1.02 105.27749 40.82518  5761.67  1048.41 4.55 3.69  -2.8 -0.470    19.62 21.66 02a57424o0355c       0   20.903068
57424.417303 19.569016      NaN     0    18 c    0   0.83 105.27749 40.82518  5838.27   958.90 4.52 3.77  -2.1 -0.465    19.60 21.65 02a57424o0367c       0   22.470831
57431.359264 19.569016      NaN    -3    18 c    0   1.15 105.27749 40.82518  5011.16  1808.01 4.78 4.16  -9.1 -0.390    19.38 21.42 02a57431o0293c       0   22.470831
57431.364152 19.241693      NaN    20    18 c    0   1.05 105.27749 40.82518  4730.78  1227.60 4.64 3.91  -8.8 -0.442    19.47 21.47 02a57431o0301c       0   22.470831
57431.386145 19.318728      NaN    15    18 c    0   1.13 105.27749 40.82518  5976.29   657.90 5.07 4.29  -0.1 -0.420    19.43 21.57 02a57431o0337c       0   22.470831
57431.402636 19.491430      NaN    11    16 c    0   1.02 105.27749 40.82518  5819.00   946.98 4.60 3.90  -1.4 -0.447    19.49 21.55 02a57431o0364c       0   20.903068
57433.400521 19.014394      NaN    13    26 c    0   0.92 105.27749 40.82518  4153.87 10420.08 4.28 4.15 -36.7 -0.374    19.01 20.57 02a57433o0341c    8192   29.273507
57448.370872 19.302877      NaN    10    20 c    0   0.94 105.27749 40.82518  4919.38  1565.50 4.59 3.64  -6.5 -0.483    19.57 21.53 02a57448o0171c       0   24.102660
57448.388916 19.569016      NaN   -16    18 c    0   1.08 105.27749 40.82518  6122.15  1008.65 4.57 3.59   1.0 -0.499    19.58 21.54 02a57448o0207c       0   22.470831
57448.410887 19.510313      NaN     0    19 c    0   0.99 105.27749 40.82518  5871.29  1108.44 4.61 3.66   0.3 -0.483    19.53 21.47 02a57448o0252c       0   23.279567
57449.340165 19.696897      NaN   -13    16 c    0   1.03 105.27749 40.82518  4969.28  2204.32 4.40 3.66  -8.8 -0.465    19.64 21.67 02a57449o0288c       0   20.903068
57449.363161 19.631075      NaN    -8    17 c    0   1.00 105.27749 40.82518  4655.90  1621.24 4.68 3.69  -7.8 -0.490    19.61 21.65 02a57449o0323c       0   21.678059
57449.381601 19.384550      NaN     8    19 c    0   0.78 105.27749 40.82518  5861.44  1043.09 4.76 3.68   0.7 -0.491    19.61 21.65 02a57449o0359c       0   23.279567
57449.402783 19.510313      NaN   -32    19 c    0   0.88 105.27749 40.82518  5873.73  1105.62 4.68 3.63   0.8 -0.476    19.60 21.62 02a57449o0402c       0   23.279567
57454.343664 19.256669      NaN    22    17 c    0   1.15 105.27749 40.82518  5147.73  2129.10 4.77 4.15 -10.5 -0.422    19.47 21.57 02a57454o0274c    8192   21.678059
57458.328599 19.569016      NaN    -7    18 c    0   1.26 105.27749 40.82518  4871.43  2358.94 4.69 4.14 -19.0 -0.426    19.38 21.52 02a57458o0259c       0   22.470831
57458.347376 19.128787      NaN    25    19 c    0   0.98 105.27749 40.82518  4561.50  1780.86 4.97 4.17 -10.3 -0.415    19.38 21.43 02a57458o0296c       0   23.279567
57458.361792 19.454622      NaN   -22    20 c    0   0.87 105.27749 40.82518  5761.16  1198.56 5.04 4.15  -1.8 -0.439    19.40 21.45 02a57458o0325c       0   24.102660
57458.382410 18.836735      NaN    47    20 c    0   0.97 105.27749 40.82518  5868.09  1106.55 5.09 4.16  -0.3 -0.435    19.39 21.42 02a57458o0367c       0   24.102660
57482.272606 19.302877      NaN     4    22 c    0   1.09 105.27749 40.82518  4711.34  2291.83 4.40 3.86 -12.3 -0.499    19.27 21.04 02a57482o0123c       0   25.786396
57482.288821 19.401649      NaN   -29    21 c    0   1.01 105.27749 40.82518  4398.00  1708.89 4.34 3.62  -8.5 -0.529    19.35 21.12 02a57482o0156c       0   24.938690
57482.305074 19.401649      NaN   -20    21 c    0   1.10 105.27749 40.82518  5602.66  1127.56 4.59 3.67  -1.0 -0.526    19.36 21.17 02a57482o0189c       0   24.938690
57482.321283 19.302877      NaN   -17    23 c    0   0.85 105.27749 40.82518  5850.60  1091.50 4.69 3.77   0.4 -0.508    19.32 21.15 02a57482o0222c       0   26.644666
57488.239968 19.302877      NaN    -7    23 c    0   0.95 105.27749 40.82518  4709.57  2253.15 4.07 3.83 -20.3 -0.452    19.09 20.64 02a57488o0063c       0   26.644666
57488.253479 19.169763      NaN    -4    26 c    0   0.82 105.27749 40.82518  4413.80  1670.90 4.12 3.76 -31.2 -0.494    19.12 20.84 02a57488o0089c       0   29.273507
57488.265130 19.401649      NaN   -50    21 c    0   1.08 105.27749 40.82518  5600.72  1088.57 4.40 3.71  -3.3 -0.518    19.21 20.87 02a57488o0113c       0   24.938690
57488.281576 19.401649      NaN   -13    21 c    0   1.26 105.27749 40.82518  5860.70  1091.80 4.28 3.57  -0.1 -0.506    19.29 20.96 02a57488o0147c       0   24.938690
57510.249863 18.944322      NaN    19    26 c    0   1.13 105.27749 40.82518  5249.89  1969.38 4.38 3.82  -4.5 -0.502    19.05 20.71 02a57510o0070c       0   29.273507
57510.263209 19.302877      NaN   -26    23 c    0   1.21 105.27749 40.82518  5294.08  1927.17 4.41 3.76  -2.4 -0.509    19.09 20.78 02a57510o0096c       0   26.644666
57510.280396 19.169763      NaN    -7    26 c    0   1.04 105.27749 40.82518  5221.18  1903.79 4.53 3.77  -3.7 -0.500    19.04 20.73 02a57510o0130c       0   29.273507
57510.297083 18.847027      NaN    25    27 c    0   1.10 105.27749 40.82518  5308.58  1983.30 4.72 3.90  -3.1 -0.469    18.95 20.66 02a57510o0163c       0   30.165183
57515.239121 18.005163      NaN   -77    76 c    0   0.86 105.27749 40.82518  5719.55  3541.49 4.72 4.65 -65.1 -0.432    17.92 18.96 02a57515o0050c       2   77.181204
57515.243475 18.396507      NaN    34    42 c    0   0.97 105.27749 40.82518  5709.16  3501.18 4.16 4.06 -66.2 -0.506    18.45 19.76 02a57515o0059c       0   44.101454
57515.250419 18.910912      NaN    25    25 c    0   1.25 105.27749 40.82518  5767.80  3576.03 4.23 4.18   1.7 -0.504    18.89 20.56 02a57515o0073c       0   28.389051
57515.259440 18.889197      NaN    21    27 c    0   1.08 105.27749 40.82518  5782.42  3456.64 4.34 4.15  -4.9 -0.523    18.96 20.71 02a57515o0091c       0   30.165183
57660.638929 19.351140      NaN   -16    22 c    0   1.29 105.27749 40.82518  6878.50  7325.30 3.53 3.31 -64.4 -0.460    19.09 20.50 02a57660o0544c    8192   25.786396
57660.651778 16.044809      NaN   452   312 c    0   1.91 105.27749 40.82518  6898.67  7365.27 3.68 3.55 -53.7 -0.442    17.19 17.35 02a57660o0568c       2  312.289831
57668.574340 19.510313      NaN     4    18 c    0   0.93 105.27749 40.82518  4705.77  9618.61 3.41 3.06 -10.2 -0.445    19.59 21.46 02a57668o0728c       0   22.470831
57668.586924 19.766969      NaN    -6    15 c    0   1.64 105.27749 40.82518  4734.19  9660.71 3.36 2.99 -11.5 -0.461    19.61 21.50 02a57668o0752c       0   20.147909
57668.599398 19.696897      NaN    -3    16 c    0   1.21 105.27749 40.82518  4673.48  9584.08 3.36 2.96 -12.1 -0.462    19.59 21.44 02a57668o0776c       0   20.903068
57668.611849 19.491430      NaN     8    17 c    0   1.15 105.27749 40.82518  4641.86  9702.27 3.38 2.99 -12.8 -0.461    19.61 21.48 02a57668o0800c       0   21.678059
57668.624287 19.719755      NaN     3    15 c    0   1.49 105.27749 40.82518  4685.01  9644.51 3.36 2.96 -13.9 -0.464    19.62 21.48 02a57668o0824c       0   20.147909
57686.530774 19.454622      NaN    -9    20 c    0   0.83 105.27749 40.82518  6375.10  7250.62 3.43 3.24 -57.0 -0.439    19.39 21.20 02a57686o0690c       0   24.102660
57686.543672 19.128787      NaN    22    20 c    0   1.02 105.27749 40.82518  6388.55  7291.33 3.51 3.33 -53.0 -0.435    19.15 20.87 02a57686o0713c       0   24.102660
57686.556269 19.454622      NaN   -11    20 c    0   1.02 105.27749 40.82518  6326.06  7214.60 3.52 3.33 -57.5 -0.436    19.22 20.97 02a57686o0736c       0   24.102660
57686.568962 19.589310      NaN     3    17 c    0   1.39 105.27749 40.82518  6311.35  7333.02 3.40 3.18 -50.9 -0.407    19.26 20.96 02a57686o0759c       0   21.678059
57686.581404 19.454622      NaN   -29    20 c    0   1.38 105.27749 40.82518  6339.93  7277.48 3.59 3.45 -59.2 -0.472    19.11 20.83 02a57686o0782c       0   24.102660
57690.567990 19.696897      NaN   -16    16 c    0   0.95 105.27749 40.82518  5635.88  6850.86 3.64 3.53 -69.2 -0.456    19.68 21.65 02a57690o0673c       0   20.903068
57690.580739 18.806434      NaN     5    35 c    0   0.96 105.27749 40.82518  5622.54  6969.52 3.57 3.48 -65.5 -0.462    18.80 20.66 02a57690o0696c       0   37.495843
57690.593565 19.841877      NaN    -9    14 c    0   1.01 105.27749 40.82518  5650.87  6913.61 3.63 3.53 -75.4 -0.440    19.68 21.61 02a57690o0719c       0   19.414897
57694.549718 19.696897      NaN   -10    16 c    0   1.00 105.27749 40.82518  6257.82  7375.47 3.58 3.45 -52.8 -0.459    19.59 21.44 02a57694o0685c       0   20.903068
57694.562507 19.766969      NaN    -4    15 c    0   1.16 105.27749 40.82518  6269.84  7412.04 3.52 3.37 -54.4 -0.459    19.61 21.45 02a57694o0708c       0   20.147909
57694.575406 19.766969      NaN   -11    15 c    0   1.10 105.27749 40.82518  6209.58  7336.55 3.55 3.39 -51.7 -0.459    19.60 21.47 02a57694o0731c       0   20.147909
57694.587622 19.766969      NaN   -25    15 c    0   1.02 105.27749 40.82518  6196.90  7456.12 3.59 3.42 -46.8 -0.453    19.60 21.46 02a57694o0754c       0   20.147909
57694.600151 19.696897      NaN   -19    16 c    0   1.02 105.27749 40.82518  6226.37  7399.30 3.56 3.43 -58.8 -0.461    19.58 21.40 02a57694o0777c       0   20.903068
57698.509683 19.569016      NaN     0    18 c    0   0.76 105.27749 40.82518  5217.49  9197.42 3.63 3.46 -16.3 -0.412    19.62 21.57 02a57698o0637c       0   22.470831
57698.530139 19.696897      NaN    -6    16 c    0   1.10 105.27749 40.82518  5235.52  9239.90 3.62 3.42 -14.8 -0.416    19.64 21.60 02a57698o0676c       0   20.903068
57698.542277 19.696897      NaN    -5    16 c    0   0.96 105.27749 40.82518  5174.00  9164.19 3.52 3.26 -21.1 -0.418    19.67 21.61 02a57698o0699c       0   20.903068
57698.554466 19.472870      NaN    12    16 c    0   1.17 105.27749 40.82518  5157.59  9282.77 3.45 3.15 -18.7 -0.440    19.68 21.59 02a57698o0722c       0   20.903068
57698.566535 19.351140      NaN    16    17 c    0   1.01 105.27749 40.82518  5186.73  9226.09 3.51 3.24 -17.8 -0.428    19.67 21.60 02a57698o0745c       0   21.678059
57718.488826 19.169763      NaN    25    18 c    0   1.10 105.27749 40.82518  5345.96  9577.60 3.81 3.55  -6.5 -0.405    19.58 21.63 02a57718o0570c       0   22.470831
57718.497524 19.510313      NaN   -22    19 c    0   1.15 105.27749 40.82518  5380.66  9616.20 4.12 3.96  21.7 -0.427    19.41 21.50 02a57718o0586c       0   23.279567
57718.505315 19.472870      NaN     6    18 c    0   1.20 105.27749 40.82518  5321.15  9537.92 3.70 3.47 -11.6 -0.417    19.48 21.48 02a57718o0601c       0   22.470831
57718.521586 19.454622      NaN    -8    20 c    0   0.89 105.27749 40.82518  5289.55  9658.24 3.58 3.22 -11.6 -0.454    19.56 21.56 02a57718o0632c       0   24.102660
57718.533093 19.569016      NaN   -35    18 c    0   1.09 105.27749 40.82518  5334.42  9600.99 3.49 3.07 -13.0 -0.464    19.58 21.56 02a57718o0654c       0   22.470831
57746.427002 19.766969      NaN     0    15 c    0   1.09 105.27749 40.82518  7252.51  9231.32 3.47 3.19 -40.7 -0.408    19.72 21.70 02a57746o0465c       0   20.147909
57746.440069 19.766969      NaN   -35    15 c    0   0.93 105.27749 40.82518  7267.06  9267.07 3.50 3.25 -38.2 -0.406    19.74 21.74 02a57746o0490c       0   20.147909
57746.453369 19.436675      NaN    17    15 c    0   0.95 105.27749 40.82518  3299.08  1255.63 4.00 3.86 -84.2 -0.407    19.70 21.73 02a57746o0515c       0   20.147909
57746.472731 19.766969      NaN   -19    15 c    0   0.97 105.27749 40.82518  3311.78  1139.52 4.08 3.97 -70.3 -0.403    19.69 21.75 02a57746o0551c       0   20.147909
57746.487877 19.766969      NaN     0    15 c    0   1.23 105.27749 40.82518  3282.99  1200.22 4.26 4.13  -2.7 -0.387    19.63 21.74 02a57746o0579c       0   20.147909
57750.432352 18.623526      NaN   -37    43 c    0   1.23 105.27749 40.82518  5073.20  7421.70 3.75 3.74  59.3 -0.437    18.24 20.19 02a57750o0302c       0   45.054836
57750.446253 19.155932      NaN    29    17 c    0   0.90 105.27749 40.82518  5087.51  7461.41 3.73 3.72 -28.0 -0.446    19.56 21.59 02a57750o0328c       0   21.678059
57750.458588 18.990530      NaN     9    28 c    0   0.98 105.27749 40.82518  5478.11  3062.98 3.95 3.76 -88.7 -0.383    18.85 20.75 02a57750o0352c       0   31.063455
57750.469819 18.944322      NaN   -43    32 c    0   1.17 105.27749 40.82518  5492.34  2947.86 4.02 3.80 -87.5 -0.378    18.64 20.54 02a57750o0374c       0   34.712220
57750.477442 19.766969      NaN    -3    15 c    0   0.87 105.27749 40.82518  5451.62  3004.21 4.07 3.92 -79.5 -0.374    19.57 21.62 02a57750o0389c       0   20.147909
57778.387575 19.841877      NaN    -8    14 c    0   1.10 105.27749 40.82518  5092.83  3284.98 3.81 3.73 -78.2 -0.395    19.70 21.72 02a57778o0217c       0   19.414897
57778.398554 19.609992      NaN     8    15 c    0   0.98 105.27749 40.82518  5079.39  3246.41 3.74 3.68 -75.5 -0.397    19.72 21.73 02a57778o0239c       0   20.147909
57778.420353 19.841877      NaN    -3    14 c    0   1.14 105.27749 40.82518  5138.57  3325.95 4.07 3.80  -5.1 -0.379    19.65 21.71 02a57778o0283c       0   19.414897
57778.431467 19.743105      NaN     5    14 c    0   1.02 105.27749 40.82518  5149.82  3208.35 3.89 3.82 -11.8 -0.380    19.64 21.67 02a57778o0305c       0   19.414897
57778.442263 19.491430      NaN    11    16 c    0   0.76 105.27749 40.82518  5110.26  3265.81 3.83 3.78 -31.9 -0.382    19.65 21.65 02a57778o0327c       0   20.903068
57782.382404 19.674510      NaN     8    14 c    0   1.04 105.27749 40.82518  4632.48  2277.87 3.84 3.72 -86.5 -0.382    19.69 21.66 02a57782o0367c       0   19.414897
57782.392242 19.922338      NaN   -27    13 c    0   1.44 105.27749 40.82518  4602.43  2239.19 3.81 3.71 -83.0 -0.384    19.68 21.63 02a57782o0387c       0   18.706636
57782.406823 19.719755      NaN     9    13 c    0   1.49 105.27749 40.82518  4662.70  2314.58 3.80 3.69 -79.6 -0.381    19.68 21.62 02a57782o0416c       0   18.706636
57782.424896 19.766969      NaN     1    15 c    0   0.97 105.27749 40.82518  4688.70  2198.31 3.82 3.65 -83.8 -0.380    19.69 21.63 02a57782o0452c       0   20.147909
57782.437234 19.766969      NaN   -22    15 c    0   0.88 105.27749 40.82518  4651.49  2257.06 3.85 3.71 -86.4 -0.380    19.68 21.64 02a57782o0477c       0   20.147909
57786.392625 19.766969      NaN   -16    15 c    0   0.84 105.27749 40.82518  4875.19  3556.86 3.72 3.61 -86.0 -0.382    19.65 21.57 02a57786o0171c       0   20.147909
57786.401697 19.674510      NaN     5    15 c    0   0.87 105.27749 40.82518  4861.69  3517.10 3.76 3.62 -85.0 -0.379    19.65 21.58 02a57786o0189c       0   20.147909
57786.407082 19.674510      NaN     5    15 c    0   1.06 105.27749 40.82518  4920.22  3593.95 3.76 3.64  89.4 -0.379    19.65 21.58 02a57786o0200c       0   20.147909
57786.428884 19.766969      NaN     4    14 c    0   1.01 105.27749 40.82518  4938.67  3477.75 3.74 3.63 -87.2 -0.378    19.64 21.58 02a57786o0244c       0   19.414897
57786.436933 19.766969      NaN   -24    15 c    0   0.98 105.27749 40.82518  4909.68  3537.28 3.77 3.63 -84.4 -0.377    19.65 21.61 02a57786o0260c       0   20.147909
57806.357925 19.719755      NaN     9    13 c    0   0.99 105.27749 40.82518  3689.64  2322.77 3.81 3.79 -49.7 -0.389    19.72 21.76 02a57806o0249c       0   18.706636
57806.366047 19.841877      NaN   -23    14 c    0   0.88 105.27749 40.82518  3676.44  2283.33 3.87 3.79 -46.2 -0.392    19.72 21.76 02a57806o0265c       0   19.414897
57806.372558 19.922338      NaN    -8    13 c    0   1.16 105.27749 40.82518  3736.64  2360.69 3.83 3.76 -57.3 -0.387    19.71 21.75 02a57806o0278c       0   18.706636
57806.395468 19.766969      NaN     1    15 c    0   0.93 105.27749 40.82518  3753.35  2240.50 3.83 3.77 -31.3 -0.394    19.67 21.67 02a57806o0323c       0   20.147909
57806.401668 19.696897      NaN     1    16 c    0   0.86 105.27749 40.82518  3709.93  2299.25 3.84 3.79 -33.0 -0.389    19.66 21.65 02a57806o0335c       0   20.903068
57817.261093 19.212347      NaN    -6    25 c    0   1.09 105.27749 40.82518  6635.93    87.49 4.31 4.06 -79.6 -0.394    18.93 20.51 02a57817o0002c       0   28.389051
57817.262049 18.826541      NaN    15    31 c    0   0.97 105.27749 40.82518  5037.06  9692.89 3.99 3.46   2.2 -0.411    18.94 20.53 02a57817o0004c       0   33.792577
57817.266059 19.014394      NaN    -5    30 c    0   1.14 105.27749 40.82518  5002.19  9812.92 3.86 3.44   1.4 -0.414    18.96 20.53 02a57817o0012c       0   32.877625
57817.273690 18.955691      NaN    21    25 c    0   1.02 105.27749 40.82518  5432.46   691.17 4.11 3.94 -80.8 -0.428    19.00 20.56 02a57817o0027c       0   28.389051
57834.313893 18.933071      NaN    26    24 c    0   1.08 105.27749 40.82518  3308.54 10056.93 3.88 3.46   9.6 -0.391    18.88 20.66 02a57834o0101c       0   27.512511
57834.314421 19.302877      NaN   -17    23 c    0   0.85 105.27749 40.82518  4889.31   314.63 4.03 3.95 -10.2 -0.398    18.89 20.70 02a57834o0102c       0   26.644666
57834.317529 19.351140      NaN     1    22 c    0   1.19 105.27749 40.82518  4860.27   273.14 3.95 3.90 -38.4 -0.404    18.90 20.70 02a57834o0108c       0   25.786396
57834.318570 19.256669      NaN   -27    24 c    0   1.13 105.27749 40.82518  3294.81 10015.69 4.47 3.48   5.2 -0.375    18.79 20.65 02a57834o0110c       0   27.512511
57834.330155 19.115465      NaN    11    24 c    0   1.63 105.27749 40.82518  3353.55 10093.62 4.03 3.61  12.7 -0.384    18.85 20.65 02a57834o0132c       0   27.512511
57834.339993 19.454622      NaN    -1    20 c    0   1.28 105.27749 40.82518  4935.91   348.38 4.09 4.02 -76.5 -0.398    18.85 20.67 02a57834o0151c       0   24.102660
57834.343104 19.351140      NaN     7    20 c    0   1.20 105.27749 40.82518  3370.70  9973.18 3.98 3.75  21.2 -0.399    18.83 20.61 02a57834o0157c       0   24.102660
57834.348463 19.256669      NaN   -10    24 c    0   1.18 105.27749 40.82518  4952.52   231.35 4.09 4.02 -79.8 -0.392    18.84 20.64 02a57834o0167c       0   27.512511
57834.363412 18.978793      NaN    19    25 c    0   1.03 105.27749 40.82518  4910.99   287.07 4.25 4.20 -81.0 -0.383    18.75 20.59 02a57834o0196c       0   28.389051
57834.364443 19.226921      NaN     3    24 c    0   1.03 105.27749 40.82518  3329.15 10029.67 4.19 4.00  28.8 -0.404    18.74 20.53 02a57834o0198c       0   27.512511
57838.294587 19.063754      NaN    30    19 c    0   1.09 105.27749 40.82518  3923.64  3564.97 4.34 4.25 -79.6 -0.347    18.76 20.68 02a57838o0078c       0   23.279567
57838.312512 19.569016      NaN   -26    18 c    0   1.01 105.27749 40.82518  3895.19  3524.29 4.39 4.29 -84.0 -0.356    18.75 20.69 02a57838o0112c       0   22.470831
57838.331970 19.631075      NaN   -20    17 c    0   1.15 105.27749 40.82518  3969.22  3598.90 4.28 4.23 -84.8 -0.345    18.73 20.66 02a57838o0149c       0   21.678059
57838.343905 19.631075      NaN   -10    17 c    0   1.01 105.27749 40.82518  3983.17  3481.40 4.01 3.96 -73.3 -0.365    18.81 20.64 02a57838o0172c       0   21.678059
57838.350370 19.569016      NaN    -2    18 c    0   1.09 105.27749 40.82518  3941.24  3541.54 3.91 3.86  85.4 -0.371    18.82 20.61 02a57838o0184c       0   22.470831
57842.286253 19.169763      NaN     4    25 c    0   1.04 105.27749 40.82518  4743.54  9771.29 4.64 4.58  55.0 -0.358    18.70 20.63 02a57842o0121c       0   28.389051
57842.299057 18.921935      NaN    30    23 c    0   1.01 105.27749 40.82518  4728.88  9730.08 3.91 3.80  29.0 -0.418    18.83 20.61 02a57842o0145c       0   26.644666
57842.310125 19.256669      NaN   -12    24 c    0   0.92 105.27749 40.82518  4787.13  9808.84 4.15 4.03  41.8 -0.405    18.78 20.60 02a57842o0166c       0   27.512511
57842.321029 19.256669      NaN    -4    24 c    0   0.96 105.27749 40.82518  6470.40    62.82 4.25 4.24 -23.1 -0.399    18.78 20.64 02a57842o0187c       0   27.512511
57842.324138 18.978793      NaN    16    26 c    0   0.91 105.27749 40.82518  4801.45  9690.32 4.31 4.22  48.4 -0.389    18.73 20.59 02a57842o0193c       0   29.273507
57842.345086 19.169763      NaN   -10    26 c    0   0.82 105.27749 40.82518  4757.49  9747.06 4.01 3.89  36.0 -0.412    18.78 20.56 02a57842o0233c       0   29.273507
57862.271405 19.212347      NaN   -36    25 c    0   1.27 105.27749 40.82518  6092.14   238.32 3.75 3.66  60.2 -0.431    18.71 20.20 02a57862o0101c       0   28.389051
57862.280677 19.128787      NaN    -7    27 c    0   1.29 105.27749 40.82518  6076.27   198.17 3.68 3.65  30.1 -0.450    18.70 20.19 02a57862o0120c       0   30.165183
57862.289886 18.944322      NaN     7    30 c    0   0.90 105.27749 40.82518  6134.81   278.16 3.80 3.64   3.8 -0.464    18.70 20.18 02a57862o0139c       0   32.877625
57862.293462 18.757738      NaN    37    26 c    0   1.01 105.27749 40.82518  6165.07   157.03 3.75 3.64  -0.9 -0.457    18.69 20.16 02a57862o0146c       0   29.273507
57862.309857 18.767304      NaN    33    27 c    0   1.14 105.27749 40.82518  6124.37   214.50 3.84 3.55   2.3 -0.478    18.70 20.18 02a57862o0180c       0   30.165183
57865.302596 19.271854      NaN    18    18 c    0   1.07 105.27749 40.82518  5864.87   847.26 4.09 2.93  29.5 -0.445    19.01 20.11 02a57865o0087c       0   22.470831
57865.317694 19.384550      NaN     8    19 c    0   1.14 105.27749 40.82518  5854.56   806.03 4.59 3.43  31.1 -0.412    18.82 20.11 02a57865o0114c       0   23.279567
57865.332418 19.302877      NaN   -36    23 c    0   0.73 105.27749 40.82518  5912.16   886.49 3.50 3.09  28.7 -0.402    18.70 19.89 02a57865o0142c       0   26.644666
57865.341896 17.732831      NaN    63    77 c    0   1.02 105.27749 40.82518  4271.49 10517.48 3.79 3.56 -12.0 -0.397    18.67 19.97 02a57865o0160c       2   78.166094
57865.346072 19.334813      NaN    17    17 c    0   0.96 105.27749 40.82518  5925.65   770.80 3.36 2.90  26.7 -0.421    18.96 20.09 02a57865o0168c       0   21.678059
57865.360264 19.256669      NaN     4    23 c    0   1.42 105.27749 40.82518  5877.61   836.54 4.03 3.56  25.0 -0.380    18.22 19.48 02a57865o0195c       0   26.644666
57870.263639 20.207197      NaN     0    10 c    0   0.89 105.27749 40.82518  4353.52  1799.29 2.76 2.61  26.3 -0.415    19.27 20.28 02a57870o0006c       0   16.761212
57870.273614 20.009244      NaN   -11    12 c    0   0.79 105.27749 40.82518  4424.86  1874.17 2.76 2.52  22.4 -0.423    19.28 20.26 02a57870o0025c       0   18.026043
57870.283611 20.321591      NaN    -1     9 c    0   0.98 105.27749 40.82518  4437.48  1756.00 2.88 2.45  23.3 -0.427    19.32 20.27 02a57870o0044c       0   16.184506
57870.293582 19.868040      NaN     9    11 c    0   1.05 105.27749 40.82518  4391.94  1814.10 3.11 2.53  21.9 -0.427    19.25 20.24 02a57870o0063c       0   17.376370
57894.248582 18.796518      NaN    18    31 c    0   0.94 105.27749 40.82518  3766.75  2929.52 3.31 2.57  21.6 -0.468    18.50 19.37 02a57894o0029c       0   33.792577
57894.255357 19.569016      NaN    -9    18 c    0   0.95 105.27749 40.82518  3737.29  2892.07 3.46 2.70  19.2 -0.461    18.97 20.23 02a57894o0042c       0   22.470831
57894.265254 19.652575      NaN     3    16 c    0   1.03 105.27749 40.82518  3794.94  2971.81 3.23 2.48  19.9 -0.460    19.15 20.47 02a57894o0061c       0   20.903068
57894.276748 19.454622      NaN     7    18 c    0   1.22 105.27749 40.82518  3823.40  2851.24 3.23 2.51  18.2 -0.462    19.09 20.40 02a57894o0083c       0   22.470831
58044.654112 16.485820      NaN    -8   308 c    0   1.09 105.27749 40.82518  6392.36  8240.74 4.48 3.15  -1.5 -0.367    16.79 18.00 02a58044o0491c 8388610  308.293591
58194.302470 20.594452      NaN    -7     7 c    0   1.39 105.27749 40.82518  4739.06  2135.27 2.47 2.35  58.5 -0.408    19.71 21.46 02a58194o0192c       0   15.163715
58194.311172 20.282105      NaN     8     7 c    0   1.63 105.27749 40.82518  4707.25  2095.09 2.49 2.38  69.1 -0.403    19.73 21.49 02a58194o0211c       0   15.163715
58194.319330 20.495680      NaN     3     7 c    0   1.10 105.27749 40.82518  4768.28  2172.10 2.55 2.40  60.3 -0.403    19.72 21.48 02a58194o0228c       0   15.163715
58194.331328 20.543943      NaN     2     7 c    0   1.26 105.27749 40.82518  4797.86  2055.60 2.50 2.37  64.7 -0.401    19.67 21.47 02a58194o0254c       0   15.163715
58196.334550 19.051202      NaN    13    25 c    0   0.96 105.27749 40.82518  7038.51  6667.82 2.55 2.38  47.0 -0.448    18.71 20.61 02a58196o0238c       0   28.389051
58196.345970 19.791368      NaN    15    10 c    0   1.27 105.27749 40.82518  7023.37  6627.17 2.55 2.41  45.7 -0.442    19.69 21.69 02a58196o0263c       0   16.761212
58196.351243 20.137125      NaN     3    10 c    0   0.72 105.27749 40.82518  7081.08  6704.88 2.53 2.39  47.2 -0.440    19.73 21.71 02a58196o0274c       0   16.761212
58196.365395 20.449472      NaN    -5     8 c    0   1.15 105.27749 40.82518  7096.70  6588.61 2.44 2.31  36.6 -0.449    19.73 21.69 02a58196o0305c       0   15.650503
58252.242424 18.786693      NaN   -26    37 c    0   0.81 105.27749 40.82518  6286.64  6721.84 2.89 2.53 -47.4 -0.377    18.26 19.06 02a58252o0029c       0   39.369255
58252.242881 18.776955      NaN     2    37 c    0   0.76 105.27749 40.82518  6286.64  6721.91 2.96 2.64 -48.1 -0.375    18.28 19.16 02a58252o0030c       0   39.369255
58252.252009 19.719755      NaN    12    12 c    0   1.81 105.27749 40.82518  6282.66  6722.80 2.85 2.56 -49.9 -0.379    19.18 20.55 02a58252o0050c       0   18.026043
58252.272897 19.922338      NaN    -1    13 c    0   1.10 105.27749 40.82518  6278.74  6723.93 2.66 2.52 -38.4 -0.412    19.29 20.75 02a58252o0091c       0   18.706636
58252.292015 19.419021      NaN    15    16 c    0   1.04 105.27749 40.82518  6260.81  6728.26 2.57 2.42 -40.0 -0.417    19.27 20.61 02a58252o0128c       0   20.903068
58396.639832 19.212347      NaN   -19    25 c    0   0.84 105.27749 40.82518  4258.46  2435.13 2.61 2.50  88.1 -0.390    18.61 19.78 02a58396o0934c    8192   28.389051
58396.648642 18.298627      NaN   -40    58 c    0   1.13 105.27749 40.82518  4288.41  2475.41 2.59 2.48  90.0 -0.395    17.49 18.21 02a58396o0953c    8192   59.539384
58400.638563 20.103715      NaN    -5    11 c    0   0.87 105.27749 40.82518  3045.11  4629.64 2.56 2.50 -69.0 -0.403    19.54 21.03 02a58400o0760c    8192   17.376370
58400.646961 18.489118      NaN    45    34 c    0   0.64 105.27749 40.82518  3061.74  4668.07 2.48 2.47  65.9 -0.425    18.43 19.13 02a58400o0778c    8192   36.564166
58424.601521 20.171596      NaN     8     9 c    0   1.94 105.27749 40.82518  4449.60  6776.78 2.48 2.40 -24.3 -0.423    19.57 21.07 02a58424o0803c       0   16.184506
58424.609897 20.103715      NaN    -2    11 c    0   0.96 105.27749 40.82518  4431.72  6737.50 2.62 2.55  -7.2 -0.424    19.54 21.07 02a58424o0821c       0   17.376370
58424.619618 20.207197      NaN    -7    10 c    0   0.89 105.27749 40.82518  6129.90  3756.82 2.53 2.48  80.4 -0.413    19.56 21.06 02a58424o0840c       0   16.761212
58424.629066 19.841877      NaN    13    11 c    0   1.04 105.27749 40.82518  4497.40  6693.77 2.47 2.37 -32.3 -0.429    19.57 21.03 02a58424o0858c       0   17.376370
58428.561943 20.321591      NaN    -4     9 c    0   1.00 105.27749 40.82518  3693.95  5624.62 2.61 2.58 -84.9 -0.406    19.69 21.68 02a58428o0691c       0   16.184506
58428.570299 20.321591      NaN    -4     9 c    0   1.27 105.27749 40.82518  3708.86  5663.13 2.60 2.52 -68.0 -0.406    19.73 21.68 02a58428o0709c       0   16.184506
58428.579194 20.244005      NaN     9     8 c    0   1.11 105.27749 40.82518  3648.68  5585.72 2.53 2.52  21.7 -0.413    19.72 21.70 02a58428o0728c       0   15.650503
58428.587623 20.594452      NaN   -13     7 c    0   1.63 105.27749 40.82518  3634.32  5703.34 2.57 2.48  10.4 -0.415    19.75 21.71 02a58428o0746c       0   15.163715
58432.560207 20.321591      NaN     4     9 c    0   1.09 105.27749 40.82518  4862.17  2375.01 2.56 2.48  60.5 -0.395    19.68 21.48 02a58432o0797c       0   16.184506
58432.568665 20.321591      NaN    -2     9 c    0   0.93 105.27749 40.82518  4878.88  2404.56 2.57 2.44  54.8 -0.400    19.72 21.52 02a58432o0815c       0   16.184506
58432.577524 20.171596      NaN    11     8 c    0   1.24 105.27749 40.82518  4820.76  2328.19 2.60 2.48  68.9 -0.394    19.72 21.58 02a58432o0834c       0   15.650503
58432.585923 20.207197      NaN     7     9 c    0   1.09 105.27749 40.82518  4806.78  2447.83 2.56 2.43  57.3 -0.402    19.72 21.57 02a58432o0852c       0   16.184506
58436.551617 19.569016      NaN    -8    18 c    0   0.93 105.27749 40.82518  4007.29  4942.34 2.56 2.47 -62.5 -0.404    18.98 20.70 02a58436o0777c       0   22.470831
58436.559979 20.207197      NaN   -19    10 c    0   0.85 105.27749 40.82518  4038.69  4971.67 2.56 2.55 -52.7 -0.404    19.54 21.45 02a58436o0795c       0   16.761212
58436.568834 19.212347      NaN    -4    25 c    0   1.23 105.27749 40.82518  3979.16  4895.04 2.62 2.57 -61.4 -0.394    18.40 20.08 02a58436o0814c       0   28.389051
58436.577201 20.009244      NaN   -16    12 c    0   0.83 105.27749 40.82518  3950.17  5013.39 2.61 2.55 -61.5 -0.402    19.32 21.13 02a58436o0832c       0   18.026043
58456.606429 20.449472      NaN    -1     8 c    0   1.72 105.27749 40.82518  3813.98  3417.14 2.55 2.50 -65.4 -0.398    19.72 21.63 02a58456o0768c       0   15.650503
58456.614822 20.039830      NaN    12     9 c    0   0.93 105.27749 40.82518  3800.16  3379.14 2.50 2.46  59.9 -0.399    19.71 21.61 02a58456o0785c       0   16.184506
58456.621716 20.321591      NaN     0     9 c    0   0.86 105.27749 40.82518  3857.90  3455.61 2.50 2.46 -79.5 -0.400    19.70 21.60 02a58456o0800c       0   16.184506
58456.632662 20.321591      NaN     1     9 c    0   1.20 105.27749 40.82518  3873.38  3337.45 2.50 2.46  57.9 -0.395    19.69 21.55 02a58456o0822c       0   16.184506
58460.542575 20.103715      NaN     7    10 c    0   1.32 105.27749 40.82518   896.26  1104.29 3.07 2.74  42.1 -0.451    19.61 21.73 02a58460o0764c       0   16.761212
58460.551075 20.321591      NaN    -2     9 c    0   1.27 105.27749 40.82518   880.99  1065.27 2.93 2.62  36.5 -0.462    19.71 21.74 02a58460o0781c       0   16.184506
58460.571188 20.321591      NaN    -7     9 c    0   1.03 105.27749 40.82518   935.84  1139.74 2.71 2.51  52.4 -0.455    19.73 21.74 02a58460o0823c       0   16.184506
58460.576756 20.207197      NaN     2    10 c    0   1.14 105.27749 40.82518   949.33  1022.10 2.96 2.62  41.0 -0.461    19.63 21.74 02a58460o0835c       0   16.761212
58488.485439 20.103715      NaN     1    11 c    0   1.04 105.27749 40.82518  5612.42  8826.72 3.06 2.93  21.7 -0.424    19.47 21.60 02a58488o0625c       0   17.376370
58488.499740 19.766969      NaN    13    12 c    0   1.00 105.27749 40.82518  5592.34  8787.03 3.13 3.00  27.4 -0.410    19.44 21.55 02a58488o0656c       0   18.026043
58488.504988 20.009244      NaN   -13    12 c    0   1.03 105.27749 40.82518  5649.47  8865.17 3.63 3.49  30.1 -0.401    19.31 21.56 02a58488o0667c       0   18.026043
58488.520065 19.791368      NaN     6    14 c    0   0.83 105.27749 40.82518  5663.03  8748.90 3.40 3.25  29.7 -0.427    19.37 21.57 02a58488o0699c       0   19.414897
58492.510738 20.009244      NaN    10    10 c    0   0.91 105.27749 40.82518  1732.58  4976.14 2.46 2.40 -47.2 -0.418    19.62 21.62 02a58492o0667c       0   16.761212
58492.525319 20.207197      NaN     4    10 c    0   0.73 105.27749 40.82518  1716.58  4934.54 2.41 2.39 -77.3 -0.430    19.65 21.62 02a58492o0695c       0   16.761212
58492.532737 20.321591      NaN    -9     9 c    0   0.97 105.27749 40.82518  1775.29  5012.67 2.43 2.38  -5.7 -0.428    19.63 21.60 02a58492o0709c       0   16.184506
58492.547675 19.696897      NaN    22    10 c    0   0.99 105.27749 40.82518  1786.77  4892.74 2.50 2.49 -27.7 -0.420    19.59 21.55 02a58492o0738c       0   16.761212
58576.316916 20.321591      NaN   -18     9 c    0   1.45 105.27749 40.82518   190.50  3092.02 2.42 2.32 -56.3 -0.393    19.59 21.23 02a58576o0205c       0   16.184506
58576.327542 20.207197      NaN    -4    10 c    0   0.69 105.27749 40.82518   160.15  3051.20 2.51 2.25 -50.9 -0.385    19.56 21.20 02a58576o0227c       0   16.761212
58576.338237 20.039830      NaN     9    10 c    0   1.25 105.27749 40.82518  9644.24  3116.24 2.48 2.37 -48.3 -0.408    19.58 21.28 02a58576o0250c       0   16.761212
58576.339610 20.321591      NaN    -8     9 c    0   1.29 105.27749 40.82518   218.41  3126.17 2.41 2.31 -52.3 -0.394    19.53 21.17 02a58576o0253c       0   16.184506
58576.344607 19.719755      NaN    18    11 c    0   0.86 105.27749 40.82518  9614.36  3074.57 2.48 2.43  30.2 -0.402    19.59 21.27 02a58576o0263c       0   17.376370
58576.348932 20.321591      NaN    -6     9 c    0   1.32 105.27749 40.82518   250.09  3005.00 2.52 2.18 -50.0 -0.397    19.55 21.15 02a58576o0272c       0   16.184506
58576.358678 20.207197      NaN    -1    10 c    0   1.31 105.27749 40.82518  9671.76  3153.79 2.48 2.41 -35.6 -0.408    19.55 21.21 02a58576o0293c       0   16.761212
58576.361663 19.491430      NaN    32    10 c    0   1.19 105.27749 40.82518  9702.89  3039.49 2.44 2.35 -39.8 -0.414    19.59 21.21 02a58576o0299c       0   16.761212
58580.310159 20.071303      NaN    11     9 c    0   1.45 105.27749 40.82518  6498.40  1093.82 2.43 2.29 -60.5 -0.412    19.57 21.25 02a58580o0191c       0   16.184506
58580.320600 20.207197      NaN     0    10 c    0   0.97 105.27749 40.82518  6483.06  1049.85 2.46 2.32 -62.9 -0.409    19.56 21.23 02a58580o0213c       0   16.761212
58580.331737 20.207197      NaN     4    10 c    0   1.15 105.27749 40.82518  6540.94  1127.77 2.46 2.37 -67.4 -0.403    19.52 21.19 02a58580o0236c       0   16.761212
58580.340529 20.207197      NaN    10     8 c    0   1.28 105.27749 40.82518  6556.95  1010.37 2.40 2.28 -68.3 -0.410    19.52 21.15 02a58580o0255c       0   15.650503
58604.262150 20.009244      NaN   -12    12 c    0   1.50 105.27749 40.82518  8344.32  6956.77 3.03 2.45  39.8 -0.380    19.30 20.86 02a58604o0055c       0   18.026043
58604.272619 19.436675      NaN    17    16 c    0   0.73 105.27749 40.82518  8311.83  6916.66 2.97 2.53  38.0 -0.392    19.27 20.84 02a58604o0077c       0   20.903068
58604.282671 20.009244      NaN     2    12 c    0   1.36 105.27749 40.82518  8369.79  6993.62 2.77 2.52  34.3 -0.402    19.28 20.80 02a58604o0098c       0   18.026043
58604.293082 20.009244      NaN    -8    12 c    0   1.01 105.27749 40.82518  8385.56  6875.64 2.64 2.56  21.2 -0.413    19.25 20.78 02a58604o0120c       0   18.026043
58728.579399 20.103715      NaN   -16    11 c    0   1.08 105.27749 40.82518 10259.00  1235.59 2.53 2.23 -41.0 -0.420    19.50 21.23 02a58728o0756c       0   17.376370
58728.579856 20.071303      NaN    11     9 c    0   1.78 105.27749 40.82518   611.61  1229.16 2.39 2.25 -69.6 -0.431    19.38 21.10 02a58728o0757c       0   16.184506
58728.582601 19.841877      NaN    -6    14 c    0   0.93 105.27749 40.82518 10278.62  1274.55 2.62 2.21 -46.1 -0.412    19.52 21.22 02a58728o0763c       0   19.414897
58728.583059 20.171596      NaN     5    10 c    0   1.01 105.27749 40.82518   630.97  1268.86 2.35 2.23  89.8 -0.430    19.41 21.11 02a58728o0764c       0   16.761212
58728.588843 19.589310      NaN    15    14 c    0   1.02 105.27749 40.82518 10226.40  1197.47 2.57 2.20 -45.8 -0.417    19.51 21.24 02a58728o0776c       0   19.414897
58728.589300 20.103715      NaN    -4    11 c    0   1.13 105.27749 40.82518   575.11  1186.09 2.41 2.22 -64.7 -0.432    19.44 21.13 02a58728o0777c       0   17.376370
58728.598962 19.719755      NaN    18    11 c    0   1.41 105.27749 40.82518 10205.41  1317.60 2.63 2.20 -47.9 -0.420    19.57 21.28 02a58728o0798c       0   17.376370
58728.599418 20.103715      NaN     0    11 c    0   0.85 105.27749 40.82518   555.11  1301.44 2.45 2.21 -66.8 -0.437    19.50 21.18 02a58728o0799c       0   17.376370
58764.577608 19.922338      NaN    -2    13 c    0   0.97 105.27749 40.82518  3444.24  9467.72 2.45 2.44 -48.9 -0.404    19.63 21.40 02a58764o0791c       0   18.706636
58764.581596 19.549093      NaN    29    10 c    0   1.49 105.27749 40.82518  3467.42  9504.61 2.51 2.40  52.4 -0.392    19.64 21.42 02a58764o0799c       0   16.761212
58764.587947 20.207197      NaN   -10    10 c    0   1.23 105.27749 40.82518  3407.48  9425.86 2.81 2.43  48.0 -0.367    19.59 21.46 02a58764o0812c       0   16.761212
58764.598961 20.009244      NaN     7    11 c    0   1.18 105.27749 40.82518  3386.03  9546.75 2.46 2.41  58.6 -0.402    19.70 21.51 02a58764o0834c       0   17.376370
58764.645782 19.256669      NaN   -32    24 c    0   1.11 105.27749 40.82518  3434.61  9492.35 2.47 2.43  53.0 -0.412    18.69 19.65 02a58764o0929c       0   27.512511
58784.553673 19.979496      NaN     8    11 c    0   1.13 105.27749 40.82518  9621.30  9643.89 2.83 2.72 -57.0 -0.367    19.70 21.33 02a58784o0597c       0   17.376370
58784.557602 20.137125      NaN     6    10 c    0   0.99 105.27749 40.82518  9641.61  9687.67 2.94 2.77 -53.9 -0.358    19.66 21.33 02a58784o0605c       0   16.761212
58784.565102 20.244005      NaN     6     9 c    0   2.04 105.27749 40.82518  9580.61  9610.86 3.09 2.84 -61.2 -0.355    19.59 21.34 02a58784o0621c       0   16.184506
58784.596668 19.979496      NaN    11    10 c    0   1.01 105.27749 40.82518  9566.17  9735.76 2.86 2.75 -65.6 -0.364    19.68 21.36 02a58784o0637c       0   16.761212
58788.563915 20.449472      NaN    -6     8 c    0   1.30 105.27749 40.82518  4480.16  3088.04 2.39 2.22  47.4 -0.396    19.70 21.47 02a58788o0743c       0   15.650503
58788.566804 20.449472      NaN    -3     8 c    0   1.60 105.27749 40.82518  4501.07  3127.32 2.38 2.20  50.4 -0.399    19.73 21.47 02a58788o0749c       0   15.650503
58788.573273 20.207197      NaN    -4    10 c    0   0.91 105.27749 40.82518  4444.61  3050.05 2.29 2.22  74.3 -0.405    19.75 21.49 02a58788o0763c       0   16.761212
58788.587559 20.171596      NaN    14     7 c    0   1.98 105.27749 40.82518  4426.03  3166.71 2.38 2.24  53.0 -0.401    19.68 21.51 02a58788o0793c       0   15.163715
58792.491504 20.321591      NaN     0     9 c    0   1.38 105.27749 40.82518  4466.70  3083.26 2.75 2.30  42.9 -0.391    19.62 21.42 02a58792o0665c       0   16.184506
58792.496897 20.207197      NaN    10     8 c    0   1.50 105.27749 40.82518  4491.08  3119.60 2.48 2.27  50.5 -0.399    19.67 21.42 02a58792o0676c       0   15.650503
58792.500289 20.321591      NaN   -10     9 c    0   1.00 105.27749 40.82518  4437.67  3042.87 2.33 2.28  87.0 -0.404    19.68 21.42 02a58792o0683c       0   16.184506
58792.511584 20.039830      NaN    15     8 c    0   1.78 105.27749 40.82518  4419.98  3158.31 2.90 2.31  43.7 -0.391    19.61 21.44 02a58792o0707c       0   15.650503
58792.655801 18.356290      NaN     2    55 c    0   1.76 105.27749 40.82518  6106.92  7466.65 2.47 2.38  35.0 -0.414    17.69 18.50 02a58792o1002c       0   56.621005
58816.473734 20.207197      NaN    -3    10 c    0   1.19 105.27749 40.82518  1452.73  9530.17 2.68 2.39 -46.7 -0.441    19.63 21.48 02a58816o0619c       0   16.761212
58816.477021 19.696897      NaN    19    11 c    0   1.08 105.27749 40.82518  1472.00  9570.05 2.66 2.35 -48.9 -0.444    19.65 21.48 02a58816o0626c       0   17.376370
58816.482209 19.894850      NaN    11    11 c    0   0.88 105.27749 40.82518  1413.17  9490.07 2.59 2.38 -47.6 -0.446    19.64 21.50 02a58816o0637c       0   17.376370
58816.494048 20.321591      NaN    -4     9 c    0   1.26 105.27749 40.82518  1389.56  9611.04 2.64 2.39 -47.7 -0.437    19.64 21.55 02a58816o0662c       0   16.184506
58840.577616 16.821926      NaN  -178   226 c    0   1.32 105.27749 40.82518  7970.54  7428.30 3.04 2.53  38.6 -0.363    16.24 17.81 02a58840o0002c 8388610  226.399952
58840.578072 16.256786      NaN   497   216 c    0   1.45 105.27749 40.82518  7970.56  7428.19 2.98 2.48  38.0 -0.363    16.84 18.48 02a58840o0003c 8388610  216.418433
58844.459592 20.449472      NaN     0     8 c    0   1.54 105.27749 40.82518   684.55  3175.83 2.37 2.25 -59.3 -0.419    19.87 21.86 02a58844o0048c       0   15.650503
58844.464912 20.321591      NaN    -1     9 c    0   0.96 105.27749 40.82518   708.34  3221.51 2.49 2.35 -47.5 -0.411    19.82 21.85 02a58844o0059c       0   16.184506
58844.468012 20.449472      NaN   -18     8 c    0   1.19 105.27749 40.82518   652.96  3145.48 2.54 2.37 -66.9 -0.407    19.83 21.84 02a58844o0065c       0   15.650503
58844.483019 20.321591      NaN     4     9 c    0   0.90 105.27749 40.82518  9959.90  7319.81 2.59 2.46 -74.9 -0.405    19.86 21.87 02a58844o0096c       0   16.184506
58844.623139 20.321591      NaN    -6     9 c    0   1.05 105.27749 40.82518   258.48  7358.42 2.32 2.20 -45.9 -0.391    19.66 21.54 02a58844o0287c       0   16.184506
58844.626861 20.405150      NaN     5     8 c    0   1.14 105.27749 40.82518   238.18  7322.51 2.35 2.29 -22.2 -0.374    19.62 21.54 02a58844o0295c       0   15.650503
58844.633343 20.449472      NaN     1     8 c    0   1.12 105.27749 40.82518   297.03  7396.89 2.45 2.30 -49.4 -0.383    19.61 21.47 02a58844o0309c       0   15.650503
58844.644412 20.321591      NaN    -3     9 c    0   1.16 105.27749 40.82518   320.10  7278.36 2.48 2.30 -35.8 -0.369    19.52 21.39 02a58844o0331c       0   16.184506
58867.485348 20.009244      NaN    10    10 c    0   1.18 105.27749 40.82518  2164.89  9169.22 2.54 2.16 -47.4 -0.449    19.77 21.67 02a58867o0617c       0   16.761212
58867.488878 20.321591      NaN    -5     9 c    0   1.20 105.27749 40.82518  2145.66  9131.19 2.46 2.12 -45.3 -0.450    19.80 21.66 02a58867o0624c       0   16.184506
58867.495640 19.979496      NaN    11    10 c    0   1.05 105.27749 40.82518  2203.75  9205.98 2.51 2.14 -47.4 -0.454    19.77 21.64 02a58867o0638c       0   16.761212
58868.435193 20.449472      NaN     0     8 c    0   1.35 105.27749 40.82518  2160.60  9172.27 2.42 2.22 -48.3 -0.422    19.80 21.72 02a58868o0514c       0   15.650503
58868.438422 20.207197      NaN   -14    10 c    0   0.82 105.27749 40.82518  2144.38  9132.99 2.57 2.14 -51.1 -0.427    19.76 21.71 02a58868o0521c       0   16.761212
58868.444043 20.321591      NaN    -4     9 c    0   1.15 105.27749 40.82518  2199.35  9209.20 2.58 2.22 -50.0 -0.423    19.77 21.70 02a58868o0533c       0   16.184506
58868.454772 20.321591      NaN    -3     9 c    0   1.23 105.27749 40.82518  2221.05  9092.08 2.56 2.15 -50.4 -0.432    19.77 21.70 02a58868o0556c       0   16.184506
58872.361872 20.321591      NaN     4     9 c    0   0.79 105.27749 40.82518  8415.94  1386.41 2.64 2.26 -57.7 -0.413    19.78 21.81 02a58872o0358c       0   16.184506
58872.371823 20.449472      NaN     2     8 c    0   1.29 105.27749 40.82518  8434.03  1436.54 2.44 2.37  88.8 -0.395    19.77 21.83 02a58872o0379c       0   15.650503
58872.374609 20.039830      NaN    12     9 c    0   1.25 105.27749 40.82518  8377.28  1353.17 2.64 2.29 -58.0 -0.414    19.79 21.83 02a58872o0385c       0   16.184506
58872.379818 20.207197      NaN    10     8 c    0   1.21 105.27749 40.82518  8357.45  1471.35 2.44 2.40  83.8 -0.395    19.76 21.85 02a58872o0396c       0   15.650503
58876.472565 19.696897      NaN   -28    16 c    0   1.07 105.27749 40.82518  4874.83  5263.82 2.51 2.27  38.3 -0.398    18.95 20.64 02a58876o0565c       0   20.903068
58876.474536 20.207197      NaN    -6    10 c    0   0.87 105.27749 40.82518  4856.31  5225.29 2.49 2.26  39.7 -0.400    19.49 21.31 02a58876o0569c       0   16.761212
58876.478714 19.816329      NaN    11    12 c    0   1.85 105.27749 40.82518  4914.94  5301.91 2.54 2.31  38.3 -0.398    19.21 21.03 02a58876o0578c       0   18.026043
58876.488046 19.766969      NaN    -5    15 c    0   1.30 105.27749 40.82518  4937.29  5184.31 2.54 2.29  37.7 -0.394    19.06 20.84 02a58876o0596c       0   20.147909
58900.493753 20.009244      NaN     8    10 c    0   1.50 105.27749 40.82518  3081.04  1291.80 2.76 2.66 -73.6 -0.396    19.43 21.30 02a58900o0581c       0   16.761212
58900.495947 20.207197      NaN    -4    10 c    0   1.27 105.27749 40.82518  3061.62  1251.09 2.59 2.47 -66.4 -0.412    19.44 21.28 02a58900o0585c       0   16.761212
58900.499807 20.009244      NaN    -3    12 c    0   0.96 105.27749 40.82518  3120.13  1331.02 2.78 2.67 -69.4 -0.400    19.40 21.23 02a58900o0592c       0   18.026043
58900.510059 19.696897      NaN    17    11 c    0   0.93 105.27749 40.82518  3141.15  1208.57 2.82 2.70 -63.9 -0.397    19.30 21.14 02a58900o0611c       0   17.376370
58932.310079 20.449472      NaN    -3     8 c    0   1.25 105.27749 40.82518  6221.22  2957.58 2.53 2.44  64.5 -0.394    19.65 21.54 02a58932o0198c       0   15.650503
58932.313335 20.449472      NaN   -11     8 c    0   1.04 105.27749 40.82518  6201.77  2918.13 2.42 2.37  73.3 -0.391    19.67 21.54 02a58932o0205c       0   15.650503
58932.318540 20.594452      NaN   -15     7 c    0   1.34 105.27749 40.82518  6260.50  2995.31 2.41 2.34  55.3 -0.394    19.70 21.51 02a58932o0216c       0   15.163715
58932.333032 20.449472      NaN   -16     8 c    0   1.04 105.27749 40.82518  6277.38  2876.98 2.47 2.35  44.7 -0.391    19.69 21.53 02a58932o0246c       0   15.650503
58956.265347 20.039830      NaN    10     9 c    0   1.74 105.27749 40.82518  6909.08  5677.00 2.77 2.47  39.0 -0.382    19.52 21.19 02a58956o0089c       0   16.184506
58956.269417 20.207197      NaN   -20    10 c    0   1.21 105.27749 40.82518  6890.61  5637.54 2.76 2.49  37.1 -0.386    19.48 21.19 02a58956o0097c       0   16.761212
58956.274839 19.302877      NaN    35    12 c    0   1.00 105.27749 40.82518  6949.80  5717.92 2.56 2.54  69.7 -0.398    19.51 21.20 02a58956o0108c       0   18.026043
58956.288331 20.137125      NaN     4    10 c    0   1.28 105.27749 40.82518  6969.52  5599.12 2.58 2.53  48.0 -0.389    19.48 21.19 02a58956o0136c       0   16.761212
58960.240435 20.009244      NaN   -13    12 c    0   1.16 105.27749 40.82518  6917.49  5677.17 2.53 2.23  36.3 -0.396    19.37 20.69 02a58960o0036c       0   18.026043
58960.244732 20.207197      NaN    -5    10 c    0   1.03 105.27749 40.82518  6899.22  5638.57 2.51 2.27  36.4 -0.400    19.55 21.01 02a58960o0045c       0   16.761212
58960.249943 20.171596      NaN     6     9 c    0   1.22 105.27749 40.82518  6956.30  5716.10 2.46 2.25  37.4 -0.402    19.60 21.10 02a58960o0056c       0   16.184506
58960.260358 20.321591      NaN    -6     9 c    0   1.45 105.27749 40.82518  6975.58  5598.33 2.54 2.27  36.0 -0.400    19.58 21.13 02a58960o0078c       0   16.184506
58964.244306 17.497247      NaN   111    85 c    0   1.16 105.27749 40.82518  7103.25  1120.74 2.71 2.50 -66.0 -0.393    17.14 18.40 02a58964o0022c       2   86.057761
58964.248021 16.328572      NaN  -744   356 c    0   0.93 105.27749 40.82518  7082.96  1079.69 2.69 2.50 -67.1 -0.399    16.02 17.24 02a58964o0030c       2  356.254036
58964.253538 18.504094      NaN   -82    48 c    0   0.85 105.27749 40.82518  7144.01  1157.97 2.91 2.72 -61.2 -0.377    17.94 19.36 02a58964o0042c    8192   49.849155
58964.263720 17.341877      NaN  -420   140 c    0   1.30 105.27749 40.82518  7165.30  1039.31 3.03 2.83 -68.2 -0.374    16.48 17.84 02a58964o0064c       2  140.644723
59136.604602 20.321591      NaN   -10     9 c    0   1.40 105.27749 40.82518  4341.64  7626.80 2.53 2.42  47.7 -0.397    19.65 21.53 02a59136o0900c       0   16.184506
59136.607804 20.071303      NaN     9     9 c    0   1.31 105.27749 40.82518  4362.06  7665.01 2.52 2.37  48.1 -0.395    19.66 21.41 02a59136o0907c       0   16.184506
59136.626470 20.039830      NaN     7    10 c    0   1.03 105.27749 40.82518  4307.64  7590.20 2.56 2.39  43.1 -0.399    19.65 21.40 02a59136o0947c       0   16.761212
59136.631048 20.321591      NaN    -7     9 c    0   1.28 105.27749 40.82518  4291.94  7706.76 2.65 2.44  48.4 -0.391    19.63 21.39 02a59136o0957c       0   16.184506
59140.568819 20.449472      NaN     0     8 c    0   1.45 105.27749 40.82518  4424.51  1128.80 2.41 2.30 -78.6 -0.423    19.63 21.48 02a59140o0818c       0   15.650503
59140.578464 19.510313      NaN    17    14 c    0   0.93 105.27749 40.82518  4444.07  1167.93 2.39 2.28  83.1 -0.422    19.07 20.87 02a59140o0839c       0   19.414897
59140.582604 20.009244      NaN     0    12 c    0   1.18 105.27749 40.82518  4389.05  1089.90 2.42 2.30  86.0 -0.423    19.32 21.10 02a59140o0848c       0   18.026043
59140.594791 19.979496      NaN     3    12 c    0   1.37 105.27749 40.82518  4372.05  1210.38 2.42 2.27  70.5 -0.417    19.25 21.06 02a59140o0874c       0   18.026043
59144.552264 20.449472      NaN   -13     8 c    0   0.96 105.27749 40.82518  4422.01  1132.60 2.34 2.21 -75.2 -0.430    19.76 21.61 02a59144o0732c       0   15.650503
59144.556412 20.449472      NaN    -2     8 c    0   0.86 105.27749 40.82518  4439.53  1170.04 2.33 2.23 -89.4 -0.425    19.73 21.62 02a59144o0741c       0   15.650503
59144.562400 20.103715      NaN    11     8 c    0   1.29 105.27749 40.82518  4387.91  1093.11 2.32 2.20 -86.2 -0.424    19.74 21.65 02a59144o0754c       0   15.650503
59144.572957 20.321591      NaN     2     9 c    0   1.14 105.27749 40.82518  4371.86  1210.91 2.42 2.25  64.2 -0.416    19.70 21.67 02a59144o0777c       0   16.184506
59148.593428 19.766969      NaN   -21    15 c    0   1.30 105.27749 40.82518  9572.45  5066.40 2.80 2.55  41.1 -0.383    19.05 20.67 02a59148o0873c       0   20.147909
59148.595259 19.026525      NaN    37    18 c    0   1.18 105.27749 40.82518  9591.98  5106.28 2.73 2.47  40.7 -0.388    18.84 20.43 02a59148o0877c       0   22.470831
59148.598005 18.889197      NaN    25    26 c    0   0.96 105.27749 40.82518  9534.86  5031.05 2.80 2.55  45.8 -0.386    18.45 20.02 02a59148o0883c       0   29.273507
59148.604441 18.729535      NaN    32    29 c    0   1.65 105.27749 40.82518  9515.36  5147.78 2.75 2.51  42.1 -0.384    18.28 19.81 02a59148o0897c       0   31.967769
59175.616636 20.321591      NaN   -25     9 c    0   1.71 105.27749 40.82518  2196.68  7219.49 2.41 2.16 -50.9 -0.415    19.58 21.24 02a59175o0093c       0   16.184506
59175.620296 20.009244      NaN    -8    12 c    0   0.86 105.27749 40.82518  2177.84  7179.83 2.44 2.20 -48.6 -0.412    19.48 21.17 02a59175o0101c       0   18.026043
59175.633728 20.171596      NaN     6     9 c    0   1.50 105.27749 40.82518  2234.04  7255.13 2.37 2.24 -45.0 -0.418    19.58 21.22 02a59175o0129c       0   16.184506
59175.650463 19.696897      NaN     1    16 c    0   0.91 105.27749 40.82518  2253.11  7136.26 2.50 2.43 -37.0 -0.411    19.19 20.65 02a59175o0162c       0   20.903068
59176.595017 19.051202      NaN    -7    29 c    0   1.12 105.27749 40.82518  2187.67  7215.58 2.29 2.24 -10.6 -0.401    18.31 19.91 02a59176o0233c       0   31.967769
59176.598228 18.623526      NaN   -28    43 c    0   1.12 105.27749 40.82518  2168.59  7177.39 2.32 2.19 -43.8 -0.419    17.88 19.45 02a59176o0240c       0   45.054836
59176.603720 19.454622      NaN     8    18 c    0   0.86 105.27749 40.82518  2226.35  7254.52 2.45 2.35 -42.3 -0.403    19.08 20.70 02a59176o0252c       0   22.470831
59176.615644 19.696897      NaN    -2    16 c    0   1.01 105.27749 40.82518  2246.46  7134.48 2.64 2.54 -36.7 -0.392    19.17 20.88 02a59176o0278c       0   20.903068
59194.466509 20.449472      NaN     2     8 c    0   1.24 105.27749 40.82518  3063.78  1292.96 2.35 2.25  35.1 -0.403    19.81 23.08 01a59194o0614c       0   15.650503
59194.469736 20.321591      NaN     8     7 c    0   1.78 105.27749 40.82518  3042.92  1255.38 2.34 2.23  41.2 -0.402    19.82 23.08 01a59194o0621c       0   15.163715
59194.472512 20.207197      NaN     5     9 c    0   0.93 105.27749 40.82518  3102.80  1331.47 2.37 2.28  32.4 -0.405    19.81 23.06 01a59194o0627c       0   16.184506
59194.480814 20.594452      NaN    -3     7 c    0   1.03 105.27749 40.82518  3121.26  1215.02 2.52 2.25  -0.1 -0.395    19.79 23.08 01a59194o0645c       0   15.163715
59200.369222 20.207197      NaN    -5    10 c    0   0.81 105.27749 40.82518  8297.98  7412.02 2.62 2.53 -65.8 -0.404    19.71 21.56 02a59200o0400c       0   16.761212
59200.376141 20.137125      NaN     7     9 c    0   1.11 105.27749 40.82518  8320.01  7449.00 2.62 2.59  45.9 -0.399    19.71 21.58 02a59200o0415c       0   16.184506
59200.403292 19.609992      NaN    21    11 c    0   0.76 105.27749 40.82518  8262.49  7375.30 2.61 2.55 -75.3 -0.406    19.72 21.60 02a59200o0473c       0   17.376370
59200.408938 20.039830      NaN    13     8 c    0   1.16 105.27749 40.82518  8243.27  7493.07 2.68 2.64  83.0 -0.396    19.72 21.62 02a59200o0485c       0   15.650503
59202.597453 20.321591      NaN    -2     9 c    0   1.02 105.27749 40.82518  6370.10  2961.46 2.91 2.75 -26.1 -0.340    19.55 21.71 01a59202o0127c       0   16.184506
59202.600688 20.449472      NaN    -6     8 c    0   1.07 105.27749 40.82518  6389.76  3000.65 2.76 2.50 -15.0 -0.350    19.68 21.80 01a59202o0134c       0   15.650503
59202.607606 19.719755      NaN    25     8 c    0   1.38 105.27749 40.82518  6333.28  2924.32 2.93 2.67 -52.0 -0.335    19.64 21.76 01a59202o0149c       0   15.650503
59202.623290 20.009244      NaN    14     8 c    0   1.26 105.27749 40.82518  6316.43  3043.21 2.85 2.57 -26.9 -0.339    19.59 21.72 01a59202o0183c       0   15.650503
59202.666527 18.558199      NaN    34    35 c    0   1.21 105.27749 40.82518  6356.72  2991.80 2.80 2.67 -28.7 -0.335    18.07 18.87 01a59202o0276c       0   37.495843
59221.372695 20.449472      NaN    -4     8 c    0   1.16 105.27749 40.82518   277.15  9337.79 2.39 2.10 -62.2 -0.419    19.83 21.79 01a59221o0378c       0   15.650503
59221.374538 20.207197      NaN     8     8 c    0   1.50 105.27749 40.82518   257.93  9298.87 2.42 2.12 -64.1 -0.419    19.84 21.79 01a59221o0382c       0   15.650503
59221.380097 20.207197      NaN     8     8 c    0   1.16 105.27749 40.82518   313.83  9375.93 2.44 2.11 -64.7 -0.423    19.85 21.79 01a59221o0394c       0   15.650503
59221.415275 19.922338      NaN    14     9 c    0   1.19 105.27749 40.82518 10149.93  1264.43 2.91 2.60 -60.6 -0.365    19.83 21.83 01a59221o0466c       0   16.184506
59222.353600 20.207197      NaN    -8    10 c    0   0.92 105.27749 40.82518  9928.60  9334.87 3.13 2.60  24.9 -0.351    19.70 21.77 01a59222o0348c       0   16.761212
59222.366106 20.449472      NaN   -11     8 c    0   1.47 105.27749 40.82518  9907.12  9287.66 2.79 2.47  61.5 -0.343    19.78 21.75 01a59222o0375c       0   15.650503
59222.368003 20.449472      NaN    -6     8 c    0   1.43 105.27749 40.82518  9967.36  9371.44 2.92 2.65  44.9 -0.335    19.73 21.78 01a59222o0379c       0   15.650503
59222.374004 20.321591      NaN     1     9 c    0   0.98 105.27749 40.82518  9984.19  9251.50 2.76 2.42  63.1 -0.347    19.83 21.83 01a59222o0392c       0   16.184506
59222.422271 20.321591      NaN   -13     9 c    0   1.37 105.27749 40.82518 10216.03  1180.81 2.90 2.70 -66.6 -0.360    19.83 21.80 01a59222o0493c       0   16.184506
59222.427797 20.071303      NaN     3    11 c    0   1.11 105.27749 40.82518 10237.23  1219.16 2.95 2.70 -51.1 -0.359    19.79 21.78 01a59222o0505c       0   17.376370
59222.431045 20.321591      NaN   -14     9 c    0   1.29 105.27749 40.82518 10181.02  1143.01 2.98 2.74 -54.2 -0.349    19.80 21.76 01a59222o0512c       0   16.184506
59222.466330 20.103715      NaN     2    11 c    0   1.21 105.27749 40.82518 10171.07  1255.52 3.01 2.77 -64.6 -0.347    19.75 21.70 01a59222o0587c       0   17.376370
59223.381384 19.436675      NaN    12    17 c    0   0.94 105.27749 40.82518  7643.84  5198.47 2.57 2.46  72.5 -0.392    19.05 20.83 02a59223o0392c       0   21.678059
59223.396631 20.207197      NaN    -7    10 c    0   1.03 105.27749 40.82518  7664.90  5237.46 2.64 2.54  70.2 -0.393    19.59 21.54 02a59223o0424c       0   16.761212
59223.419686 20.137125      NaN    10     8 c    0   1.60 105.27749 40.82518  2997.75  5411.45 2.41 2.37 -31.8 -0.397    19.62 21.48 02a59223o0467c       0   15.650503
59223.423778 19.609992      NaN    12    14 c    0   0.86 105.27749 40.82518  3016.94  5294.56 2.42 2.38 -41.7 -0.401    19.26 21.04 02a59223o0475c       0   19.414897
59226.423587 20.594452      NaN     0     7 c    0   1.06 105.27749 40.82518  4334.27  7623.01 2.37 2.24 -40.7 -0.382    19.88 21.99 01a59226o0457c       0   15.163715
59226.426810 20.207197      NaN     8     8 c    0   0.75 105.27749 40.82518  4355.33  7661.59 2.37 2.27 -49.7 -0.382    19.83 22.00 01a59226o0464c       0   15.650503
59226.433720 20.321591      NaN     8     7 c    0   0.98 105.27749 40.82518  4297.84  7583.71 2.39 2.24 -49.1 -0.379    19.86 21.97 01a59226o0479c       0   15.163715
59226.445719 20.594452      NaN    -3     7 c    0   1.10 105.27749 40.82518  4281.28  7699.04 2.42 2.27 -37.8 -0.374    19.85 21.97 01a59226o0505c       0   15.163715
59228.470575 20.039830      NaN     4    11 c    0   0.96 105.27749 40.82518  8010.63  9381.25 2.88 2.84  89.6 -0.381    19.53 21.53 02a59228o0519c       0   17.376370
59228.473782 20.321591      NaN    -2     9 c    0   1.06 105.27749 40.82518  7991.31  9341.27 2.83 2.78  62.3 -0.383    19.67 21.67 02a59228o0526c       0   16.184506
59228.479745 20.207197      NaN    -6    10 c    0   1.06 105.27749 40.82518  8046.95  9421.06 3.22 3.15  82.9 -0.370    19.57 21.61 02a59228o0539c       0   16.761212
59228.490752 20.207197      NaN    -8    10 c    0   1.44 105.27749 40.82518  8067.32  9303.84 2.84 2.79 -70.0 -0.379    19.66 21.64 02a59228o0563c       0   16.761212
59230.373511 20.244005      NaN     7     8 c    0   0.88 105.27749 40.82518  6210.76  2935.38 2.45 2.18 -88.0 -0.404    19.85 21.83 01a59230o0383c       0   15.650503
59230.395500 20.594452      NaN   -22     7 c    0   1.18 105.27749 40.82518  6188.22  2901.96 2.55 2.46 -82.5 -0.383    19.78 21.83 01a59230o0430c       0   15.163715
59230.399206 20.594452      NaN    -1     7 c    0   1.79 105.27749 40.82518  6248.32  2978.68 2.65 2.55 -81.9 -0.382    19.74 21.84 01a59230o0438c       0   15.163715
59230.428068 20.449472      NaN   -11     8 c    0   1.13 105.27749 40.82518  4276.83  7695.92 2.69 2.39 -84.9 -0.386    19.77 21.85 01a59230o0500c       0   15.650503
59231.360152 20.282105      NaN     6     8 c    0   1.47 105.27749 40.82518  2561.71  1186.86 2.57 2.35 -62.9 -0.434    19.68 21.46 02a59231o0344c       0   15.650503
59231.366169 20.207197      NaN   -14    10 c    0   1.11 105.27749 40.82518  2582.22  1226.13 2.52 2.35 -67.8 -0.432    19.70 21.51 02a59231o0357c       0   16.761212
59231.397230 20.321591      NaN    -7     9 c    0   1.10 105.27749 40.82518  2533.20  1151.20 2.60 2.37 -60.0 -0.437    19.68 21.57 02a59231o0419c       0   16.184506
59231.399060 20.071303      NaN     3    11 c    0   0.74 105.27749 40.82518  2514.97  1267.96 2.57 2.33 -64.1 -0.435    19.74 21.58 02a59231o0423c       0   17.376370
59250.355381 20.594452      NaN   -12     7 c    0   1.19 105.27749 40.82518  3603.78  4909.11 2.33 2.16 -85.6 -0.408    19.85 21.91 01a59250o0319c       0   15.163715
59250.358612 20.282105      NaN    12     6 c    0   1.27 105.27749 40.82518  3626.11  4948.99 2.31 2.15 -79.4 -0.398    19.86 21.91 01a59250o0326c       0   14.728823
59250.365999 20.449472      NaN    -3     8 c    0   0.85 105.27749 40.82518  3568.44  4869.99 2.30 2.14 -86.7 -0.403    19.88 21.92 01a59250o0342c       0   15.650503
59250.378934 20.594452      NaN     0     7 c    0   1.63 105.27749 40.82518  3554.22  4985.91 2.37 2.21 -81.2 -0.399    19.84 21.92 01a59250o0370c       0   15.163715
59252.400809 20.449472      NaN     0     8 c    0   0.91 105.27749 40.82518  5087.93  1188.72 2.34 2.24 -87.8 -0.420    19.78 21.63 02a59252o0425c       0   15.650503
59252.404476 20.594452      NaN    -3     7 c    0   1.31 105.27749 40.82518  5067.99  1149.96 2.35 2.24 -72.2 -0.421    19.78 21.63 02a59252o0433c       0   15.163715
59252.411348 20.282105      NaN     6     8 c    0   0.89 105.27749 40.82518  5132.72  1230.51 2.32 2.22 -67.7 -0.420    19.79 21.63 02a59252o0448c       0   15.650503
59252.422801 20.449472      NaN    -7     8 c    0   1.08 105.27749 40.82518  5153.77  1112.91 2.35 2.24 -66.6 -0.418    19.77 21.63 02a59252o0473c       0   15.650503
59254.379779 20.449472      NaN    -3     8 c    0   0.98 105.27749 40.82518  3620.07  4905.81 2.73 2.34  83.1 -0.392    19.70 21.84 01a59254o0375c       0   15.650503
59254.383009 19.922338      NaN    20     7 c    0   1.69 105.27749 40.82518  3639.87  4945.45 2.85 2.35 -86.8 -0.391    19.68 21.83 01a59254o0382c       0   15.163715
59254.389007 20.495680      NaN     4     7 c    0   1.36 105.27749 40.82518  3582.65  4867.11 2.42 2.22 -87.0 -0.388    19.79 21.83 01a59254o0395c       0   15.163715
59254.399146 20.449472      NaN    -5     8 c    0   1.26 105.27749 40.82518  3566.67  4982.87 2.63 2.41 -84.3 -0.367    19.73 21.82 01a59254o0417c       0   15.650503
59256.371045 20.405150      NaN     3     8 c    0   1.24 105.27749 40.82518  5096.21  1194.54 2.45 2.35 -75.5 -0.410    19.70 21.69 02a59256o0356c       0   15.650503
59256.375167 20.321591      NaN   -13     9 c    0   0.83 105.27749 40.82518  5076.53  1154.66 2.35 2.27 -85.3 -0.415    19.78 21.69 02a59256o0365c       0   16.184506
59256.381600 20.321591      NaN    -2     9 c    0   0.92 105.27749 40.82518  5135.10  1232.74 2.50 2.33  55.0 -0.398    19.69 21.70 02a59256o0379c       0   16.184506
59256.411670 20.594452      NaN     0     7 c    0   1.00 105.27749 40.82518  5149.02  1113.78 2.39 2.29  62.9 -0.408    19.75 21.72 02a59256o0442c       0   15.163715
59258.380478 20.594452      NaN     0     7 c    0   1.33 105.27749 40.82518  3497.45  9478.53 2.37 2.14 -59.3 -0.389    19.82 21.79 01a59258o0378c       0   15.163715
59258.383704 20.449472      NaN    -7     8 c    0   1.09 105.27749 40.82518  3518.70  9517.68 2.35 2.14 -57.2 -0.388    19.81 21.79 01a59258o0385c       0   15.650503
59258.389704 20.449472      NaN    -5     8 c    0   1.08 105.27749 40.82518  3458.85  9438.06 2.37 2.15 -61.3 -0.388    19.81 21.80 01a59258o0398c       0   15.650503
59258.400791 20.449472      NaN    -2     8 c    0   1.02 105.27749 40.82518  3440.11  9553.71 2.38 2.15 -58.9 -0.388    19.79 21.79 01a59258o0422c       0   15.650503
59278.306314 19.529530      NaN    16    14 c    0   1.22 105.27749 40.82518  9653.69  9578.42 2.53 2.45  21.5 -0.366    19.21 20.80 01a59278o0137c       0   19.414897
59278.309540 19.102305      NaN    16    23 c    0   1.24 105.27749 40.82518  9677.27  9617.72 2.55 2.45  24.1 -0.365    18.80 20.32 01a59278o0144c       0   26.644666
59278.315094 19.183773      NaN    16    21 c    0   0.96 105.27749 40.82518  9615.99  9540.45 2.49 2.47  39.1 -0.357    18.95 20.48 01a59278o0156c       0   24.938690
59278.328931 18.115332      NaN    46    54 c    0   0.69 105.27749 40.82518  9598.03  9657.71 2.62 2.58   4.6 -0.348    18.15 19.69 01a59278o0186c       0   55.650141
59284.322288 20.207197      NaN     8     8 c    0   1.09 105.27749 40.82518  8197.21  2894.22 2.44 2.36 -71.7 -0.388    19.69 21.53 02a59284o0166c       0   15.650503
59284.325513 20.103715      NaN    11     8 c    0   1.29 105.27749 40.82518  8177.41  2854.70 2.47 2.40  55.7 -0.384    19.67 21.53 02a59284o0173c       0   15.650503
59284.331473 20.171596      NaN     6     9 c    0   0.88 105.27749 40.82518  8235.73  2933.58 2.43 2.41 -85.2 -0.384    19.68 21.54 02a59284o0186c       0   16.184506
59284.343058 20.449472      NaN    -8     8 c    0   1.62 105.27749 40.82518  8257.47  2817.49 2.43 2.36  52.5 -0.386    19.68 21.55 02a59284o0211c       0   15.650503
59288.299441 20.405150      NaN     3     8 c    0   0.89 105.27749 40.82518  8201.45  2895.48 2.34 2.24 -60.4 -0.394    19.74 21.56 02a59288o0185c       0   15.650503
59288.303098 20.321591      NaN    -8     9 c    0   1.16 105.27749 40.82518  8181.18  2855.71 2.34 2.29 -56.9 -0.394    19.71 21.56 02a59288o0193c       0   16.184506
59288.309084 20.594452      NaN    -8     7 c    0   1.17 105.27749 40.82518  8240.20  2934.77 2.44 2.36 -68.0 -0.386    19.70 21.56 02a59288o0206c       0   15.163715
59288.321508 20.362567      NaN     4     8 c    0   1.33 105.27749 40.82518  8259.08  2818.69 2.40 2.31 -65.7 -0.391    19.73 21.57 02a59288o0233c       0   15.650503
59310.254288 19.922338      NaN    17     8 c    0   1.31 105.27749 40.82518  1470.61  9545.42 2.31 2.04 -59.8 -0.394    19.88 21.46 01a59310o0007c       0   15.650503
59310.258087 20.647425      NaN     4     6 c    0   1.82 105.27749 40.82518  1492.17  9583.72 2.29 2.01 -65.6 -0.398    19.87 21.45 01a59310o0015c       0   14.728823
59310.263283 20.449472      NaN     2     8 c    0   0.74 105.27749 40.82518  1432.74  9503.08 2.27 1.99 -68.6 -0.397    19.87 21.45 01a59310o0026c       0   15.650503
59310.279571 20.244005      NaN     4     9 c    0   0.69 105.27749 40.82518  1416.23  9618.74 2.39 2.07 -75.9 -0.408    19.84 21.46 01a59310o0061c       0   16.184506
59314.241004 19.841877      NaN    20     8 c    0   1.41 105.27749 40.82518  7585.58  5167.41 2.28 2.13 -74.0 -0.400    19.83 21.26 01a59314o0049c       0   15.650503
59314.244244 20.449472      NaN    -2     8 c    0   1.33 105.27749 40.82518  7606.91  5205.88 2.26 2.15 -72.4 -0.402    19.84 21.30 01a59314o0056c       0   15.650503
59314.249372 19.401649      NaN   -41    21 c    0   0.76 105.27749 40.82518  7550.59  5130.24 2.27 2.16 -65.0 -0.395    18.71 20.11 01a59314o0067c       0   24.938690
59314.260532 20.449472      NaN    -2     8 c    0   1.19 105.27749 40.82518  7533.28  5246.38 2.34 2.07 -79.6 -0.409    19.85 21.31 01a59314o0091c       0   15.650503
59318.235039 20.009244      NaN     0    12 c    0   0.60 105.27749 40.82518  7583.90  5169.23 2.46 2.34 -70.5 -0.372    19.54 20.64 01a59318o0035c       0   18.026043
59318.238727 20.321591      NaN    -2     9 c    0   0.98 105.27749 40.82518  7604.51  5207.36 2.43 2.29 -71.5 -0.384    19.70 20.99 01a59318o0043c       0   16.184506
59318.247035 20.207197      NaN     5     9 c    0   1.31 105.27749 40.82518  7546.71  5132.26 2.35 2.21 -71.8 -0.395    19.81 21.18 01a59318o0061c       0   16.184506
59318.264537 20.405150      NaN     3     8 c    0   1.18 105.27749 40.82518  7530.73  5246.93 2.52 2.20 -75.4 -0.399    19.80 21.21 01a59318o0099c       0   15.650503
59472.610653 19.287255 0.139595    72     9 c    0   1.31 105.27749 40.82518  8377.29  1400.33 2.40 2.18 -54.3 -0.407    19.56 21.28 02a59472o0559c       0   16.184506
59472.628365 19.529530 0.193881    58    10 c    0   1.03 105.27749 40.82518  8398.64  1439.29 2.42 2.17 -56.0 -0.408    19.54 21.20 02a59472o0597c       0   16.761212
59472.636168 19.529530 0.271434    58    14 c    0   1.26 105.27749 40.82518  8343.73  1362.69 2.41 2.19 -55.6 -0.405    19.15 20.44 02a59472o0614c       0   19.414897
59472.640322 18.311179      NaN    72    34 c    0   0.77 105.27749 40.82518  8324.82  1481.61 2.41 2.20 -55.4 -0.416    18.39 19.53 02a59472o0623c       0   36.564166
59524.541380 18.990530 0.129816    94    11 c    0   1.37 105.27749 40.82518 10312.39  1239.55 2.72 2.34 -54.1 -0.408    19.54 21.27 02a59524o0788c       0   17.376370
59524.544595 19.128787 0.187658    83    14 c    0   1.00 105.27749 40.82518 10331.74  1279.97 2.71 2.42 -52.6 -0.394    19.50 21.27 02a59524o0795c       0   19.414897
59524.547342 19.454622 0.217147    62    12 c    0   1.16 105.27749 40.82518 10275.09  1204.09 2.65 2.34 -53.8 -0.408    19.53 21.28 02a59524o0801c       0   18.026043
59524.549630 19.183773 0.126904    79     9 c    0   1.73 105.27749 40.82518   653.45  1217.59 2.51 2.40  81.8 -0.432    19.55 21.28 02a59524o0806c       0   16.184506
59524.552840 19.076453 0.127734    87    10 c    0   1.19 105.27749 40.82518   673.97  1257.24 2.58 2.43 -69.2 -0.435    19.55 21.27 02a59524o0813c       0   16.761212
59524.562719 19.226921 0.161393    76    11 c    0   1.06 105.27749 40.82518   617.76  1179.53 2.66 2.48 -68.1 -0.421    19.52 21.31 02a59524o0834c       0   17.376370
59524.563175 19.454622 0.217147    62    12 c    0   0.85 105.27749 40.82518 10260.29  1328.89 2.84 2.51 -54.9 -0.393    19.48 21.31 02a59524o0835c       0   18.026043
59524.567289 18.967180 0.103953    96     9 c    0   1.73 105.27749 40.82518   601.21  1294.47 2.59 2.47 -89.9 -0.427    19.53 21.33 02a59524o0844c       0   16.184506
59528.503773 19.241693 0.178477    75    12 c    0   0.85 105.27749 40.82518 10301.78  1236.94 2.58 2.16 -50.3 -0.421    19.66 21.44 02a59528o0689c       0   18.026043
59528.506128 19.038793 0.135717    90    11 c    0   0.99 105.27749 40.82518 10318.51  1276.13 2.59 2.09 -52.6 -0.420    19.67 21.42 02a59528o0694c       0   17.376370
59528.509349 19.102305 0.117730    85     9 c    0   1.28 105.27749 40.82518 10263.90  1200.69 2.52 2.10 -51.5 -0.429    19.70 21.47 02a59528o0701c       0   16.184506
59528.514389 19.183773 0.126904    79     9 c    0   1.57 105.27749 40.82518 10242.88  1319.44 2.63 2.12 -51.8 -0.419    19.67 21.44 02a59528o0712c       0   16.184506
59528.517600 19.256669 0.150797    74    10 c    0   1.17 105.27749 40.82518   645.40  1216.79 2.41 2.29 -70.9 -0.440    19.63 21.44 02a59528o0719c       0   16.761212
59528.519435 19.549093 0.217147    57    11 c    0   0.75 105.27749 40.82518   663.93  1256.90 2.38 2.27 -64.1 -0.445    19.66 21.42 02a59528o0723c       0   17.376370
59528.522648 19.051202 0.149757    89    12 c    0   0.68 105.27749 40.82518   606.27  1175.53 2.39 2.25 -62.1 -0.448    19.62 21.37 02a59528o0730c       0   18.026043
59528.527691 19.128787 0.120637    83     9 c    0   1.36 105.27749 40.82518   587.83  1292.14 2.35 2.26 -69.0 -0.444    19.70 21.49 02a59528o0741c       0   16.184506
59588.450329 19.652575 0.238862    52    11 c    0   1.07 105.27749 40.82518  6066.02  7505.03 2.57 2.32  32.3 -0.413    19.64 21.56 02a59588o0566c       0   17.376370
59588.453543 19.816329 0.201997    45     8 c    0   1.73 105.27749 40.82518  6047.34  7465.26 2.54 2.31  37.6 -0.413    19.65 21.57 02a59588o0573c       0   15.650503
59588.460875 19.454622 0.180956    62    10 c    0   1.16 105.27749 40.82518  6104.38  7542.63 2.61 2.32  33.1 -0.410    19.66 21.57 02a59588o0589c       0   16.761212
59588.471424 19.791368 0.246758    46    10 c    0   0.81 105.27749 40.82518  6126.18  7428.94 2.57 2.32  32.1 -0.417    19.62 21.57 02a59588o0612c       0   16.761212
59613.416414 19.589310      NaN    28     9 c    0   1.48 105.27749 40.82518  9120.03  1053.55 2.49 2.21 -61.5 -0.421    19.70 21.62 02a59613o0472c       0   16.184506
59613.419619 19.696897 0.203576    50     9 c    0   0.97 105.27749 40.82518  9101.08  1018.33 2.48 2.17 -61.0 -0.425    19.67 21.61 02a59613o0479c       0   16.184506
59613.425216 19.894850 0.244291    42     9 c    0   1.06 105.27749 40.82518  9159.87  1097.25 2.49 2.17 -60.0 -0.423    19.71 21.61 02a59613o0491c       0   16.184506
59613.439420 20.039830 0.279189    37     9 c    0   1.09 105.27749 40.82518  9182.02   981.38 2.45 2.08 -61.5 -0.431    19.71 21.60 02a59613o0522c       0   16.184506
59614.407078 20.282105 0.348987    30     9 c    0   0.90 105.27749 40.82518  9126.05  1062.09 2.47 2.10 -58.1 -0.432    19.71 21.51 02a59614o0445c       0   16.184506
59614.437438 19.922338 0.278394    41    10 c    0   1.16 105.27749 40.82518  9100.71  1019.84 2.62 2.21 -60.3 -0.420    19.63 21.47 02a59614o0507c       0   16.761212
59614.465902 20.009244 0.301593    38    10 c    0   1.10 105.27749 40.82518  9159.13  1097.36 2.45 2.14 -62.1 -0.434    19.63 21.40 02a59614o0566c       0   16.761212
59614.468832 19.868040 0.264814    43    10 c    0   1.03 105.27749 40.82518  9183.74   980.46 2.55 2.17 -59.3 -0.427    19.65 21.40 02a59614o0572c       0   16.761212
59615.382071 20.009244 0.271434    38     9 c    0   0.89 105.27749 40.82518  9117.48  1058.55 2.52 2.11 -61.7 -0.425    19.65 21.42 02a59615o0396c       0   16.184506
59615.385746 19.609992 0.167036    54     8 c    0   1.72 105.27749 40.82518  9097.76  1019.02 2.49 2.14 -63.6 -0.426    19.63 21.39 02a59615o0404c       0   15.650503
59615.408500 19.791368 0.197407    46     8 c    0   1.46 105.27749 40.82518  9156.61  1097.86 2.47 2.09 -60.6 -0.433    19.65 21.38 02a59615o0452c       0   15.650503
59615.416777 19.841877 0.258509    44    10 c    0   0.89 105.27749 40.82518  9178.63   981.71 2.51 2.12 -59.2 -0.425    19.63 21.40 02a59615o0470c       0   16.761212
59633.319442 19.569016 0.201062    56    10 c    0   1.13 105.27749 40.82518  8031.58  9385.89 2.72 2.67 -53.6 -0.394    19.57 21.37 02a59633o0245c       0   16.761212
59633.324923 19.351140      NaN    29    13 c    0   0.81 105.27749 40.82518  8012.48  9347.13 2.84 2.76 -56.9 -0.393    19.51 21.36 02a59633o0257c       0   18.706636
59633.328580 19.569016      NaN    26    10 c    0   1.19 105.27749 40.82518  8068.76  9425.24 2.77 2.71 -57.9 -0.396    19.54 21.36 02a59633o0265c       0   16.761212
59633.339820 20.103715      NaN    -8    11 c    0  13.11 105.27749 40.82518  8088.56  9309.20 2.72 2.65 -66.4 -0.399    19.57 21.37 02a59633o0289c       0   17.376370
59635.356194 19.922338 0.278394    41    10 c    0   1.05 105.27749 40.82518  7975.62  7432.09 2.72 2.57  43.5 -0.399    19.62 21.53 02a59635o0326c       0   16.761212
59635.360785 19.894850 0.325721    42    12 c    0   0.85 105.27749 40.82518  7955.82  7392.27 2.93 2.72  42.6 -0.391    19.54 21.53 02a59635o0336c       0   18.026043
59635.366269 19.868040      NaN    10    11 c    0   1.04 105.27749 40.82518  8011.83  7471.98 3.00 2.79  36.2 -0.390    19.51 21.53 02a59635o0348c       0   17.376370
59635.378213 20.171596 0.350237    33    10 c    0   1.06 105.27749 40.82518  8031.47  7356.45 2.75 2.57  42.8 -0.397    19.57 21.51 02a59635o0374c       0   16.761212
59637.376793 19.894850 0.244291    42     9 c    0   1.54 105.27749 40.82518  7981.16  7435.52 2.69 2.52  36.1 -0.405    19.58 21.47 02a59637o0341c       0   16.184506
59637.381473 19.609992      NaN    21    11 c    0   0.98 105.27749 40.82518  7962.09  7396.42 2.75 2.62  35.9 -0.402    19.60 21.47 02a59637o0351c       0   17.376370
59637.386594 19.472870      NaN    31    10 c    0   1.62 105.27749 40.82518  8018.53  7473.10 2.74 2.54  37.0 -0.400    19.60 21.46 02a59637o0362c       0   16.761212
59637.400872 20.103715 0.329011    35    10 c    0   1.17 105.27749 40.82518  8039.02  7355.01 2.70 2.57  38.4 -0.399    19.58 21.42 02a59637o0393c       0   16.761212
59638.315321 19.922338 0.250555    41     9 c    0   1.05 105.27749 40.82518  7990.08  7436.93 2.52 2.44  47.8 -0.411    19.69 21.51 02a59638o0233c       0   16.184506
59638.323570 19.816329      NaN    15    10 c    0   1.05 105.27749 40.82518  7971.53  7401.84 2.49 2.39  41.4 -0.415    19.70 21.53 02a59638o0251c       0   16.761212
59638.333682 20.071303 0.287401    36     9 c    0   1.62 105.27749 40.82518  8027.93  7478.11 2.53 2.43  43.6 -0.413    19.73 21.54 02a59638o0273c       0   16.184506
59638.341930 19.894850 0.271434    42    10 c    0   0.93 105.27749 40.82518  8046.37  7361.53 2.56 2.44  36.4 -0.414    19.66 21.53 02a59638o0291c       0   16.761212
59639.303424 20.039830 0.310210    37    10 c    0   0.97 105.27749 40.82518  7985.14  7434.40 2.51 2.36  40.7 -0.412    19.73 21.53 02a59639o0209c       0   16.761212
59639.306222 19.868040 0.264814    43    10 c    0   0.87 105.27749 40.82518  7966.22  7394.64 2.60 2.33  38.2 -0.405    19.73 21.51 02a59639o0215c       0   16.761212
59639.311717 19.743105 0.236030    48    10 c    0   0.98 105.27749 40.82518  8021.94  7473.35 2.50 2.38  46.2 -0.415    19.69 21.50 02a59639o0227c       0   16.761212
59639.321687 20.171596 0.350237    33    10 c    0   0.97 105.27749 40.82518  8041.40  7355.83 2.49 2.37  43.0 -0.413    19.73 21.55 02a59639o0248c       0   16.761212
59643.445041 19.102305      NaN    37    16 c    0   0.78 105.27749 40.82518   269.87  7358.82 2.29 2.11 -48.2 -0.410    18.98 21.54 02a59643o0478c       0   20.903068
59643.445521 19.351140      NaN    17    17 c    0   1.03 105.27749 40.82518  9891.38  7404.97 2.51 2.36 -84.6 -0.450    19.05 21.60 02a59643o0479c       0   21.678059
59643.458068 18.978793      NaN    47    16 c    0   1.16 105.27749 40.82518   251.55  7321.38 2.37 2.17 -48.8 -0.401    18.87 21.51 02a59643o0504c       0   20.903068
59643.458549 19.102305      NaN    31    18 c    0   0.89 105.27749 40.82518  9872.38  7366.59 2.64 2.47  87.7 -0.442    19.01 21.57 02a59643o0505c       0   22.470831
59643.474737 19.115465      NaN    30    18 c    0   1.09 105.27749 40.82518   306.30  7398.55 2.45 2.27 -78.7 -0.405    18.80 21.45 02a59643o0537c       0   22.470831
59643.475219 19.226921      NaN    19    19 c    0   1.33 105.27749 40.82518  9926.63  7448.70 2.76 2.52  68.0 -0.429    18.86 21.52 02a59643o0538c       0   23.279567
59643.486014 18.967180      NaN    33    21 c    0   0.73 105.27749 40.82518   326.61  7284.70 2.52 2.30 -76.1 -0.405    18.68 21.38 02a59643o0559c       0   24.938690
59643.486503 19.197966      NaN    15    21 c    0   1.07 105.27749 40.82518  9943.92  7336.69 2.79 2.55  70.1 -0.424    18.83 21.46 02a59643o0560c       0   24.938690
59645.295340 18.558199 0.317003   139    40 c    0   1.52 105.27749 40.82518   284.83  7377.28 2.30 2.08 -45.1 -0.424    18.05 20.46 02a59645o0162c       0   42.201164
59645.298326 17.414019      NaN  -273   131 c    0   1.15 105.27749 40.82518   266.31  7338.51 2.24 2.06 -49.3 -0.416    16.64 19.10 02a59645o0168c       2  131.688793
59645.308258 18.115332      NaN    64    48 c    0   1.09 105.27749 40.82518   322.91  7409.88 2.23 2.09 -52.1 -0.414    17.97 20.39 02a59645o0188c       0   49.849155
59645.314580 18.631975 0.356257   130    42 c    0   0.65 105.27749 40.82518   343.80  7293.89 2.19 2.07 -42.2 -0.406    17.69 20.10 02a59645o0201c       0   44.101454
59645.315184 18.542463      NaN     9    44 c    0   1.58 105.27749 40.82518  9914.07  7406.98 2.61 2.33 -68.0 -0.449    17.78 20.19 02a59645o0202c       0   46.010197
59645.318156 16.397831      NaN   230   258 c    0   1.23 105.27749 40.82518  9894.63  7365.39 2.57 2.31 -70.9 -0.537    16.12 18.57 02a59645o0208c       2  258.350418
59645.323515 18.933071      NaN    33    22 c    0   0.86 105.27749 40.82518  9952.10  7448.87 2.60 2.36 -69.4 -0.443    18.89 21.33 02a59645o0219c       0   25.786396
59645.338344 18.542463      NaN    42    33 c    0   0.87 105.27749 40.82518  9970.83  7330.95 2.53 2.28 -77.4 -0.455    17.65 20.05 02a59645o0249c       0   35.636193
59661.333834 19.791368 0.271434    46    11 c    0   1.22 105.27749 40.82518  8861.39  5625.61 2.67 2.33  30.3 -0.401    19.46 21.46 02a59661o0265c       0   17.376370
59661.337038 19.609992 0.313193    54    15 c    0   1.13 105.27749 40.82518  8842.12  5586.11 2.70 2.33  31.6 -0.398    19.23 21.21 02a59661o0272c       0   20.147909
59661.343482 17.785989      NaN    -6    93 c    0   1.69 105.27749 40.82518  8899.72  5665.94 2.67 2.33  29.5 -0.396    17.14 18.76 02a59661o0286c       2   93.967751
59661.353562 19.002397      NaN    39    18 c    0   1.32 105.27749 40.82518  8921.09  5549.72 2.71 2.36  29.9 -0.396    19.02 20.79 02a59661o0308c       0   22.470831
59662.320677 18.063866      NaN    74    48 c    0   0.88 105.27749 40.82518  8862.35  5629.88 2.88 2.42  32.3 -0.384    17.96 19.81 02a59662o0028c       0   49.849155
59662.330486 19.589310      NaN    19    12 c    0   0.73 105.27749 40.82518  8843.43  5587.67 2.79 2.36  31.0 -0.384    19.23 21.24 02a59662o0049c       0   18.026043
59662.334179 19.549093 0.355332    57    18 c    0   1.44 105.27749 40.82518  8902.15  5668.77 2.85 2.48  32.7 -0.385    18.77 20.72 02a59662o0057c       0   22.470831
59662.344850 17.785989      NaN   -46    93 c    0   1.23 105.27749 40.82518  8923.15  5552.17 2.78 2.44  28.4 -0.389    17.07 18.87 02a59662o0080c       2   93.967751
59665.271561 19.226921      NaN    37    13 c    0   0.76 105.27749 40.82518  8869.73  5626.67 2.57 2.29  31.3 -0.407    19.48 21.25 02a59665o0125c       0   18.706636
59665.274352 19.719755 0.300310    49    13 c    0   1.03 105.27749 40.82518  8850.27  5584.84 2.55 2.29  32.7 -0.408    19.46 21.25 02a59665o0131c       0   18.706636
59665.279868 19.589310      NaN    16    13 c    0   1.09 105.27749 40.82518  8909.08  5664.78 2.54 2.28  34.6 -0.406    19.45 21.24 02a59665o0143c       0   18.706636
59665.290022 19.351140      NaN    29    13 c    0   0.82 105.27749 40.82518  8928.01  5548.43 2.55 2.30  31.1 -0.406    19.41 21.24 02a59665o0165c       0   18.706636
59666.310396 19.816329 0.302996    45    12 c    0   0.94 105.27749 40.82518  2177.57  9174.80 2.32 2.19 -40.0 -0.449    19.51 21.35 02a59666o0211c       0   18.026043
59666.313627 19.401649      NaN    29    12 c    0   1.12 105.27749 40.82518  2159.13  9136.12 2.36 2.18 -41.9 -0.450    19.49 21.35 02a59666o0218c       0   18.026043
59666.326005 19.894850 0.352864    42    13 c    0   0.79 105.27749 40.82518  2216.26  9210.47 2.34 2.19 -40.0 -0.451    19.50 21.33 02a59666o0245c       0   18.706636
59666.334315 19.569016      NaN    26    10 c    0   1.94 105.27749 40.82518  2236.87  9092.08 2.33 2.18 -43.1 -0.446    19.50 21.30 02a59666o0263c       0   16.761212
59669.303926 19.241693      NaN    36    13 c    0   0.99 105.27749 40.82518  2169.35  9173.13 2.34 2.26 -33.9 -0.443    19.47 21.38 02a59669o0196c       0   18.706636
59669.307142 19.351140      NaN    29    13 c    0   0.90 105.27749 40.82518  2152.15  9133.35 2.38 2.25 -39.6 -0.442    19.47 21.37 02a59669o0203c       0   18.706636
59669.314943 19.791368 0.246758    46    10 c    0   1.64 105.27749 40.82518  2208.76  9209.83 2.39 2.24 -36.3 -0.443    19.47 21.36 02a59669o0220c       0   16.761212
59669.332442 19.302877      NaN    29    14 c    0   1.02 105.27749 40.82518  2229.61  9090.43 2.67 2.58 -30.1 -0.409    19.24 21.23 02a59669o0258c       0   19.414897
59671.251748 20.009244 0.361912    38    12 c    0   1.05 105.27749 40.82518  2180.70  9171.33 2.45 2.31 -42.2 -0.435    19.47 21.37 02a59671o0050c       0   18.026043
59671.255404 19.302877      NaN    32    13 c    0   1.16 105.27749 40.82518  2162.32  9130.78 2.62 2.35 -50.6 -0.427    19.43 21.36 02a59671o0058c       0   18.706636
59671.290142 19.922338      NaN    -1    13 c    0   0.74 105.27749 40.82518  2212.59  9207.83 2.59 2.43 -41.5 -0.434    19.38 21.38 02a59671o0074c       0   18.706636
59671.295244 19.510313      NaN    23    12 c    0   1.20 105.27749 40.82518  2231.63  9089.81 2.53 2.41 -34.8 -0.422    19.42 21.37 02a59671o0085c       0   18.026043
59673.261105 14.800039      NaN  1712   885 c    0   1.34 105.27749 40.82518  2186.94  9175.53 2.45 2.35 -38.3 -0.436    15.37 16.98 02a59673o0100c 8388610  885.102219
59673.264803 15.592386      NaN   441   555 c    0   1.05 105.27749 40.82518  2168.75  9136.27 2.59 2.48 -37.3 -0.432    15.43 17.06 02a59673o0108c 8388610  555.162983
59673.273055 16.117650      NaN   141   386 c    0   1.86 105.27749 40.82518  2223.52  9211.55 2.41 2.28 -46.6 -0.434    15.53 17.14 02a59673o0126c 8388610  386.234305
59673.284606 14.395976      NaN  -376  2111 c    0   1.41 105.27749 40.82518  2241.65  9093.33 2.47 2.35 -38.9 -0.390    14.46 16.08 02a59673o0150c 8388610 2111.042856
59677.229213 18.089294      NaN    36    59 c    0   0.62 105.27749 40.82518  4907.88  5269.75 2.54 2.22  33.2 -0.426    17.58 19.12 02a59677o0027c       0   60.513951
59677.232411 18.847027      NaN   -18    35 c    0   1.14 105.27749 40.82518  4891.82  5234.52 2.46 2.20  36.5 -0.416    18.11 19.55 02a59677o0034c       0   37.495843
59677.254042 18.729535      NaN   -79    39 c    0   1.36 105.27749 40.82518  4947.28  5308.40 2.44 2.17  35.2 -0.412    18.11 19.65 02a59677o0081c       0   41.254554
59677.259591 18.125925      NaN    86    40 c    0   1.17 105.27749 40.82518  4965.78  5189.51 2.43 2.18  36.3 -0.414    17.95 19.45 02a59677o0092c       0   42.201164
59679.244934 18.382935      NaN    76    29 c    0   1.11 105.27749 40.82518  4900.45  5266.03 2.85 2.18  33.9 -0.381    18.29 19.84 02a59679o0033c       0   31.967769
59679.248610 19.212347      NaN   -16    25 c    0   1.39 105.27749 40.82518  4881.05  5226.90 2.74 2.16  34.9 -0.386    18.37 19.84 02a59679o0041c       0   28.389051
59679.254564 18.079051      NaN    50    55 c    0   1.06 105.27749 40.82518  4936.41  5303.87 2.85 2.20  33.4 -0.382    17.72 19.24 02a59679o0054c       0   56.621005
59679.264663 18.158337      NaN    53    49 c    0   1.39 105.27749 40.82518  4954.81  5189.32 2.74 2.32  33.0 -0.398    17.80 19.32 02a59679o0076c       0   50.812776
59699.239539 17.208266      NaN   165   104 c    0   0.90 105.27749 40.82518  3101.28  1295.60 2.47 2.31  89.4 -0.434    16.96 17.85 02a59699o0025c 8388610  104.866287
59699.243671 17.183409      NaN   -49   162 c    0   0.82 105.27749 40.82518  3080.25  1255.03 2.45 2.30 -89.6 -0.437    16.57 17.52 02a59699o0034c 8388610  162.557492
59699.250543 17.922662      NaN     2    82 c    0   1.22 105.27749 40.82518  3141.12  1331.64 2.40 2.25  89.9 -0.434    17.27 18.30 02a59699o0049c 8388610   83.095958
59699.260655 17.564935      NaN    26   106 c    0   1.28 105.27749 40.82518  3159.48  1212.59 2.42 2.25  76.8 -0.440    16.74 17.74 02a59699o0071c 8388610  106.850074
59823.591176 19.589310      NaN    16    13 c    0   1.07 105.27749 40.82518  7588.51  5205.83 3.01 2.57  29.7 -0.380    19.32 20.94 02a59823o0807c       0   18.706636
59823.612953 19.979496      NaN     3    12 c    0   0.83 105.27749 40.82518  7611.33  5243.51 2.97 2.51  30.2 -0.376    19.36 21.01 02a59823o0853c       0   18.026043
59823.623840 19.384550      NaN    24    14 c    0   0.95 105.27749 40.82518  7558.35  5167.10 2.93 2.58  29.1 -0.382    19.33 20.93 02a59823o0876c       0   19.414897
59823.627909 19.155932      NaN    39    14 c    0   1.29 105.27749 40.82518  7536.11  5282.22 2.93 2.54  31.7 -0.380    19.21 20.67 02a59823o0885c       0   19.414897
59845.505355 16.598387      NaN   346   163 c    0   1.06 105.27749 40.82518  9582.53  5693.05 3.31 3.15  23.7 -0.323    16.36 18.08 01a59845o0555c       2  163.554084
59845.515147 19.401649      NaN   -35    21 c    0   1.30 105.27749 40.82518  9566.01  5650.22 3.22 3.05  24.6 -0.333    18.11 19.79 01a59845o0574c       0   24.938690
59845.536989 18.417189      NaN    -2    52 c    0   1.28 105.27749 40.82518  9630.20  5719.32 3.23 2.95  28.2 -0.327    17.13 18.76 01a59845o0619c       0   53.711621
59845.546990 19.569016      NaN   -16    18 c    0   1.47 105.27749 40.82518  9658.33  5599.49 2.94 2.91 -82.1 -0.372    18.84 20.41 01a59845o0639c       0   22.470831
59849.617022 19.922338      NaN    17     8 c    0   0.88 105.27749 40.82518  5741.40  5739.71 3.12 2.87  48.5 -0.316    19.61 21.47 01a59849o0575c       0   15.650503
59849.622158 19.791368      NaN    19     9 c    0   1.09 105.27749 40.82518  5721.79  5699.64 3.14 2.90  49.7 -0.321    19.61 21.44 01a59849o0586c       0   16.184506
59849.632270 19.609992      NaN    24    10 c    0   1.17 105.27749 40.82518  5781.19  5775.18 3.12 2.87  49.9 -0.317    19.56 21.16 01a59849o0606c       0   16.761212
59849.636836 19.922338      NaN    -2    13 c    0   1.06 105.27749 40.82518  5796.39  5656.97 3.09 2.86  52.8 -0.325    19.25 20.50 01a59849o0615c       0   18.706636
59853.501766 19.696897      NaN    14    12 c    0   0.96 105.27749 40.82518  5698.96  5758.56 3.30 3.03  36.9 -0.303    19.34 21.03 01a59853o0648c       0   18.026043
59853.504996 19.868040      NaN    10    11 c    0   1.19 105.27749 40.82518  5681.10  5719.31 3.34 3.07  36.3 -0.304    19.33 21.07 01a59853o0655c       0   17.376370
59853.510548 20.071303      NaN     6    10 c    0   1.25 105.27749 40.82518  5743.03  5804.37 3.54 3.15  38.5 -0.273    19.30 21.07 01a59853o0667c       0   16.761212
59853.529913 20.039830      NaN     4    11 c    0   0.96 105.27749 40.82518  5768.81  5681.22 3.51 3.14  40.4 -0.277    19.36 21.13 01a59853o0708c       0   17.376370
59875.522795 19.351140      NaN    32    12 c    0   0.99 105.27749 40.82518  5675.55  5308.51 2.93 2.55  35.2 -0.386    19.41 21.22 02a59875o0723c       0   18.026043
59875.546039 20.009244      NaN     2    12 c    0   1.33 105.27749 40.82518  5698.25  5347.77 2.96 2.64  40.6 -0.385    19.43 21.21 02a59875o0773c       0   18.026043
59875.570635 19.816329      NaN    12    11 c    0   1.36 105.27749 40.82518  5643.96  5267.87 3.21 2.86  40.7 -0.368    19.33 21.19 02a59875o0826c       0   17.376370
59875.612996 19.791368      NaN    13    11 c    0   1.57 105.27749 40.82518  5634.74  5393.63 3.08 2.57  38.9 -0.379    19.42 21.13 02a59875o0828c       0   17.376370
59875.647754 19.197966      NaN     3    25 c    0   0.99 105.27749 40.82518  5680.77  5337.70 2.89 2.44  35.9 -0.377    18.60 19.59 02a59875o0901c       0   28.389051
59883.558046 20.009244      NaN     0    12 c    0   1.04 105.27749 40.82518  2373.05  7690.29 2.71 2.40  38.8 -0.383    19.59 21.29 02a59883o0814c       0   18.026043
59883.559855 19.569016      NaN    26    10 c    0   1.33 105.27749 40.82518  2393.07  7729.66 2.61 2.35  37.4 -0.394    19.58 21.29 02a59883o0818c       0   16.761212
59883.570250 19.868040      NaN    13    10 c    0   1.27 105.27749 40.82518  2330.74  7649.08 2.67 2.36  34.8 -0.391    19.56 21.32 02a59883o0840c       0   16.761212
59883.573898 19.631075      NaN    17    12 c    0   0.99 105.27749 40.82518  2310.43  7765.04 2.75 2.41  38.3 -0.378    19.53 21.32 02a59883o0848c       0   18.026043
59905.520512 19.287255      NaN    27    15 c    0   1.40 105.27749 40.82518  9142.84  1137.19 3.07 2.96 -47.0 -0.386    18.94 20.80 01a59905o0677c       0   20.147909
59905.524222 19.609992      NaN     9    15 c    0   0.86 105.27749 40.82518  9124.31  1096.16 3.21 3.10   1.6 -0.343    19.08 21.05 01a59905o0685c       0   20.147909
59905.526995 19.719755      NaN    13    12 c    0   1.18 105.27749 40.82518  9183.38  1174.43 3.16 3.09 -29.2 -0.358    19.38 21.39 01a59905o0691c       0   18.026043
59905.549097 20.449472      NaN     0     8 c    0   1.28 105.27749 40.82518  9200.78  1053.41 3.21 3.12 -23.2 -0.368    19.64 21.68 01a59905o0738c       0   15.650503
59909.427739 19.791368      NaN    16    10 c    0   1.15 105.27749 40.82518  9144.13  1163.45 3.33 3.19  19.5 -0.337    19.47 21.42 01a59909o0516c       0   16.761212
59909.446292 19.791368      NaN    16    10 c    0   0.88 105.27749 40.82518  9123.98  1114.90 3.07 2.96 -49.9 -0.389    19.62 21.51 01a59909o0556c       0   16.761212
59909.449125 20.207197      NaN     2    10 c    0   0.94 105.27749 40.82518  9182.24  1194.29 3.12 2.97 -56.1 -0.391    19.61 21.50 01a59909o0562c       0   16.761212
59909.458854 19.841877      NaN    20     8 c    0   1.19 105.27749 40.82518  9206.56  1074.12 3.12 3.09 -49.2 -0.358    19.54 21.50 01a59909o0583c       0   15.650503
59998.315643 19.922338      NaN    -1    13 c    0   1.08 105.27749 40.82518  6033.97 10393.04 2.58 2.53 -89.6 -0.416    19.42 21.30 02a59998o0083c       0   18.706636
59998.319260 20.039830 0.310210    37    10 c    0   1.66 105.27749 40.82518  6014.44 10353.69 2.56 2.48  62.3 -0.403    19.40 21.27 02a59998o0091c       0   16.761212
59998.324237 19.652575      NaN    16    12 c    0   1.33 105.27749 40.82518  6067.74 10432.69 2.51 2.44  79.4 -0.420    19.44 21.29 02a59998o0102c       0   18.026043
59998.360784 19.212347      NaN    35    14 c    0   1.05 105.27749 40.82518  6076.43 10314.37 2.53 2.51 -79.7 -0.414    19.49 21.34 02a59998o0177c       0   19.414897
60045.283447 18.094452      NaN    11    67 c    0   0.93 105.27749 40.82518  4507.39  9532.11 3.32 3.28 -52.0 -0.377    17.74 19.46 02a60045o0097c       2   68.336946
60045.286613 19.212347      NaN    -1    25 c    0   0.99 105.27749 40.82518  4489.61  9491.88 2.82 2.79 -28.4 -0.375    18.56 20.19 02a60045o0104c    8192   28.389051
60045.293308 19.226921      NaN    28    16 c    0   0.93 105.27749 40.82518  4547.06  9568.79 2.79 2.75 -28.7 -0.375    19.27 20.95 02a60045o0118c    8192   20.903068
60045.305982 18.014729      NaN    30    66 c    0   1.40 105.27749 40.82518  4569.54  9447.73 2.81 2.76 -29.7 -0.377    18.20 19.74 02a60045o0144c       2   67.356798
60046.258543 19.696897      NaN     1    16 c    0   0.93 105.27749 40.82518  3346.51  1286.18 2.32 2.17  71.1 -0.438    18.99 20.40 02a60046o0054c       0   20.903068
60046.261848 19.631075      NaN    11    14 c    0   1.40 105.27749 40.82518  3325.98  1245.47 2.39 2.20  61.6 -0.434    18.94 20.40 02a60046o0061c       0   19.414897
60046.275480 19.026525      NaN    37    18 c    0   1.16 105.27749 40.82518  3390.41  1319.04 2.34 2.21  82.6 -0.438    18.85 20.26 02a60046o0090c       0   22.470831
60046.281198 17.740268      NaN  -191    97 c    0   0.97 105.27749 40.82518  3412.73  1204.37 2.42 2.28  82.3 -0.429    17.02 18.28 02a60046o0102c       2   97.928230
60048.311975 20.207197      NaN    -2    10 c    0   1.45 105.27749 40.82518  4423.34  7575.03 2.48 2.31  29.8 -0.402    19.33 20.93 02a60048o0184c       0   16.761212
60048.337236 19.841877      NaN     0    14 c    0   1.09 105.27749 40.82518  4411.72  7536.33 2.52 2.33  26.0 -0.394    19.30 20.79 02a60048o0231c       0   19.414897
60048.365912 19.351140      NaN    20    16 c    0   1.07 105.27749 40.82518  4479.83  7618.74 2.65 2.35  28.6 -0.383    19.11 20.61 02a60048o0287c       0   20.903068
60048.377419 19.766969      NaN   -24    15 c    0   0.87 105.27749 40.82518  4501.70  7503.18 2.72 2.42  28.8 -0.379    19.01 20.50 02a60048o0309c       0   20.147909
60050.252664 19.766969      NaN    17    10 c    0   1.09 105.27749 40.82518   561.87  3290.46 2.36 2.35 -15.6 -0.406    19.38 20.88 02a60050o0044c       0   16.761212
60050.256259 20.009244      NaN    -1    12 c    0   0.88 105.27749 40.82518   540.48  3249.59 2.45 2.33 -62.4 -0.406    19.39 20.87 02a60050o0051c       0   18.026043
60050.262497 19.529530      NaN    28    10 c    0   1.43 105.27749 40.82518   600.66  3323.02 2.45 2.34 -61.4 -0.410    19.39 20.86 02a60050o0064c       0   16.761212
60050.275108 19.894850      NaN     9    11 c    0   1.63 105.27749 40.82518   620.22  3201.14 2.49 2.32 -67.6 -0.411    19.36 20.84 02a60050o0089c       0   17.376370
60052.240593 19.510313      NaN    17    14 c    0   1.24 105.27749 40.82518 10179.89  9384.53 2.72 2.53  26.5 -0.388    19.27 20.59 02a60052o0029c       0   19.414897
60052.246871 19.287255      NaN    27    15 c    0   0.97 105.27749 40.82518 10160.46  9342.62 2.64 2.52  19.0 -0.397    19.32 20.69 02a60052o0042c       0   20.147909
60052.250043 20.009244      NaN    -7    12 c    0   1.16 105.27749 40.82518 10218.06  9424.30 2.68 2.63 -25.0 -0.385    19.26 20.66 02a60052o0049c       0   18.026043
60052.270220 18.878500      NaN    -5    34 c    0   1.14 105.27749 40.82518 10238.49  9304.08 2.92 2.80 -39.5 -0.362    18.29 19.64 02a60052o0090c       0   36.564166
60052.305337 13.900760      NaN -5488  3331 c    0   0.94 105.27749 40.82518   539.61  9311.56 2.66 2.07 -60.2 -0.406    14.92 16.11 02a60052o0164c       2 3331.027160
60052.329703 18.089294      NaN     3    70 c    0   1.29 105.27749 40.82518   526.57  9274.70 2.41 2.15 -53.8 -0.482    17.28 18.51 02a60052o0215c       2   71.280700
60052.343296 17.033415      NaN  -107   186 c    0   1.34 105.27749 40.82518   586.45  9352.94 2.42 2.09 -59.3 -0.464    16.01 17.20 02a60052o0243c       2  186.485759
60052.357373 15.721558      NaN   148   574 c    0   0.92 105.27749 40.82518   615.27  9226.62 2.46 2.03 -64.3 -0.455    15.93 17.01 02a60052o0272c       2  574.157590
60056.284361 19.841877      NaN    -1    14 c    0   1.50 105.27749 40.82518  6397.33  9445.13 2.73 2.66  21.9 -0.400    19.21 20.72 02a60056o0123c       0   19.414897
60056.287200 19.922338      NaN   -14    13 c    0   1.38 105.27749 40.82518  6379.98  9402.34 2.57 2.50  17.5 -0.408    19.30 20.70 02a60056o0129c       0   18.706636
60056.292883 19.841877      NaN   -14    14 c    0   0.90 105.27749 40.82518  6437.96  9480.54 2.70 2.64  28.8 -0.394    19.23 20.66 02a60056o0141c       0   19.414897
60056.304017 19.841877      NaN     2    14 c    0   1.30 105.27749 40.82518  6459.58  9361.12 2.53 2.47 -17.5 -0.408    19.26 20.61 02a60056o0164c       0   19.414897