         MJD         m       dm     uJy  duJy F  err  chi/N        RA    Dec        x        y  maj  min   phi  apfit  mag5sig   Sky            Obs    Mask    duJy_new
57342.636740 19.569016      NaN   -30.0    18 c    0   0.85 151.71196 1.6928  1999.18  6903.56 4.11 3.74 -62.3 -0.405    19.26 20.96 02a57342o0582c    8192   27.806114
57400.553608 19.302877      NaN   -31.0    23 c    0   1.20 151.71196 1.6928  9224.46  3988.85 4.17 3.98  56.8 -0.387    19.60 21.70 02a57400o0540c       0   31.275868
57400.570053 19.256669      NaN   -27.0    24 c    0   1.26 151.71196 1.6928  8385.00  2829.07 3.81 3.64  30.1 -0.416    19.70 21.71 02a57400o0562c       0   32.018431
57400.595950 19.076453      NaN    31.0    24 c    0   1.29 151.71196 1.6928  8128.85  4584.76 3.86 3.67  79.3 -0.394    19.69 21.81 02a57400o0601c       0   32.018431
57401.535693 19.922338      NaN    15.0    13 c    0   1.69 151.71196 1.6928  1683.31  7225.90 4.02 3.66 -59.0 -0.423    19.64 21.60 02a57401o0535c       0   24.863225
57401.553179 19.841877      NaN    -2.0    14 c    0   1.27 151.71196 1.6928  9341.58  4071.42 3.68 3.43  78.3 -0.436    19.62 21.51 02a57401o0560c       0   25.400393
57401.570315 19.051202      NaN    36.0    23 c    0   1.13 151.71196 1.6928  8468.02  2909.23 3.74 3.60  34.1 -0.422    19.69 21.65 02a57401o0584c       0   31.275868
57401.596870 18.978793      NaN    45.0    22 c    0   0.86 151.71196 1.6928  8161.70  4654.39 3.66 3.41  82.7 -0.418    19.69 21.65 02a57401o0623c       0   30.547994
57421.583443 19.766969      NaN   -21.0    15 c    0   1.13 151.71196 1.6928  8499.30  4110.83 3.75 3.51  85.9 -0.409    19.46 21.25 02a57421o0643c       0   25.964975
57421.607182 19.569016      NaN    15.0    18 c    0   1.03 151.71196 1.6928  8207.97  3531.23 3.79 3.67  78.5 -0.404    19.36 21.11 02a57421o0682c       0   27.806114
57421.630875 19.510313      NaN   -28.0    19 c    0   1.16 151.71196 1.6928  9383.13  2953.29 4.08 3.96  39.3 -0.400    19.26 21.00 02a57421o0721c       0   28.463660
57421.649768 19.351140      NaN     8.0    22 c    0   1.14 151.71196 1.6928  9327.43  2915.86 4.04 3.89  35.4 -0.412    19.16 20.85 02a57421o0752c       0   30.547994
57422.580022 19.569016      NaN    12.0    18 c    0   0.80 151.71196 1.6928  8283.75  4168.38 3.79 3.64  56.8 -0.422    19.53 21.43 02a57422o0637c       0   27.806114
57422.603715 19.631075      NaN    -1.0    17 c    0   1.08 151.71196 1.6928  7994.67  3588.74 4.43 4.21  23.7 -0.379    19.31 21.29 02a57422o0676c       0   27.169467
57422.627372 19.631075      NaN   -10.0    17 c    0   1.35 151.71196 1.6928  9168.47  3011.19 4.39 3.97  24.8 -0.406    19.28 21.12 02a57422o0715c       0   27.169467
57422.646785 19.302877      NaN   -51.0    23 c    0   1.14 151.71196 1.6928  9327.56  2916.66 4.84 4.33  28.0 -0.396    19.04 20.98 02a57422o0747c       0   31.275868
57428.568958 19.766969      NaN   -12.0    15 c    0   0.85 151.71196 1.6928  8512.86  4170.32 3.77 3.61  53.0 -0.439    19.65 21.65 02a57428o0605c       0   25.964975
57428.592817 19.841877      NaN   -26.0    14 c    0   1.01 151.71196 1.6928  8259.04  3594.51 3.84 3.66  27.7 -0.438    19.62 21.60 02a57428o0644c       0   25.400393
57428.616732 19.226921      NaN    29.0    21 c    0   0.79 151.71196 1.6928  9470.09  3017.32 4.15 3.72  25.6 -0.448    19.53 21.46 02a57428o0683c       0   29.835884
57428.639413 19.631075      NaN   -35.0    17 c    0   1.47 151.71196 1.6928  9472.73  2861.86 4.21 3.71  23.5 -0.452    19.41 21.27 02a57428o0720c       0   27.169467
57436.274855 17.685696      NaN    -5.0   102 c    0   0.99 151.71196 1.6928  2517.75  6809.35 5.64 5.27 -40.7 -0.351    17.76 19.01 02a57436o0112c       2  104.178596
57436.288965 17.935984      NaN   -36.0    81 c    0   0.90 151.71196 1.6928  2802.50  7392.86 4.98 4.61 -51.9 -0.395    18.01 19.17 02a57436o0135c       2   83.726817
57436.303087 17.905150      NaN    40.0    76 c    0   1.21 151.71196 1.6928  1627.57  7976.61 4.82 4.42 -47.1 -0.395    18.15 19.29 02a57436o0158c       2   78.899810
57436.317178 18.286218      NaN    26.0    56 c    0   1.02 151.71196 1.6928  1352.49  7783.77 4.76 4.27 -43.2 -0.408    18.25 19.40 02a57436o0181c    8192   59.876372
57452.474093 19.766969      NaN    16.0    15 c    0   0.69 151.71196 1.6928  8281.85  4278.72 3.80 3.54  69.3 -0.435    19.69 21.71 02a57452o0430c       0   25.964975
57452.496109 19.472870      NaN    32.0    15 c    0   1.01 151.71196 1.6928  7993.76  3697.91 3.91 3.75  48.0 -0.410    19.62 21.63 02a57452o0473c       0   25.964975
57452.518429 19.841877      NaN   -27.0    14 c    0   1.59 151.71196 1.6928  9165.06  3121.13 3.99 3.64  48.7 -0.449    19.59 21.52 02a57452o0516c       0   25.400393
57452.540849 19.696897      NaN   -13.0    16 c    0   1.28 151.71196 1.6928  9289.76  2889.90 4.08 3.69  40.1 -0.449    19.51 21.40 02a57452o0559c       0   26.555224
57460.445712 19.696897      NaN    -7.0    16 c    0   0.99 151.71196 1.6928  8417.78  4065.74 3.85 3.60  60.0 -0.443    19.60 21.51 02a57460o0475c       0   26.555224
57460.467758 19.569016      NaN    16.0    18 c    0   0.72 151.71196 1.6928  8130.42  3485.53 3.86 3.65  47.3 -0.441    19.57 21.46 02a57460o0518c       0   27.806114
57460.489914 19.841877      NaN   -25.0    14 c    0   1.41 151.71196 1.6928  9303.24  2908.64 4.12 3.69  42.2 -0.459    19.50 21.35 02a57460o0561c       0   25.400393
57460.512231 19.841877      NaN   -23.0    14 c    0   1.95 151.71196 1.6928  9286.25  2891.51 4.17 3.72  39.4 -0.453    19.45 21.28 02a57460o0604c       0   25.400393
57480.403145 19.766969      NaN   -14.0    15 c    0   1.00 151.71196 1.6928  8112.25  4095.99 3.87 3.62  66.4 -0.438    19.64 21.62 02a57480o0392c       0   25.964975
57480.426034 19.696897      NaN   -32.0    16 c    0   0.77 151.71196 1.6928  7824.46  3518.57 3.94 3.74  38.3 -0.425    19.59 21.56 02a57480o0437c       0   26.555224
57480.449046 19.631075      NaN   -32.0    17 c    0   1.13 151.71196 1.6928  8999.95  2940.03 4.08 3.68  42.2 -0.453    19.57 21.50 02a57480o0482c       0   27.169467
57480.472304 19.696897      NaN   -72.0    16 c    0   1.27 151.71196 1.6928  9274.18  2885.08 4.14 3.70  44.4 -0.456    19.50 21.37 02a57480o0527c       0   26.555224
57490.336227 19.454622      NaN     0.0    20 c    0   0.83 151.71196 1.6928  8145.39  3932.91 3.97 3.67  69.5 -0.417    19.34 21.09 02a57490o0323c       0   29.140692
57490.355436 19.631075      NaN   -29.0    17 c    0   0.99 151.71196 1.6928  7853.52  3356.04 3.92 3.77  53.1 -0.413    19.36 21.11 02a57490o0357c       0   27.169467
57490.376348 19.510313      NaN   -23.0    19 c    0   0.91 151.71196 1.6928  9042.96  2778.46 4.05 3.74  50.7 -0.437    19.40 21.20 02a57490o0392c       0   28.463660
57490.394829 19.766969      NaN   -42.0    15 c    0   1.39 151.71196 1.6928  9279.14  2877.21 4.06 3.76  56.8 -0.434    19.49 21.39 02a57490o0423c       0   25.964975
57491.332840 19.454622      NaN   -22.0    20 c    0   1.16 151.71196 1.6928  8577.28  3953.65 4.22 3.93  63.3 -0.404    19.12 20.76 02a57491o0234c       0   29.140692
57491.352139 19.401649      NaN   -52.0    21 c    0   1.30 151.71196 1.6928  8286.56  3375.34 4.31 4.13  42.6 -0.402    18.99 20.62 02a57491o0268c       0   29.835884
57491.373096 19.256669      NaN   -27.0    24 c    0   1.22 151.71196 1.6928  9458.58  2797.55 4.75 4.38  38.5 -0.388    18.93 20.61 02a57491o0303c       0   32.018431
57491.391349 19.256669      NaN   -33.0    24 c    0   1.34 151.71196 1.6928  9281.59  2878.18 4.67 4.35  37.3 -0.389    19.01 20.74 02a57491o0335c       0   32.018431
57507.337095 19.569016      NaN     7.0    18 c    0   0.96 151.71196 1.6928  8648.82  3762.11 4.19 3.89  58.4 -0.434    19.49 21.55 02a57507o0233c       0   27.806114
57507.349749 19.334813      NaN    37.0    16 c    0   1.33 151.71196 1.6928  8688.96  3723.80 4.12 3.84  52.7 -0.435    19.49 21.47 02a57507o0258c       0   26.555224
57507.362525 19.631075      NaN     8.0    17 c    0   1.17 151.71196 1.6928  8632.30  3705.09 4.23 3.96  48.9 -0.420    19.44 21.45 02a57507o0283c       0   27.169467
57507.378357 19.436675      NaN    22.0    19 c    0   1.09 151.71196 1.6928  8709.78  3782.88 4.15 3.88  51.8 -0.427    19.41 21.36 02a57507o0314c       0   28.463660
57507.394697 19.569016      NaN    -4.0    18 c    0   1.17 151.71196 1.6928  8611.53  3801.34 4.10 3.85  50.5 -0.428    19.38 21.31 02a57507o0346c       0   27.806114
57509.340780 19.454622      NaN    -9.0    20 c    0   0.94 151.71196 1.6928  8648.02  3761.25 4.17 3.89  56.5 -0.445    19.39 21.41 02a57509o0257c       0   29.140692
57509.356615 19.510313      NaN    -5.0    19 c    0   0.89 151.71196 1.6928  8688.34  3722.98 4.10 3.81  58.5 -0.443    19.39 21.26 02a57509o0288c       0   28.463660
57509.372858 19.569016      NaN    12.0    18 c    0   1.17 151.71196 1.6928  8628.94  3703.75 4.09 3.80  55.5 -0.441    19.36 21.22 02a57509o0320c       0   27.806114
57509.388501 19.401649      NaN     1.0    21 c    0   0.96 151.71196 1.6928  8705.73  3782.57 4.05 3.76  54.8 -0.446    19.31 21.11 02a57509o0351c       0   29.835884
57509.403728 19.169763      NaN    30.0    22 c    0   0.98 151.71196 1.6928  8608.69  3801.22 4.13 3.84  49.8 -0.432    19.22 21.03 02a57509o0381c       0   30.547994
57511.304420 19.631075      NaN    -2.0    17 c    0   1.37 151.71196 1.6928   816.58  3927.06 4.92 4.10 -40.3 -0.412    19.32 21.31 02a57511o0188c       0   27.169467
57511.314257 17.558604      NaN   131.0    77 c    0   6.01 151.71196 1.6928 10528.01  3939.08 4.84 4.14  66.0 -0.448    19.34 21.32 02a57511o0207c       2   79.863508
57511.315225 19.472870      NaN    23.0    18 c    0   1.13 151.71196 1.6928   796.71  3888.67 4.86 3.98 -38.0 -0.411    19.33 21.29 02a57511o0209c       0   27.806114
57511.325233 18.910912      NaN   -59.0    33 c    0   0.92 151.71196 1.6928 10508.10  3902.01 4.87 4.23  63.0 -0.436    19.31 21.32 02a57511o0228c       0   39.219637
57511.326789 19.401649      NaN   -44.0    21 c    0   0.84 151.71196 1.6928   857.08  3966.51 4.89 4.00 -35.2 -0.403    19.32 21.28 02a57511o0231c       0   29.835884
57511.338849 19.454622      NaN    -7.0    20 c    0   1.04 151.71196 1.6928   878.36  3850.37 4.82 3.97 -33.5 -0.404    19.31 21.26 02a57511o0254c       0   29.140692
57511.361255 19.510313      NaN   -37.0    19 c    0   0.96 151.71196 1.6928  8480.35  3706.20 4.15 3.93  47.9 -0.426    19.34 21.24 02a57511o0297c       0   28.463660
57547.248789 18.191747      NaN   -82.0    64 c    0   1.11 151.71196 1.6928  9998.05  2667.05 4.51 3.96  72.6 -0.485    18.18 19.15 02a57547o0030c       2   67.417950
57547.251788 18.550302      NaN   -42.0    46 c    0   0.83 151.71196 1.6928  9983.28  2626.62 4.37 3.74  77.2 -0.477    18.56 19.76 02a57547o0036c       0   50.647606
57547.256212 19.169763      NaN   -48.0    26 c    0   1.24 151.71196 1.6928   284.52  2646.13 4.67 3.86 -42.1 -0.435    18.89 20.32 02a57547o0045c       0   33.543702
57547.257666 19.089302      NaN    -8.0    28 c    0   1.07 151.71196 1.6928 10042.57  2703.64 4.43 3.74  76.2 -0.473    19.00 20.57 02a57547o0048c       0   35.116662
57547.264279 19.302877      NaN   -54.0    23 c    0   0.94 151.71196 1.6928   265.66  2605.77 4.80 3.85 -38.5 -0.432    19.15 20.83 02a57547o0061c       0   31.275868
57547.266697 19.256669      NaN    18.0    24 c    0   1.02 151.71196 1.6928 10063.92  2585.66 4.50 3.77  70.2 -0.467    19.21 20.96 02a57547o0066c       0   32.018431
57547.275341 19.401649      NaN    -4.0    21 c    0   1.30 151.71196 1.6928   325.71  2681.56 4.93 3.86 -36.8 -0.435    19.16 20.89 02a57547o0083c       0   29.835884
57547.278724 19.256669      NaN   -61.0    24 c    0   1.08 151.71196 1.6928 10024.55  2641.80 4.49 3.76  67.9 -0.471    19.21 20.95 02a57547o0090c       0   32.018431
57547.289479 19.401649      NaN    16.0    21 c    0   1.36 151.71196 1.6928   346.34  2562.16 5.04 3.86 -34.6 -0.441    19.13 20.85 02a57547o0111c       0   29.835884
57756.582735 19.841877      NaN     4.0    14 c    0   1.07 151.71196 1.6928  9536.11  2147.52 3.91 3.52  89.7 -0.418    19.75 21.72 02a57756o0710c       0   25.400393
57756.603023 19.841877      NaN    14.0    14 c    0   0.89 151.71196 1.6928  9517.90  2110.25 3.88 3.49  88.0 -0.422    19.74 21.67 02a57756o0747c       0   25.400393
57756.615905 19.841877      NaN     0.0    14 c    0   1.00 151.71196 1.6928  9576.50  2186.23 3.92 3.52  89.5 -0.423    19.73 21.67 02a57756o0769c       0   25.400393
57776.569155 19.652575      NaN    26.0    14 c    0   1.04 151.71196 1.6928  8082.81  2922.01 3.87 3.63  83.5 -0.389    19.78 21.80 02a57776o0675c       0   25.400393
57776.589646 19.766969      NaN     8.0    15 c    0   1.11 151.71196 1.6928  8066.48  2884.16 4.01 3.84  86.1 -0.376    19.66 21.69 02a57776o0715c       0   25.964975
57776.597418 19.510313      NaN    27.0    16 c    0   0.80 151.71196 1.6928  8128.38  2961.29 3.91 3.69  89.5 -0.388    19.67 21.67 02a57776o0730c       0   26.555224
57776.618943 19.766969      NaN    17.0    15 c    0   1.22 151.71196 1.6928  8151.36  2843.08 3.97 3.80  88.8 -0.385    19.60 21.55 02a57776o0770c       0   25.964975
57776.638589 19.766969      NaN     4.0    15 c    0   1.23 151.71196 1.6928  8113.26  2902.24 3.88 3.70  84.2 -0.390    19.55 21.42 02a57776o0810c       0   25.964975
57780.559274 19.841877      NaN     0.0    14 c    0   0.85 151.71196 1.6928  7923.36  4452.44 3.82 3.50 -86.7 -0.400    19.81 21.85 02a57780o0655c       0   25.400393
57780.576345 19.841877      NaN     2.0    14 c    0   1.07 151.71196 1.6928  7904.35  4415.62 3.90 3.61 -86.3 -0.390    19.78 21.83 02a57780o0685c       0   25.400393
57780.591833 19.589310      NaN    29.0    14 c    0   0.93 151.71196 1.6928  7964.10  4492.33 3.82 3.50 -87.0 -0.399    19.79 21.79 02a57780o0713c       0   25.400393
57780.612120 19.922338      NaN    -1.0    13 c    0   1.12 151.71196 1.6928  7989.23  4374.47 3.81 3.55 -89.3 -0.394    19.76 21.77 02a57780o0750c       0   24.863225
57780.627039 19.766969      NaN   -13.0    15 c    0   1.16 151.71196 1.6928  7950.43  4432.87 3.95 3.80  88.4 -0.376    19.66 21.71 02a57780o0778c       0   25.964975
57784.546223 20.009244      NaN    10.0    12 c    0   1.30 151.71196 1.6928  9648.34  2629.43 4.04 3.72  81.0 -0.415    19.78 21.93 02a57784o0444c       0   24.355286
57784.563678 19.472870      NaN    32.0    15 c    0   0.93 151.71196 1.6928  9632.62  2592.37 3.95 3.67  80.7 -0.417    19.79 21.90 02a57784o0476c       0   25.964975
57784.574382 19.696897      NaN   -14.0    16 c    0   0.99 151.71196 1.6928  9688.95  2669.63 3.97 3.64  81.1 -0.422    19.77 21.87 02a57784o0498c       0   26.555224
57784.593021 19.169763      NaN    54.0    14 c    0   1.31 151.71196 1.6928  9712.11  2551.38 3.93 3.63  81.4 -0.430    19.75 21.82 02a57784o0531c       0   25.400393
57784.610190 19.696897      NaN   -45.0    16 c    0   1.00 151.71196 1.6928  9677.10  2607.81 4.05 3.85  80.5 -0.410    19.65 21.76 02a57784o0566c       0   26.555224
57804.548500 18.649074      NaN   -48.0    42 c    0   0.95 151.71196 1.6928  6777.43  4877.88 3.84 3.75 -88.9 -0.370    18.25 19.89 02a57804o0649c    8192   47.044447
57804.564873 19.212347      NaN    27.0    22 c    0   0.95 151.71196 1.6928  6741.77  4934.02 4.00 3.83  84.4 -0.371    19.14 20.87 02a57804o0678c    8192   30.547994
57808.488490 19.696897      NaN    14.0    16 c    0   0.95 151.71196 1.6928  6814.58  3700.34 3.73 3.53  88.4 -0.389    19.48 21.33 02a57808o0516c       0   26.555224
57808.504762 19.766969      NaN     0.0    15 c    0   1.00 151.71196 1.6928  6797.07  3661.79 3.74 3.53 -88.8 -0.389    19.63 21.51 02a57808o0546c       0   25.964975
57808.521227 19.766969      NaN     7.0    15 c    0   0.96 151.71196 1.6928  6857.20  3738.15 3.75 3.56  85.8 -0.390    19.61 21.47 02a57808o0577c       0   25.964975
57808.538412 19.719755      NaN    23.0    14 c    0   1.17 151.71196 1.6928  6878.73  3620.37 3.74 3.58  88.8 -0.387    19.57 21.41 02a57808o0609c       0   25.400393
57808.554248 19.743105      NaN    19.0    15 c    0   1.11 151.71196 1.6928  6842.23  3674.37 3.74 3.60  84.3 -0.385    19.47 21.28 02a57808o0638c       0   25.964975
57816.380942 19.631075      NaN   -10.0    17 c    0   0.83 151.71196 1.6928 10381.67  8273.82 4.05 3.51  87.2 -0.400    19.50 21.40 02a57816o0260c       0   27.169467
57816.406980 19.631075      NaN   -27.0    17 c    0   1.00 151.71196 1.6928    78.07  2133.04 3.99 3.75  76.5 -0.393    19.65 21.65 02a57816o0310c       0   27.169467
57816.407456 19.841877      NaN   -26.0    14 c    0   1.07 151.71196 1.6928  9827.03  2182.77 3.86 3.57  77.4 -0.435    19.65 21.64 02a57816o0311c       0   25.400393
57816.412765 19.922338      NaN   -33.0    13 c    0   1.16 151.71196 1.6928   139.36  2212.49 4.00 3.77  76.3 -0.381    19.70 21.75 02a57816o0322c       0   24.863225
57816.419786 19.510313      NaN    30.0    15 c    0   1.05 151.71196 1.6928  9809.16  2142.98 3.90 3.60  75.5 -0.430    19.72 21.79 02a57816o0336c       0   25.964975
57816.433287 19.841877      NaN    10.0    14 c    0   1.02 151.71196 1.6928   159.64  2094.83 4.02 3.75  80.4 -0.387    19.74 21.83 02a57816o0359c       0   25.400393
57816.436750 19.696897      NaN     1.0    16 c    0   0.78 151.71196 1.6928  9866.23  2223.60 3.90 3.54  80.2 -0.437    19.74 21.82 02a57816o0365c       0   26.555224
57816.444947 19.841877      NaN    -5.0    14 c    0   1.01 151.71196 1.6928   121.77  2151.54 4.06 3.74  78.3 -0.385    19.74 21.83 02a57816o0380c       0   25.400393
57816.446462 19.696897      NaN    18.0    16 c    0   0.96 151.71196 1.6928  9888.95  2106.64 3.89 3.54  80.4 -0.436    19.74 21.82 02a57816o0383c       0   26.555224
57816.463538 19.841877      NaN     5.0    14 c    0   1.19 151.71196 1.6928  9850.41  2167.58 3.89 3.55  78.9 -0.434    19.72 21.80 02a57816o0417c       0   25.400393
57836.425928 19.696897      NaN   -24.0    16 c    0   1.17 151.71196 1.6928  7198.78  4029.91 3.81 3.60  85.8 -0.384    18.96 20.77 02a57836o0375c       0   26.555224
57836.441622 19.351140      NaN    33.0    17 c    0   1.05 151.71196 1.6928  7181.77  3990.96 3.84 3.63  88.8 -0.379    18.93 20.72 02a57836o0404c       0   27.169467
57836.457675 19.569016      NaN   -26.0    18 c    0   0.92 151.71196 1.6928  7239.51  4068.03 3.90 3.68  87.8 -0.375    18.89 20.70 02a57836o0434c       0   27.806114
57836.473800 19.569016      NaN    -4.0    18 c    0   0.77 151.71196 1.6928  7261.03  3951.47 3.82 3.60  87.8 -0.381    18.89 20.63 02a57836o0464c       0   27.806114
57836.490241 19.696897      NaN   -28.0    16 c    0   0.93 151.71196 1.6928  7224.66  4007.64 3.79 3.57  89.2 -0.384    18.86 20.57 02a57836o0494c       0   26.555224
57840.414014 19.696897      NaN     8.0    16 c    0   1.16 151.71196 1.6928  7416.20  3604.38 3.80 3.63  82.5 -0.382    19.00 20.85 02a57840o0355c       0   26.555224
57840.431095 19.696897      NaN     1.0    16 c    0   0.92 151.71196 1.6928  7400.32  3564.24 3.88 3.67  84.1 -0.379    18.96 20.80 02a57840o0387c       0   26.555224
57840.448021 19.696897      NaN    -7.0    16 c    0   1.18 151.71196 1.6928  7459.37  3640.80 4.13 3.94  88.7 -0.365    18.86 20.76 02a57840o0417c       0   26.555224
57840.465135 19.766969      NaN   -11.0    15 c    0   1.13 151.71196 1.6928  7480.80  3523.67 3.88 3.67  84.4 -0.387    18.91 20.71 02a57840o0449c       0   25.964975
57840.482837 19.454622      NaN    -8.0    20 c    0   0.96 151.71196 1.6928  7441.23  3580.60 4.09 3.96  84.3 -0.378    18.78 20.62 02a57840o0482c       0   29.140692
57844.403794 19.212347      NaN    48.0    15 c    0   1.98 151.71196 1.6928  9504.96  3684.50 3.93 3.50  89.6 -0.415    19.62 21.63 02a57844o0327c       0   25.964975
57844.420568 19.766969      NaN    18.0    15 c    0   1.33 151.71196 1.6928  9563.54  3762.82 3.99 3.64  87.9 -0.410    19.58 21.59 02a57844o0358c       0   25.964975
57844.432503 19.569016      NaN    16.0    18 c    0   1.15 151.71196 1.6928  9583.35  3645.23 3.94 3.57  87.9 -0.415    19.57 21.53 02a57844o0381c       0   27.806114
57844.450737 19.510313      NaN    11.0    19 c    0   0.97 151.71196 1.6928  9546.20  3701.57 4.14 3.88  88.6 -0.401    19.46 21.47 02a57844o0416c       0   28.463660
57868.384827 19.766969      NaN     2.0    15 c    0   1.21 151.71196 1.6928  8194.57  1853.47 4.03 2.99  29.4 -0.408    19.23 20.41 02a57868o0084c       0   25.964975
57868.397877 19.766969      NaN     4.0    15 c    0   1.12 151.71196 1.6928  8173.50  1815.06 3.96 2.92  29.1 -0.415    19.20 20.30 02a57868o0109c       0   25.964975
57868.424459 19.510313      NaN     2.0    19 c    0   0.80 151.71196 1.6928  8250.47  1776.95 4.11 3.09  29.9 -0.408    19.05 20.15 02a57868o0160c       0   28.463660
57868.437602 19.454622      NaN   -26.0    20 c    0   0.88 151.71196 1.6928  8211.95  1834.81 4.33 3.19  28.6 -0.391    18.94 20.01 02a57868o0185c       0   29.140692
57896.281909 16.345993      NaN   313.0   252 c    0   0.18 151.71196 1.6928    32.49  3343.43 3.53 2.90   0.8 -0.410    19.40 21.12 02a57896o0092c       2  252.889660
57896.290346 19.631075      NaN     6.0    17 c    0   0.99 151.71196 1.6928  9767.09  3359.28 3.73 2.99  56.1 -0.418    19.35 21.10 02a57896o0108c       0   27.169467
57896.340494 19.696897      NaN     1.0    16 c    0   0.99 151.71196 1.6928  9831.59  3277.21 4.11 3.48  56.2 -0.404    19.29 21.12 02a57896o0142c       0   26.555224
57896.348483 20.009244      NaN  -293.0    12 c    0   1.26 151.71196 1.6928    59.78  3316.58 3.62 3.25   0.2 -0.395    19.16 20.88 02a57896o0157c    4096   24.355286
57900.283216 19.351140      NaN    -2.0    22 c    0   0.38 151.71196 1.6928  8483.26  2652.92 3.74 2.64  52.8 -0.431    19.49 20.93 02a57900o0071c       0   30.547994
57900.300526 19.696897      NaN    24.0    14 c    0   1.09 151.71196 1.6928  8458.41  2613.31 3.96 2.54  48.9 -0.429    19.47 20.93 02a57900o0104c       0   25.400393
57900.316840 19.696897      NaN   -13.0    16 c    0   0.74 151.71196 1.6928  8517.20  2690.40 4.05 2.57  47.4 -0.433    19.37 20.88 02a57900o0135c       0   26.555224
57900.332860 19.183773      NaN    53.0    14 c    0   1.21 151.71196 1.6928  8539.94  2572.86 4.11 2.55  46.2 -0.428    19.38 20.85 02a57900o0165c       0   25.400393
57900.349954 19.631075      NaN   -16.0    17 c    0   1.20 151.71196 1.6928  8500.56  2630.75 3.97 2.54  46.0 -0.440    19.32 20.74 02a57900o0197c       0   27.169467
58074.605165 20.449472      NaN     2.0     8 c    0   1.95 151.71196 1.6928  4599.67  2718.87 2.72 2.37  48.8 -0.407    19.60 21.25 02a58074o0744c       0   22.653475
58074.613060 20.207197      NaN    21.0     9 c    0   1.23 151.71196 1.6928  4616.64  2759.08 2.63 2.37  45.1 -0.412    19.62 21.25 02a58074o0761c       0   23.025637
58074.621034 20.207197      NaN    24.0     8 c    0   2.04 151.71196 1.6928  4556.22  2682.05 2.66 2.36  46.8 -0.410    19.63 21.27 02a58074o0778c       0   22.653475
58074.629116 20.594452      NaN    -1.0     7 c    0   1.38 151.71196 1.6928  4535.41  2800.28 2.60 2.34  46.8 -0.414    19.66 21.29 02a58074o0795c       0   22.319945
58082.581985 19.089302      NaN    17.0    28 c    0   1.29 151.71196 1.6928  4982.66   222.61 2.68 2.42  31.4 -0.420    18.57 20.13 02a58082o0832c       0   35.116662
58082.589586 19.743105      NaN    25.0    13 c    0   1.02 151.71196 1.6928  5077.68  9957.71 2.81 2.49  29.4 -0.457    19.56 21.23 02a58082o0847c       0   24.863225
58082.590517 19.609992      NaN    40.0    10 c    0   1.55 151.71196 1.6928  4925.12   146.63 2.85 2.53  39.5 -0.405    19.66 21.31 02a58082o0849c       0   23.434589
58082.596495 19.454622      NaN     8.0    20 c    0   1.10 151.71196 1.6928  5095.46  9998.65 2.76 2.35  18.7 -0.452    19.21 20.78 02a58082o0862c       0   29.140692
58082.597428 19.051202      NaN    12.0    29 c    0   1.46 151.71196 1.6928  4905.78   266.21 2.72 2.46  40.6 -0.402    18.10 19.64 02a58082o0864c       0   35.919075
58082.607587 19.696897      NaN     8.0    16 c    0   1.16 151.71196 1.6928  5036.76  9923.40 2.50 2.25  20.6 -0.454    18.97 20.49 02a58082o0878c       0   26.555224
58082.616841 19.696897      NaN    14.0    16 c    0   1.21 151.71196 1.6928  5015.17 10043.22 2.55 2.28  21.8 -0.453    19.31 20.88 02a58082o0894c       0   26.555224
58134.592470 20.449472      NaN     9.0     8 c    0   1.58 151.71196 1.6928  6637.29  9657.74 2.60 2.54  11.1 -0.437    19.81 21.83 02a58134o0838c       0   22.653475
58134.602410 20.449472      NaN     3.0     8 c    0   1.22 151.71196 1.6928  6620.23  9619.18 2.62 2.55  -5.6 -0.436    19.80 21.83 02a58134o0859c       0   22.653475
58134.612457 20.761819      NaN   -10.0     6 c    0   2.50 151.71196 1.6928  6680.52  9697.28 2.62 2.50  -5.3 -0.437    19.82 21.81 02a58134o0880c       0   22.026801
58162.549941 20.321591      NaN    12.0     9 c    0   1.18 151.71196 1.6928  5461.12  8132.84 2.49 2.47   1.0 -0.437    19.81 21.69 02a58162o0234c    8192   23.025637
58226.386597 18.878500      NaN   -59.0    34 c    0   1.55 151.71196 1.6928  7126.42  7252.95 2.75 2.57 -59.6 -0.397    18.19 19.73 02a58226o0142c    8192   40.064697
58226.397087 17.740268      NaN  -159.0    97 c    0   1.00 151.71196 1.6928  7107.09  7213.98 2.77 2.63 -52.2 -0.396    17.06 18.53 02a58226o0164c       2   99.288368
58226.408078 18.034118      NaN  -156.0    74 c    0   1.07 151.71196 1.6928  7167.45  7290.58 2.66 2.52 -50.0 -0.417    17.52 18.98 02a58226o0187c       2   76.975190
58254.353807 20.103715      NaN   -11.0    11 c    0   1.82 151.71196 1.6928  7902.84  9108.22 3.11 2.99 -75.4 -0.379    19.33 21.22 02a58254o0030c    8192   23.878441
58278.277051 19.454622      NaN     4.0    20 c    0   1.01 151.71196 1.6928  6706.85  8106.02 3.08 2.75 -64.2 -0.382    18.92 20.48 02a58278o0084c       0   29.140692
58278.288023 19.510313      NaN    21.0    18 c    0   1.15 151.71196 1.6928  6687.08  8066.28 2.98 2.72 -65.6 -0.401    18.92 20.43 02a58278o0107c       0   27.806114
58278.299174 19.569016      NaN   -16.0    18 c    0   1.08 151.71196 1.6928  6743.23  8144.82 2.77 2.55 -56.9 -0.403    18.95 20.42 02a58278o0130c       0   27.806114
58278.310701 19.351140      NaN   -23.0    22 c    0   1.15 151.71196 1.6928  6762.45  8028.75 2.80 2.62 -45.2 -0.417    18.86 20.38 02a58278o0153c       0   30.547994
58286.261266 19.226921      NaN    35.0    19 c    0   1.11 151.71196 1.6928  6837.09  8065.51 3.05 2.79 -76.0 -0.397    19.03 20.33 02a58286o0046c       0   28.463660
58286.270730 19.569016      NaN   -15.0    18 c    0   0.95 151.71196 1.6928  6816.81  8025.86 3.00 2.74 -67.6 -0.400    19.13 20.47 02a58286o0066c       0   27.806114
58286.281610 19.401649      NaN    -2.0    21 c    0   0.78 151.71196 1.6928  6874.51  8103.73 3.03 2.72 -63.9 -0.387    19.05 20.36 02a58286o0089c       0   29.835884
58286.292461 19.454622      NaN     0.0    20 c    0   1.05 151.71196 1.6928  6894.72  7985.74 2.86 2.61 -52.2 -0.417    19.02 20.31 02a58286o0112c       0   29.140692
58458.619660 16.969196 0.022008   592.5    12 c    0   2.10 151.71196 1.6928  2802.33  7785.03 2.44 2.30  12.3 -0.444    19.75 21.62 02a58458o0558c       0   24.355286
58458.629194 16.991430 0.026207   580.5    14 c    0   1.86 151.71196 1.6928  2827.84  7823.29 2.62 2.48  17.7 -0.442    19.70 21.63 02a58458o0577c       0   25.400393
58458.637401 16.913780 0.022656   623.5    13 c    0   1.88 151.71196 1.6928  2769.06  7744.70 2.56 2.41  17.9 -0.449    19.72 21.63 02a58458o0594c       0   24.863225
58458.646188 16.906831 0.019048   627.5    11 c    0   3.32 151.71196 1.6928  2748.15  7864.57 2.52 2.44   7.9 -0.438    19.75 21.60 02a58458o0612c       0   23.878441
58462.610209 17.041226 0.021558   554.5    11 c    0   1.46 151.71196 1.6928  4753.81  5851.96 2.73 2.71 -19.7 -0.410    19.67 21.80 02a58462o0873c       0   23.878441
58462.618991 16.983968 0.024169   584.5    13 c    0   1.47 151.71196 1.6928  4774.98  5890.18 3.25 3.22  54.6 -0.390    19.48 21.77 02a58462o0891c       0   24.863225
58462.627169 16.961884 0.023682   596.5    13 c    0   1.55 151.71196 1.6928  4715.73  5812.73 3.28 3.24  55.4 -0.387    19.48 21.76 02a58462o0908c       0   24.863225
58462.635975 17.041226 0.023518   554.5    12 c    0   1.63 151.71196 1.6928  4694.92  5931.12 2.83 2.80  37.8 -0.413    19.63 21.76 02a58462o0926c       0   24.355286
58486.552192 22.707197      NaN  -396.5     1 c    0   7.54 151.71196 1.6928  1945.62 10525.93 2.75 2.44  -6.5 -0.415    19.66 21.75 02a58486o0752c    4096   21.217444
58486.554061 17.546052 0.037439   348.5    12 c    0   1.08 151.71196 1.6928  1979.39   792.77 2.74 2.41  47.7 -0.441    19.70 21.73 02a58486o0756c       0   24.355286
58486.557334 17.630360 0.037090   322.5    11 c    0   1.40 151.71196 1.6928  8648.88  9804.52 2.68 2.52  34.6 -0.429    19.74 21.74 02a58486o0762c       0   23.878441
58486.557791 17.770534 0.046038   283.5    12 c    0   1.98 151.71196 1.6928  8682.39    65.79 2.80 2.57  46.7 -0.389    19.73 21.76 02a58486o0763c       0   24.355286
58486.567550 17.650782 0.037795   316.5    11 c    0   1.79 151.71196 1.6928  2020.18   833.66 2.67 2.36  47.5 -0.451    19.74 21.74 02a58486o0784c       0   23.878441
58486.581611 17.696393 0.042999   303.5    12 c    0   1.90 151.71196 1.6928  2001.11 10448.50 2.77 2.55   1.4 -0.404    19.70 21.76 02a58486o0814c       0   24.355286
58486.582525 17.703584 0.036071   301.5    10 c    0   1.47 151.71196 1.6928  2036.34   717.94 2.72 2.44  49.6 -0.444    19.68 21.74 02a58486o0816c       0   23.434589
58494.509407 17.736543 0.037183   292.5    10 c    0   1.46 151.71196 1.6928  8633.63  5864.77 2.59 2.52 -72.9 -0.408    19.70 21.86 02a58494o0653c       0   23.434589
58494.517476 17.747755 0.037569   289.5    10 c    0   1.39 151.71196 1.6928  8650.61  5904.52 2.63 2.58  84.8 -0.407    19.71 21.90 02a58494o0670c       0   23.434589
58494.525522 17.682154 0.038903   307.5    11 c    0   1.17 151.71196 1.6928  8591.55  5828.31 2.67 2.57 -85.7 -0.411    19.73 21.92 02a58494o0687c       0   23.878441
58494.534422 17.850111 0.041283   263.5    10 c    0   1.72 151.71196 1.6928  8567.51  5947.13 2.60 2.53 -78.4 -0.410    19.74 21.93 02a58494o0705c       0   23.434589
58518.502104 18.053859 0.044824   218.5     9 c    0   1.39 151.71196 1.6928  9752.43  2763.83 2.70 2.57  75.6 -0.450    19.79 21.81 02a58518o0599c       0   23.025637
58518.509530 18.431198 0.084603   154.5    12 c    0   1.46 151.71196 1.6928    67.35  2785.77 2.58 2.32  34.6 -0.465    19.82 21.81 02a58518o0614c       0   24.355286
58518.511050 18.147425 0.054287   200.5    10 c    0   1.21 151.71196 1.6928  9732.80  2726.69 2.65 2.57  64.8 -0.454    19.81 21.82 02a58518o0617c       0   23.434589
58518.518500 18.131260 0.058833   203.5    11 c    0   1.54 151.71196 1.6928    86.13  2669.22 2.59 2.32  34.0 -0.471    19.78 21.81 02a58518o0632c       0   23.878441
58518.519455 18.237955 0.053107   184.5     9 c    0   1.99 151.71196 1.6928  9790.60  2805.62 2.63 2.59  67.1 -0.446    19.79 21.81 02a58518o0634c       0   23.025637
58518.528322 18.079051 0.050974   213.5    10 c    0   1.68 151.71196 1.6928  9810.58  2689.94 2.68 2.59  73.7 -0.458    19.80 21.84 02a58518o0652c       0   23.434589
58574.387757 19.569016 0.281487    54.5    14 c    0   0.90 151.71196 1.6928  9709.12  4724.43 3.05 2.95   6.3 -0.392    19.22 21.37 02a58574o0012c    8192   25.400393
58574.396214 17.128948      NaN    16.5   165 c    0   0.02 151.71196 1.6928    37.85  4736.28 3.80 3.10 -12.4 -0.332    19.28 21.58 02a58574o0029c       2  166.355583
58574.396680 18.955691 0.160003    95.5    14 c    0   1.10 151.71196 1.6928  9688.70  4686.33 3.70 3.32 -11.8 -0.390    19.21 21.49 02a58574o0030c    8192   25.400393
58578.382266 19.256669 0.135717    72.5     9 c    0   0.96 151.71196 1.6928  3900.90  2773.05 2.54 2.34  60.0 -0.404    19.71 21.72 02a58578o0348c       0   23.025637
58578.391367 19.197966 0.142860    76.5    10 c    0   1.05 151.71196 1.6928  3881.84  2733.97 2.52 2.32  62.6 -0.406    19.70 21.71 02a58578o0367c       0   23.434589
58578.400371 19.241693 0.118985    73.5     8 c    0   1.30 151.71196 1.6928  3940.34  2811.66 2.51 2.35  59.7 -0.404    19.70 21.70 02a58578o0386c       0   22.653475
58578.409518 19.063754 0.100999    86.5     8 c    0   1.83 151.71196 1.6928  3959.82  2695.10 2.47 2.37  58.2 -0.400    19.69 21.67 02a58578o0405c       0   22.653475
58582.380079 19.256669 0.150797    72.5    10 c    0   1.48 151.71196 1.6928  9707.80  8610.94 2.89 2.70 -63.1 -0.379    19.62 21.50 02a58582o0340c       0   23.434589
58582.389114 19.241693 0.163604    73.5    11 c    0   1.20 151.71196 1.6928  9688.71  8572.20 2.88 2.65 -58.8 -0.385    19.60 21.47 02a58582o0359c       0   23.878441
58582.397668 17.254972      NaN    23.5   144 c    0   0.03 151.71196 1.6928    34.25  8508.63 2.59 2.20 -50.4 -0.405    19.57 21.41 02a58582o0377c       2  145.551297
58582.398135 19.652575 0.217147    50.5    10 c    0   1.37 151.71196 1.6928  9748.10  8651.86 2.92 2.62 -53.8 -0.383    19.62 21.45 02a58582o0378c       0   23.434589
58582.407205 19.609992 0.208795    52.5    10 c    0   1.24 151.71196 1.6928  9768.18  8534.78 2.85 2.59 -51.9 -0.388    19.62 21.43 02a58582o0397c       0   23.434589
58606.334354 19.351140      NaN   -27.5    22 c    0   1.27 151.71196 1.6928  7763.61  4723.11 2.67 2.41  50.9 -0.390    18.61 20.39 02a58606o0063c    8192   30.547994
58610.339495 19.569016 0.160850    54.5     8 c    0   1.80 151.71196 1.6928  5815.24  8593.81 2.58 2.40  58.4 -0.409    19.71 21.46 02a58610o0203c       0   22.653475
58610.348382 19.766969 0.217147    45.5     9 c    0   1.26 151.71196 1.6928  5797.44  8554.46 2.59 2.40  53.4 -0.408    19.70 21.42 02a58610o0222c       0   23.025637
58610.357289 19.183773 0.141005    77.5    10 c    0   1.46 151.71196 1.6928  5857.90  8631.67 2.52 2.40  59.6 -0.414    19.69 21.37 02a58610o0241c       0   23.434589
58610.366325 19.241693 0.148731    73.5    10 c    0   1.42 151.71196 1.6928  5880.22  8513.61 2.49 2.43  69.7 -0.419    19.70 21.35 02a58610o0260c       0   23.434589
58634.257105 20.071303 0.287401    34.5     9 c    0   1.47 151.71196 1.6928  8086.84  2792.92 2.49 2.45  83.9 -0.389    19.53 21.10 02a58634o0058c       0   23.025637
58634.260346 19.868040      NaN    17.5     8 c    0   1.82 151.71196 1.6928  8067.77  2753.80 2.40 2.35  71.5 -0.393    19.61 21.24 02a58634o0065c       0   22.653475
58634.265904 19.287255 0.155105    70.5    10 c    0   1.32 151.71196 1.6928  8125.64  2831.59 2.45 2.38 -76.0 -0.396    19.67 21.31 02a58634o0077c       0   23.434589
58634.275782 19.719755      NaN    20.5     9 c    0   1.29 151.71196 1.6928  8146.47  2714.10 2.43 2.37 -73.0 -0.399    19.63 21.29 02a58634o0098c       0   23.025637
58642.248208 18.336727      NaN    48.5    40 c    0   1.35 151.71196 1.6928 10046.33  2698.43 2.59 2.29 -53.4 -0.438    18.22 19.03 02a58642o0035c       0   45.267869
58642.251921 18.847027      NaN    36.5    23 c    0   0.98 151.71196 1.6928 10027.25  2659.05 2.63 2.33 -51.7 -0.435    18.72 19.63 02a58642o0043c       0   31.275868
58642.257914 19.674510 0.354526    49.5    16 c    0   1.31 151.71196 1.6928 10085.34  2736.34 2.67 2.33 -53.1 -0.428    19.06 20.18 02a58642o0056c       0   26.555224
58642.268200 19.334813      NaN    31.5    12 c    0   2.40 151.71196 1.6928 10107.01  2618.82 2.64 2.27 -51.8 -0.426    19.16 20.36 02a58642o0078c       0   24.355286
58790.585163 20.009244      NaN   -13.5    12 c    0   1.07 151.71196 1.6928  4426.81  7687.61 2.40 2.31  32.3 -0.397    19.40 20.82 02a58790o0844c       0   24.355286
58790.588390 19.766969      NaN     9.5    12 c    0   0.97 151.71196 1.6928  4445.69  7726.15 2.39 2.30  28.5 -0.398    19.42 20.84 02a58790o0851c       0   24.355286
58790.594830 20.103715      NaN     0.5    11 c    0   1.23 151.71196 1.6928  4387.16  7648.01 2.46 2.33  29.3 -0.390    19.40 20.89 02a58790o0865c       0   23.878441
58790.605946 19.979496      NaN    10.5     9 c    0   1.37 151.71196 1.6928  4370.71  7764.06 2.46 2.39  21.1 -0.398    19.46 20.93 02a58790o0887c       0   23.025637
58794.609030 19.674510      NaN    19.5    10 c    0   1.54 151.71196 1.6928 10128.48  1871.76 2.51 2.29 -44.7 -0.413    19.55 21.15 02a58794o0745c       0   23.434589
58794.612337 20.207197      NaN   -21.5    10 c    0   1.28 151.71196 1.6928 10147.49  1910.86 2.54 2.29 -48.6 -0.416    19.57 21.14 02a58794o0752c       0   23.434589
58794.622322 19.631075      NaN    18.5    11 c    0   1.14 151.71196 1.6928 10088.61  1834.38 2.47 2.25 -57.4 -0.413    19.60 21.21 02a58794o0773c       0   23.878441
58794.628546 20.282105      NaN     4.5     8 c    0   2.25 151.71196 1.6928 10060.50  1952.13 2.56 2.28 -54.1 -0.415    19.59 21.21 02a58794o0786c       0   22.653475
58814.604490 19.014394      NaN   -40.5    30 c    0   0.42 151.71196 1.6928 10516.43  4025.51 2.69 2.43 -59.4 -0.415    19.73 21.49 02a58814o0796c       0   36.731185
58814.607934 19.816329      NaN    19.5     8 c    0   1.52 151.71196 1.6928   377.13  4003.26 2.49 2.26 -55.5 -0.381    19.66 21.42 02a58814o0803c       0   22.653475
58814.611495 19.549093 0.138185    55.5     7 c    0   2.09 151.71196 1.6928   392.29  4042.63 2.48 2.23 -54.0 -0.382    19.70 21.42 02a58814o0810c       0   22.319945
58814.613528 19.589310      NaN    23.5    10 c    0   1.09 151.71196 1.6928 10471.42  3989.13 2.65 2.46  17.7 -0.397    19.62 21.49 02a58814o0814c       0   23.434589
58814.617096 19.719755      NaN    23.5     8 c    0   1.50 151.71196 1.6928   335.42  3964.62 2.47 2.35 -52.2 -0.375    19.65 21.41 02a58814o0821c       0   22.653475
58814.625027 19.791368 0.222082    44.5     9 c    0   1.16 151.71196 1.6928 10452.05  4106.38 2.64 2.45 -56.0 -0.427    19.74 21.49 02a58814o0838c       0   23.025637
58814.630278 19.791368      NaN    20.5     8 c    0   1.41 151.71196 1.6928   313.97  4081.42 2.51 2.32 -51.0 -0.373    19.65 21.44 02a58814o0849c       0   22.653475
58846.565755 20.449472      NaN    -6.5     8 c    0   1.63 151.71196 1.6928   551.45  7876.04 3.08 2.48 -53.3 -0.403    19.67 21.86 02a58846o0800c       0   22.653475
58846.569826 20.449472      NaN    -0.5     8 c    0   1.67 151.71196 1.6928   571.42  7915.57 3.11 2.50 -53.3 -0.411    19.66 21.86 02a58846o0808c       0   22.653475
58846.578290 20.449472      NaN    -1.5     8 c    0   1.10 151.71196 1.6928   512.05  7844.30 2.93 2.52 -48.9 -0.398    19.69 21.85 02a58846o0824c       0   22.653475
58846.589389 20.449472      NaN     0.5     8 c    0   1.63 151.71196 1.6928   493.32  7960.21 2.85 2.36 -49.5 -0.403    19.73 21.87 02a58846o0846c       0   22.653475
58870.472206 20.449472      NaN   -16.5     8 c    0   0.86 151.71196 1.6928  8645.82  6040.18 2.46 2.40  62.0 -0.400    19.87 21.88 02a58870o0587c       0   22.653475
58870.474951 19.979496      NaN    13.5     8 c    0   1.48 151.71196 1.6928  8665.01  6081.46 2.51 2.45  44.9 -0.397    19.85 21.88 02a58870o0593c       0   22.653475
58870.480268 20.449472      NaN    -1.5     8 c    0   1.34 151.71196 1.6928  8607.19  6004.38 2.45 2.37  50.7 -0.400    19.87 21.88 02a58870o0604c       0   22.653475
58870.489953 20.449472      NaN    -8.5     8 c    0   1.15 151.71196 1.6928  8588.39  6122.72 2.58 2.38  40.0 -0.391    19.84 21.88 02a58870o0625c       0   22.653475
58874.541398 20.495680      NaN     5.5     6 c    0   1.95 151.71196 1.6928  1741.36   614.91 2.63 2.25 -57.6 -0.417    19.89 21.97 02a58874o0731c       0   22.026801
58874.544685 19.868040      NaN    17.5     8 c    0   1.55 151.71196 1.6928  1722.15   577.33 2.68 2.27 -59.3 -0.413    19.85 21.97 02a58874o0738c       0   22.653475
58874.550268 20.543943      NaN     1.5     7 c    0   1.49 151.71196 1.6928  1781.70   657.10 2.72 2.30 -57.0 -0.417    19.82 21.96 02a58874o0749c       0   22.319945
58874.560240 20.449472      NaN    -4.5     8 c    0   1.19 151.71196 1.6928  1798.04   538.05 2.77 2.30 -56.0 -0.410    19.84 21.95 02a58874o0769c       0   22.653475
58878.399959 19.529530      NaN     2.5    18 c    0   0.96 151.71196 1.6928  8827.42  9938.67 2.88 2.62 -59.8 -0.385    18.79 20.63 02a58878o0423c       0   27.806114
58878.402773 18.878500      NaN   -47.5    34 c    0   0.84 151.71196 1.6928  8848.78  9979.81 2.77 2.58 -64.3 -0.385    18.17 19.92 02a58878o0429c       0   40.064697
58878.407880 16.161205      NaN   424.5   274 c    0   1.09 151.71196 1.6928  8789.92  9900.50 2.78 2.53 -53.7 -0.482    16.00 17.67 02a58878o0440c       2  274.818449
58878.418043 19.922338      NaN     6.5    11 c    0   1.30 151.71196 1.6928  8770.28 10019.71 2.82 2.51 -55.4 -0.382    19.70 21.60 02a58878o0462c       0   23.878441
58902.431619 20.449472      NaN    13.0     8 c    0   1.17 151.71196 1.6928  6202.07  3723.34 2.38 2.26 -56.8 -0.407    19.77 21.78 02a58902o0476c       0   22.653475
58902.435514 20.321591      NaN    17.0     9 c    0   1.19 151.71196 1.6928  4349.23  6795.65 2.46 2.42  13.4 -0.410    19.79 21.78 02a58902o0484c       0   23.025637
58902.442822 20.594452      NaN    -6.0     7 c    0   1.32 151.71196 1.6928  4405.29  6872.88 2.45 2.34 -56.0 -0.418    19.76 21.77 02a58902o0499c       0   22.319945
58902.453106 20.321591      NaN    11.0     9 c    0   0.85 151.71196 1.6928  4429.88  6759.46 2.42 2.38  41.4 -0.408    19.77 21.75 02a58902o0520c       0   23.025637
58930.431304 19.696897      NaN     3.0    16 c    0   0.99 151.71196 1.6928  4321.68  8491.99 2.39 2.36  87.0 -0.407    19.02 20.77 02a58930o0397c       0   26.555224
58930.434082 20.321591      NaN   -31.0     9 c    0   1.20 151.71196 1.6928  4302.61  8453.15 2.37 2.34 -76.7 -0.408    19.64 21.48 02a58930o0403c       0   23.025637
58930.439664 20.207197      NaN    -5.0    10 c    0   1.14 151.71196 1.6928  4361.55  8528.18 2.38 2.31 -51.9 -0.412    19.62 21.41 02a58930o0415c       0   23.434589
58930.449487 19.631075      NaN    -4.0    17 c    0   0.99 151.71196 1.6928  4381.70  8412.27 2.45 2.34 -47.0 -0.411    19.09 20.81 02a58930o0436c       0   27.169467
58934.349048 19.696897      NaN    19.0    16 c    0   1.19 151.71196 1.6928  4329.32  8491.02 3.10 2.95 -44.3 -0.382    19.04 21.19 02a58934o0282c       0   26.555224
58934.352572 19.841877      NaN     2.0    14 c    0   1.39 151.71196 1.6928  4310.18  8452.77 2.89 2.76 -51.0 -0.393    19.15 21.24 02a58934o0289c       0   25.400393
58934.358584 19.014394      NaN    34.0    30 c    0   0.88 151.71196 1.6928  4365.34  8528.05 3.24 3.06 -46.9 -0.380    18.41 20.51 02a58934o0302c       0   36.731185
58934.374117 19.510313      NaN   -16.0    19 c    0   1.15 151.71196 1.6928  4385.64  8415.76 3.00 2.93 -42.8 -0.386    18.83 20.90 02a58934o0333c       0   28.463660
58958.317403 20.449472      NaN   -27.0     8 c    0   1.77 151.71196 1.6928  4093.62  1027.53 2.41 2.25 -73.1 -0.423    19.72 21.55 02a58958o0201c       0   22.653475
58958.320755 20.449472      NaN     6.0     8 c    0   1.34 151.71196 1.6928  4074.39   986.42 2.42 2.27 -75.3 -0.421    19.74 21.48 02a58958o0208c       0   22.653475
58958.326338 20.449472      NaN     9.0     8 c    0   1.14 151.71196 1.6928  4133.02  1068.54 2.41 2.27 -88.4 -0.419    19.71 21.48 02a58958o0220c       0   22.653475
58958.337262 20.594452      NaN     5.0     7 c    0   1.51 151.71196 1.6928  4154.01   947.75 2.37 2.25  86.0 -0.417    19.74 21.47 02a58958o0243c       0   22.319945
58962.361580 16.871062      NaN    -1.0   216 c    0   1.04 151.71196 1.6928  8243.32  6666.30 2.88 2.43  41.9 -0.412    16.38 17.80 02a58962o0276c       2  217.037278
58962.364370 18.396507      NaN  -130.0    53 c    0   1.86 151.71196 1.6928  8224.29  6628.05 2.73 2.44  40.1 -0.391    17.51 18.96 02a58962o0282c       0   57.080469
58962.370479 19.766969      NaN    -4.0    15 c    0   1.21 151.71196 1.6928  8282.47  6707.70 2.88 2.48  40.3 -0.368    19.07 20.73 02a58962o0295c       0   25.964975
58962.380821 18.317510      NaN   -20.0    57 c    0   1.11 151.71196 1.6928  8301.72  6591.70 2.78 2.47  37.7 -0.380    17.77 19.22 02a58962o0317c       0   60.812663
58982.275489 20.103715      NaN    12.0    11 c    0   0.87 151.71196 1.6928  2015.74  6450.93 2.54 2.42 -86.0 -0.405    19.55 21.28 02a58982o0076c       0   23.878441
58982.279159 20.207197      NaN    19.0    10 c    0   1.15 151.71196 1.6928  1996.13  6411.55 2.44 2.33 -76.6 -0.407    19.63 21.28 02a58982o0084c       0   23.434589
58982.284748 20.207197      NaN     5.0    10 c    0   1.04 151.71196 1.6928  2053.66  6487.54 2.47 2.36 -86.9 -0.400    19.62 21.34 02a58982o0096c       0   23.434589
58982.295354 20.103715      NaN    12.0    11 c    0   1.10 151.71196 1.6928  2076.09  6372.66 2.68 2.41 -59.2 -0.411    19.48 21.31 02a58982o0119c       0   23.878441
58986.306461 20.449472      NaN    -6.0     8 c    0   1.39 151.71196 1.6928  6127.41  2882.55 2.64 2.53  83.1 -0.393    19.59 21.37 02a58986o0161c       0   22.653475
58986.310170 20.449472      NaN   -12.0     8 c    0   1.44 151.71196 1.6928  6108.14  2847.04 2.58 2.49 -78.6 -0.395    19.60 21.38 02a58986o0169c       0   22.653475
58986.315705 20.207197      NaN     5.0    10 c    0   1.13 151.71196 1.6928  6165.82  2923.68 2.61 2.48  62.9 -0.393    19.58 21.36 02a58986o0181c       0   23.434589
58986.329067 20.449472      NaN     4.0     8 c    0   1.33 151.71196 1.6928  6187.38  2806.84 2.58 2.53  82.6 -0.390    19.57 21.33 02a58986o0210c       0   22.653475
58990.258005 20.449472      NaN     2.0     8 c    0   1.69 151.71196 1.6928  6137.48  2879.51 2.37 2.28 -76.1 -0.402    19.59 21.16 02a58990o0052c       0   22.653475
58990.261698 20.321591      NaN    -2.0     9 c    0   1.34 151.71196 1.6928  6118.59  2843.39 2.39 2.28  57.6 -0.398    19.64 21.22 02a58990o0060c       0   23.025637
58990.267234 20.449472      NaN   -41.0     8 c    0   1.36 151.71196 1.6928  6176.53  2919.13 2.46 2.37  73.9 -0.397    19.63 21.24 02a58990o0072c       0   22.653475
58990.278302 20.594452      NaN    -6.0     7 c    0   1.70 151.71196 1.6928  6196.09  2803.69 2.44 2.35 -75.6 -0.397    19.62 21.25 02a58990o0096c       0   22.319945
58994.299728 20.207197      NaN    13.0    10 c    0   1.08 151.71196 1.6928   432.17  8688.49 2.48 2.28 -53.3 -0.425    19.53 21.16 02a58994o0136c       0   23.434589
58994.302930 20.207197      NaN    -5.0    10 c    0   1.13 151.71196 1.6928   413.92  8649.01 2.58 2.36 -55.9 -0.414    19.49 21.15 02a58994o0143c       0   23.434589
58994.309369 20.321591      NaN   -26.0     9 c    0   1.70 151.71196 1.6928   473.40  8726.38 2.67 2.40 -52.5 -0.425    19.44 21.12 02a58994o0157c       0   23.025637
58994.319911 20.103715      NaN   -22.0    11 c    0   1.20 151.71196 1.6928   495.50  8606.40 2.78 2.43 -52.9 -0.413    19.37 21.05 02a58994o0180c       0   23.878441
59142.612792 19.696897      NaN     6.0    16 c    0   0.80 151.71196 1.6928  4332.98  5744.19 2.71 2.34  37.0 -0.375    19.28 20.74 02a59142o0915c       0   26.555224
59142.629747 20.103715      NaN     4.0    11 c    0   1.95 151.71196 1.6928  4354.33  5784.18 2.56 2.32  37.4 -0.385    19.22 20.64 02a59142o0952c       0   23.878441
59142.635243 19.454622      NaN     4.0    20 c    0   0.74 151.71196 1.6928  4296.17  5706.72 2.60 2.33  39.5 -0.381    18.95 20.34 02a59142o0964c       0   29.140692
59142.642573 19.569016      NaN   -20.0    18 c    0   0.87 151.71196 1.6928  4274.36  5821.03 2.55 2.26  36.0 -0.383    18.95 20.06 02a59142o0980c       0   27.806114
59170.598656 20.207197      NaN    13.0    10 c    0   1.12 151.71196 1.6928  8724.18  7987.20 2.74 2.43  39.6 -0.393    19.62 21.25 02a59170o0803c       0   23.434589
59170.602329 20.321591      NaN   -17.0     9 c    0   1.61 151.71196 1.6928  8744.45  8026.19 2.73 2.43  34.7 -0.390    19.62 21.27 02a59170o0811c       0   23.025637
59170.607848 20.103715      NaN     2.0    11 c    0   1.06 151.71196 1.6928  8686.70  7948.81 2.85 2.47  37.7 -0.386    19.58 21.28 02a59170o0823c       0   23.878441
59170.617954 20.449472      NaN    -1.0     8 c    0   1.65 151.71196 1.6928  8666.39  8064.92 2.83 2.47  40.7 -0.384    19.60 21.29 02a59170o0845c       0   22.653475
59178.614292 20.321591      NaN    10.0     9 c    0   1.27 151.71196 1.6928  8551.19  4110.86 2.37 2.35   5.8 -0.390    19.68 21.34 02a59178o0392c       0   23.025637
59178.617496 20.321591      NaN     6.0     9 c    0   0.97 151.71196 1.6928  8570.06  4150.03 2.37 2.36  60.2 -0.391    19.68 21.33 02a59178o0399c       0   23.025637
59178.640572 20.207197      NaN    18.0    10 c    0   0.87 151.71196 1.6928  8511.39  4073.07 2.35 2.33  39.3 -0.389    19.70 21.29 02a59178o0447c       0   23.434589
59178.650236 20.321591      NaN    -8.0     9 c    0   1.46 151.71196 1.6928  8494.50  4190.03 2.36 2.34  87.5 -0.389    19.63 21.10 02a59178o0468c       0   23.025637
59194.588841 20.449472      NaN    14.0     8 c    0   1.42 151.71196 1.6928 10146.04  1871.56 2.56 2.19 -54.6 -0.416    19.80 21.62 02a59194o0875c       0   22.653475
59194.590675 20.321591      NaN    14.0     9 c    0   0.86 151.71196 1.6928 10168.17  1909.28 2.59 2.25 -54.6 -0.410    19.79 21.62 02a59194o0879c       0   23.025637
59194.596202 20.449472      NaN   -10.0     8 c    0   1.29 151.71196 1.6928 10107.70  1831.89 2.57 2.22 -56.3 -0.413    19.74 21.60 02a59194o0891c       0   22.653475
59194.602177 20.449472      NaN   -41.0     8 c    0   1.19 151.71196 1.6928 10087.47  1947.99 2.55 2.23 -57.4 -0.415    19.73 21.59 02a59194o0904c       0   22.653475
59198.537624 18.944322      NaN   -34.0    32 c    0   0.72 151.71196 1.6928 10140.76  1866.97 2.67 2.34 -47.6 -0.404    18.48 20.27 02a59198o0762c       0   38.382026
59198.540839 19.051202      NaN   -57.0    29 c    0   1.20 151.71196 1.6928 10160.27  1906.22 2.67 2.28 -51.3 -0.402    18.35 20.07 02a59198o0769c       0   35.919075
59198.543584 19.510313      NaN   -20.0    19 c    0   1.25 151.71196 1.6928 10101.50  1827.94 2.67 2.36 -53.2 -0.400    18.78 20.56 02a59198o0775c       0   28.463660
59198.549985 18.910912      NaN   -72.0    33 c    0   0.79 151.71196 1.6928 10080.80  1946.00 2.63 2.29 -51.0 -0.404    18.28 19.99 02a59198o0789c       0   39.219637
59204.516757 20.449472      NaN   -10.0     8 c    0   1.24 151.71196 1.6928  4198.86  2973.29 2.34 2.30 -85.1 -0.384    19.82 21.73 01a59204o0641c       0   22.653475
59204.521402 20.761819      NaN    11.0     6 c    0   1.75 151.71196 1.6928  4180.08  2936.72 2.34 2.26 -57.9 -0.378    19.82 21.73 01a59204o0651c       0   22.026801
59204.524201 20.594452      NaN   -27.0     7 c    0   1.36 151.71196 1.6928  4238.96  3014.07 2.53 2.26  12.8 -0.372    19.76 21.71 01a59204o0657c       0   22.319945
59204.537121 20.959772      NaN   -35.0     5 c    0   1.76 151.71196 1.6928  4257.36  2899.10 2.36 2.29 -19.7 -0.377    19.81 21.72 01a59204o0685c       0   21.775673
59206.524623 20.321591      NaN     9.0     9 c    0   0.95 151.71196 1.6928  8186.85  1971.94 2.44 2.33 -57.3 -0.406    19.76 21.67 02a59206o0710c       0   23.025637
59206.527830 20.594452      NaN    14.0     7 c    0   1.56 151.71196 1.6928  8205.87  2010.53 2.44 2.33 -59.9 -0.405    19.76 21.67 02a59206o0717c       0   22.319945
59206.530575 20.449472      NaN     3.0     8 c    0   1.09 151.71196 1.6928  8148.10  1933.18 2.49 2.35 -57.6 -0.404    19.75 21.67 02a59206o0723c       0   22.653475
59206.536528 20.449472      NaN   -27.0     8 c    0   1.92 151.71196 1.6928  8127.65  2050.13 2.42 2.31 -61.1 -0.405    19.76 21.68 02a59206o0736c       0   22.653475
59208.554792 20.321591      NaN     4.0     9 c    0   1.03 151.71196 1.6928  8803.76  8785.76 2.65 2.50   7.7 -0.335    19.76 21.59 01a59208o0761c       0   23.025637
59208.556635 20.449472      NaN     2.0     8 c    0   1.21 151.71196 1.6928  8784.85  8747.93 2.74 2.49   3.7 -0.324    19.70 21.62 01a59208o0765c       0   22.653475
59208.562161 20.449472      NaN    -1.0     8 c    0   1.02 151.71196 1.6928  8845.06  8826.34 2.83 2.55   3.4 -0.329    19.70 21.66 01a59208o0777c       0   22.653475
59208.567234 20.449472      NaN   -14.0     8 c    0   1.22 151.71196 1.6928  8865.34  8709.03 2.65 2.49   3.3 -0.334    19.78 21.70 01a59208o0788c       0   22.653475
59224.474380 20.594452      NaN    14.0     7 c    0   1.25 151.71196 1.6928  4347.26  8483.64 2.34 2.10 -69.3 -0.393    19.86 21.80 01a59224o0544c       0   22.319945
59224.491474 20.594452      NaN    29.0     7 c    0   1.44 151.71196 1.6928  4328.17  8444.65 2.46 2.34 -14.2 -0.373    19.79 21.82 01a59224o0581c       0   22.319945
59224.497159 20.594452      NaN     8.0     7 c    0   1.21 151.71196 1.6928  4388.17  8523.98 2.35 2.28 -23.9 -0.371    19.83 21.88 01a59224o0593c       0   22.319945
59224.500385 20.761819      NaN    35.0     6 c    0   1.76 151.71196 1.6928  4407.13  8407.90 2.49 2.29 -22.4 -0.368    19.78 21.87 01a59224o0600c       0   22.026801
59226.520142 20.594452      NaN    -5.0     7 c    0   1.85 151.71196 1.6928  2427.19  5841.63 2.34 2.25  -5.9 -0.407    19.88 21.89 02a59226o0705c       0   22.319945
59226.521972 20.594452      NaN   -20.0     7 c    0   1.36 151.71196 1.6928  2446.61  5880.14 2.34 2.29  -6.1 -0.407    19.82 21.90 02a59226o0709c       0   22.319945
59226.526088 20.594452      NaN   -13.0     7 c    0   2.01 151.71196 1.6928  2388.63  5802.45 2.31 2.25  -9.8 -0.410    19.85 21.89 02a59226o0718c       0   22.319945
59226.533864 20.449472      NaN    11.0     8 c    0   0.98 151.71196 1.6928  2368.75  5918.41 2.32 2.28 -13.1 -0.411    19.88 21.89 02a59226o0735c       0   22.653475
59228.461268 20.207197      NaN     4.0    10 c    0   1.02 151.71196 1.6928  4346.12  8484.70 3.22 2.94 -67.9 -0.376    19.47 21.90 01a59228o0296c       0   23.434589
59228.478835 20.321591      NaN     1.0     9 c    0   1.10 151.71196 1.6928  4326.89  8445.61 3.22 2.96 -11.5 -0.341    19.55 21.93 01a59228o0334c       0   23.025637
59228.483017 20.594452      NaN   -14.0     7 c    0   1.27 151.71196 1.6928  4387.39  8525.94 3.00 2.83 -52.0 -0.343    19.62 21.94 01a59228o0343c       0   22.319945
59228.507756 20.449472      NaN    22.0     8 c    0   1.06 151.71196 1.6928  4407.12  8407.47 2.98 2.60 -46.4 -0.360    19.68 21.96 01a59228o0395c       0   22.653475
59230.474105 20.449472      NaN    -6.0     8 c    0   1.46 151.71196 1.6928  2418.48  5842.61 2.44 2.42 -72.0 -0.399    19.72 21.73 02a59230o0597c       0   22.653475
59230.478228 20.449472      NaN     5.0     8 c    0   1.38 151.71196 1.6928  2440.88  5879.91 2.40 2.35  10.4 -0.403    19.76 21.73 02a59230o0606c       0   22.653475
59230.483739 20.449472      NaN    14.0     8 c    0   1.69 151.71196 1.6928  2381.53  5803.97 2.47 2.45 -29.0 -0.402    19.74 21.73 02a59230o0618c       0   22.653475
59230.489695 20.321591      NaN   -11.0     9 c    0   1.10 151.71196 1.6928  2364.73  5919.20 2.39 2.35  -6.3 -0.404    19.76 21.76 02a59230o0631c       0   23.025637
59232.491613 20.594452      NaN   -13.0     7 c    0   1.35 151.71196 1.6928  6226.00  4811.70 2.93 2.23 -86.4 -0.410    19.73 21.74 01a59232o0507c       0   22.319945
59232.494844 20.449472      NaN    -1.0     8 c    0   1.23 151.71196 1.6928  6206.08  4773.19 2.86 2.32 -86.7 -0.409    19.73 21.74 01a59232o0514c       0   22.653475
59232.498069 20.594452      NaN   -16.0     7 c    0   1.29 151.71196 1.6928  6264.50  4850.64 2.95 2.26 -86.5 -0.419    19.75 21.75 01a59232o0521c       0   22.319945
59232.503130 20.594452      NaN   -29.0     7 c    0   1.73 151.71196 1.6928  6284.18  4734.27 2.94 2.26 -87.0 -0.422    19.72 21.76 01a59232o0532c       0   22.319945
59234.547569 18.048890      NaN    -4.0    73 c    0   1.12 151.71196 1.6928  8073.27  2779.99 2.42 2.30 -65.4 -0.400    17.09 18.79 02a59234o0514c       2   76.014340
59234.550771 20.009244      NaN     9.0    12 c    0   1.03 151.71196 1.6928  8054.64  2742.52 2.38 2.30 -70.6 -0.392    19.29 21.21 02a59234o0521c       0   24.355286
59234.556759 20.449472      NaN    28.0     8 c    0   1.70 151.71196 1.6928  8113.99  2820.53 2.40 2.31 -78.6 -0.391    19.61 21.58 02a59234o0534c       0   22.653475
59234.591731 18.526952      NaN  -110.0    47 c    0   1.58 151.71196 1.6928  8129.25  2706.90 2.39 2.28 -65.3 -0.402    17.03 18.66 02a59234o0609c       0   51.557540
59252.476850 20.761819      NaN     4.0     6 c    0   1.91 151.71196 1.6928  6481.78  9526.65 2.60 2.31 -76.4 -0.369    19.82 21.95 01a59252o0591c       0   22.026801
59252.486802 20.321591      NaN     6.0     9 c    0   1.32 151.71196 1.6928  6502.85  9564.31 2.67 2.40 -76.0 -0.366    19.78 21.96 01a59252o0612c       0   23.025637
59252.492095 20.594452      NaN    -6.0     7 c    0   1.48 151.71196 1.6928  6445.75  9485.24 2.70 2.46 -76.6 -0.364    19.77 21.97 01a59252o0623c       0   22.319945
59252.495323 20.594452      NaN     8.0     7 c    0   1.79 151.71196 1.6928  6428.40  9602.68 2.71 2.52 -81.4 -0.353    19.72 21.98 01a59252o0630c       0   22.319945
59256.468003 20.594452      NaN   -29.0     7 c    0   1.54 151.71196 1.6928  2284.61  3953.50 2.41 2.38 -57.2 -0.374    19.81 22.02 01a59256o0567c       0   22.319945
59256.473328 20.449472      NaN    -2.0     8 c    0   1.24 151.71196 1.6928  2306.35  3990.30 2.46 2.42 -53.8 -0.379    19.80 22.02 01a59256o0578c       0   22.653475
59256.476550 20.594452      NaN     3.0     7 c    0   1.43 151.71196 1.6928  2248.32  3912.92 2.43 2.41 -23.9 -0.374    19.78 22.02 01a59256o0585c       0   22.319945
59256.509559 20.594452      NaN    23.0     7 c    0   1.47 151.71196 1.6928  2238.87  4023.07 2.42 2.37 -88.3 -0.382    19.80 21.94 01a59256o0655c       0   22.319945
59258.380858 20.207197      NaN    13.0    10 c    0   1.31 151.71196 1.6928  4534.50  9628.52 2.61 2.55 -60.6 -0.388    19.69 21.60 02a59258o0359c       0   23.434589
59258.406369 20.103715      NaN   -32.0    11 c    0   1.22 151.71196 1.6928  4557.71  9667.07 2.75 2.60 -59.0 -0.389    19.66 21.61 02a59258o0413c       0   23.878441
59258.410076 20.207197      NaN     2.0    10 c    0   1.82 151.71196 1.6928  4501.44  9589.30 2.93 2.80 -56.3 -0.385    19.53 21.62 02a59258o0421c       0   23.434589
59258.415588 20.103715      NaN     8.0    11 c    0   1.04 151.71196 1.6928  4482.58  9705.88 2.69 2.58 -55.0 -0.385    19.66 21.62 02a59258o0433c       0   23.878441
59260.502193 20.321591      NaN    -9.0     9 c    0   1.07 151.71196 1.6928  2295.78  3947.86 2.70 2.65  66.7 -0.365    19.64 21.86 01a59260o0531c       0   23.025637
59260.505491 20.449472      NaN    -9.0     8 c    0   1.15 151.71196 1.6928  2315.29  3984.17 2.75 2.70 -60.2 -0.365    19.61 21.85 01a59260o0538c       0   22.653475
59260.540909 20.321591      NaN    -9.0     9 c    0   1.29 151.71196 1.6928  2264.74  3903.25 2.82 2.76  84.0 -0.365    19.61 21.83 01a59260o0614c       0   23.025637
59260.569548 20.594452      NaN    20.0     7 c    0   1.71 151.71196 1.6928  2249.75  4016.32 2.45 2.43 -33.9 -0.381    19.71 21.80 01a59260o0675c       0   22.319945
59262.456152 20.594452      NaN   -16.0     7 c    0   1.53 151.71196 1.6928  6044.13   929.69 2.41 2.26 -78.9 -0.406    19.74 21.58 02a59262o0529c       0   22.319945
59262.459374 20.594452      NaN     8.0     7 c    0   1.70 151.71196 1.6928  6025.67   891.66 2.42 2.25 -75.0 -0.408    19.72 21.59 02a59262o0536c       0   22.319945
59262.465944 20.761819      NaN    -3.0     6 c    0   2.12 151.71196 1.6928  6083.17   968.93 2.43 2.27 -72.8 -0.409    19.73 21.59 02a59262o0550c       0   22.026801
59262.499953 20.449472      NaN     6.0     8 c    0   0.80 151.71196 1.6928  6101.10   854.66 2.47 2.28 -68.5 -0.408    19.70 21.56 02a59262o0623c       0   22.653475
59264.456976 13.699607      NaN -6214.0  4009 c    0   1.35 151.71196 1.6928  8728.03  7982.02 2.54 2.48  62.1 -0.394    15.03 17.15 01a59264o0528c 8388610 4009.056021
59264.467109 18.019544      NaN  -169.0    75 c    0   1.36 151.71196 1.6928  8749.60  8018.55 2.75 2.62  66.2 -0.340    17.07 19.16 01a59264o0550c 8388610   77.937026
59264.472655 17.303777      NaN  -122.0   145 c    0   0.95 151.71196 1.6928  8691.09  7938.93 2.54 2.40  71.5 -0.410    16.67 18.70 01a59264o0562c 8388610  146.540711
59264.475907 18.005163      NaN   -59.0    76 c    0   1.15 151.71196 1.6928  8673.82  8055.33 2.43 2.31  69.0 -0.354    17.24 19.23 01a59264o0569c 8388610   78.899810
59308.348053 20.449472      NaN    14.0     8 c    0   1.49 151.71196 1.6928 10475.83  3988.36 2.66 2.37 -89.3 -0.382    19.72 21.31 01a59308o0072c       0   22.653475
59308.351277 19.979496      NaN    40.0    11 c    0   1.34 151.71196 1.6928 10496.93  4027.53 2.64 2.35  88.8 -0.381    19.72 21.31 01a59308o0079c       0   23.878441
59308.354055 20.449472      NaN    13.0     8 c    0   1.37 151.71196 1.6928   343.29  4051.07 2.37 2.13  77.2 -0.395    19.79 21.43 01a59308o0085c       0   22.653475
59308.357297 20.594452      NaN    19.0     7 c    0   1.97 151.71196 1.6928   363.89  4089.74 2.38 2.11  78.4 -0.398    19.85 21.51 01a59308o0092c       0   22.319945
59308.357755 20.449472      NaN     0.0     8 c    0   1.47 151.71196 1.6928 10436.96  3951.21 2.75 2.42 -87.0 -0.385    19.80 21.47 01a59308o0093c       0   22.653475
59308.363749 20.103715      NaN    -2.0    11 c    0   1.46 151.71196 1.6928   304.51  4011.56 2.45 2.18  77.8 -0.388    19.21 20.84 01a59308o0106c       0   23.878441
59308.368357 20.321591      NaN    10.0     9 c    0   1.08 151.71196 1.6928 10418.99  4066.56 2.82 2.34  89.9 -0.380    19.83 21.55 01a59308o0116c       0   23.025637
59308.376649 20.594452      NaN    33.0     7 c    0   1.20 151.71196 1.6928   287.85  4124.17 2.37 2.15  84.1 -0.389    19.89 21.56 01a59308o0134c       0   22.319945
59312.363334 20.761819      NaN   -40.0     6 c    0   1.43 151.71196 1.6928   635.44  9883.09 2.36 2.08 -61.4 -0.424    19.98 21.88 01a59312o0315c       0   22.026801
59312.366556 20.449472      NaN   -19.0     8 c    0   0.90 151.71196 1.6928   655.13  9921.80 2.34 2.07 -61.3 -0.423    19.98 21.87 01a59312o0322c       0   22.653475
59312.376738 20.594452      NaN    11.0     7 c    0   1.49 151.71196 1.6928   598.08  9842.85 2.38 2.09 -62.7 -0.427    19.97 21.85 01a59312o0344c       0   22.319945
59312.405255 20.594452      NaN    19.0     7 c    0   1.71 151.71196 1.6928   583.28  9956.38 2.33 2.03 -59.2 -0.422    19.99 21.76 01a59312o0405c       0   22.319945
59320.327638 18.336727      NaN  -157.0    56 c    0   1.52 151.71196 1.6928  2420.32  5917.21 3.69 2.03  89.0 -0.496    17.67 19.68 01a59320o0233c       0   59.876372
59320.334094 18.944322      NaN    -4.0    32 c    0   1.04 151.71196 1.6928  2361.96  5854.01 3.31 2.05  89.0 -0.534    18.40 20.40 01a59320o0247c       0   38.382026
59320.348375 20.207197      NaN     0.0    10 c    0   1.31 151.71196 1.6928  2344.77  5960.20 3.26 2.03 -88.5 -0.448    19.47 21.42 01a59320o0278c       0   23.434589
59338.341159 19.256669      NaN    26.0    24 c    0   1.27 151.71196 1.6928  6216.63  4822.63 2.43 2.33  86.3 -0.402    18.36 19.91 02a59338o0169c       0   32.018431
59338.344369 19.569016      NaN    -4.0    18 c    0   1.35 151.71196 1.6928  6197.26  4783.82 2.49 2.37  68.5 -0.394    18.59 20.21 02a59338o0176c       0   27.806114
59338.349876 19.212347      NaN     7.0    25 c    0   1.17 151.71196 1.6928  6254.88  4861.91 2.48 2.35  56.8 -0.395    18.67 20.23 02a59338o0188c       0   32.774685
59338.362727 19.696897      NaN     2.0    16 c    0   0.82 151.71196 1.6928  6276.02  4744.62 2.51 2.40  54.4 -0.394    18.96 20.55 02a59338o0216c       0   26.555224
59342.306412 20.449472      NaN    -1.0     8 c    0   1.25 151.71196 1.6928  6219.75  4821.18 2.46 2.26  52.4 -0.396    19.68 21.54 02a59342o0152c       0   22.653475
59342.310087 20.449472      NaN   -13.0     8 c    0   1.87 151.71196 1.6928  6202.60  4783.47 2.43 2.25  47.5 -0.401    19.66 21.44 02a59342o0160c       0   22.653475
59342.316499 20.594452      NaN   -21.0     7 c    0   1.99 151.71196 1.6928  6260.71  4860.78 2.49 2.30  48.6 -0.397    19.67 21.44 02a59342o0174c       0   22.319945
59342.327128 20.594452      NaN   -14.0     7 c    0   2.02 151.71196 1.6928  6282.62  4743.83 2.51 2.33  47.1 -0.397    19.65 21.42 02a59342o0197c       0   22.319945
59346.301549 20.321591      NaN    -7.0     9 c    0   1.24 151.71196 1.6928  7996.03   845.29 2.46 2.11 -57.9 -0.413    19.66 21.41 02a59346o0156c       0   23.025637
59346.304776 20.207197      NaN     5.0    10 c    0   1.28 151.71196 1.6928  7977.69   805.61 2.51 2.14 -57.4 -0.411    19.67 21.40 02a59346o0163c       0   23.434589
59346.311199 20.594452      NaN   -33.0     7 c    0   1.79 151.71196 1.6928  8037.47   883.28 2.46 2.09 -58.4 -0.416    19.67 21.37 02a59346o0177c       0   22.319945
59346.326906 20.103715      NaN     5.0    11 c    0   1.23 151.71196 1.6928  8059.95   765.96 2.57 2.16 -54.5 -0.413    19.63 21.34 02a59346o0211c       0   23.878441
59350.282144 20.207197      NaN     4.0    10 c    0   2.02 151.71196 1.6928  8001.27   842.50 2.64 2.27 -57.3 -0.403    19.45 21.05 02a59350o0107c       0   23.434589
59350.286276 19.922338      NaN    22.0    13 c    0   0.95 151.71196 1.6928  7982.72   804.00 2.67 2.32 -58.0 -0.399    19.42 21.06 02a59350o0116c       0   24.863225
59350.294541 20.103715      NaN    12.0    11 c    0   0.97 151.71196 1.6928  8040.72   882.32 2.66 2.34 -57.2 -0.402    19.47 21.08 02a59350o0134c       0   23.878441
59350.306974 20.103715      NaN    16.0    11 c    0   1.30 151.71196 1.6928  8063.90   765.26 2.67 2.28 -54.4 -0.404    19.46 21.06 02a59350o0161c       0   23.878441
59368.280182 20.594452      NaN    11.0     7 c    0   1.77 151.71196 1.6928  8847.83  9919.73 2.34 2.06  79.6 -0.372    19.79 21.24 01a59368o0098c       0   22.319945
59368.282955 20.761819      NaN   -27.0     6 c    0   2.31 151.71196 1.6928  8866.68  9959.33 2.35 2.03  83.1 -0.375    19.81 21.22 01a59368o0104c       0   22.026801
59368.288952 20.594452      NaN     9.0     7 c    0   1.93 151.71196 1.6928  8805.96  9882.89 2.38 2.04  83.2 -0.373    19.77 21.21 01a59368o0117c       0   22.319945
59368.299552 20.321591      NaN     2.0     9 c    0   0.95 151.71196 1.6928  8784.26 10001.14 2.42 2.07  89.5 -0.374    19.76 21.15 01a59368o0140c       0   23.025637
59372.245817 19.226921      NaN    53.0    19 c    0   1.00 151.71196 1.6928  8845.18  9918.73 2.33 2.01  85.1 -0.364    18.89 19.37 01a59372o0021c       0   28.463660
59372.249041 19.922338      NaN   -40.0    13 c    0   0.95 151.71196 1.6928  8864.39  9957.01 2.36 1.97  88.4 -0.369    19.28 20.03 01a59372o0028c       0   24.863225
59372.254577 20.207197      NaN    -5.0    10 c    0   1.13 151.71196 1.6928  8802.98  9877.61 2.30 1.95  89.2 -0.378    19.67 20.78 01a59372o0040c       0   23.434589
59372.267499 20.449472      NaN   -10.0     8 c    0   1.57 151.71196 1.6928  8781.27  9995.32 2.39 1.98  89.6 -0.378    19.80 21.18 01a59372o0068c       0   22.653475
59376.266287 20.449472      NaN     3.0     8 c    0   1.10 151.71196 1.6928  4266.42  2180.55 2.46 2.40 -18.4 -0.366    19.61 21.17 01a59376o0063c       0   22.653475
59376.269062 20.449472      NaN    -5.0     8 c    0   1.50 151.71196 1.6928  4285.44  2219.35 2.38 2.30 -76.6 -0.374    19.62 21.18 01a59376o0069c       0   22.653475
59376.275514 20.449472      NaN   -22.0     8 c    0   1.41 151.71196 1.6928  4228.67  2141.84 2.42 2.37 -73.3 -0.378    19.61 21.18 01a59376o0083c       0   22.653475
59376.286582 20.449472      NaN   -14.0     8 c    0   1.83 151.71196 1.6928  4206.67  2257.50 2.69 2.61  85.7 -0.367    19.49 21.13 01a59376o0107c       0   22.653475
59526.586460 20.207197      NaN     3.0    10 c    0   1.61 151.71196 1.6928   453.55  5932.34 2.45 2.37 -33.1 -0.379    19.36 20.88 02a59526o0878c       0   23.434589
59526.589668 20.207197      NaN    16.0    10 c    0   1.23 151.71196 1.6928   471.93  5971.01 2.62 2.51 -44.0 -0.372    19.32 20.88 02a59526o0885c       0   23.434589
59526.595644 20.321591      NaN     6.0     9 c    0   1.60 151.71196 1.6928   412.24  5893.97 2.65 2.56 -50.4 -0.377    19.32 20.91 02a59526o0898c       0   23.025637
59526.604362 16.462570      NaN   326.0   218 c    0   0.16 151.71196 1.6928 10525.58  6030.36 2.75 2.63  24.6 -0.401    19.48 21.03 02a59526o0917c       2  219.027806
59526.606648 20.207197      NaN    34.0    10 c    0   1.42 151.71196 1.6928   390.68  6009.41 2.48 2.41 -25.3 -0.371    19.42 20.93 02a59526o0922c       0   23.434589
59586.487391 20.449472      NaN   -38.0     8 c    0   1.02 151.71196 1.6928  4445.59  7677.18 2.34 2.29  24.0 -0.418    19.67 21.71 02a59586o0596c       0   22.653475
59586.492925 20.207197      NaN     3.0    10 c    0   0.86 151.71196 1.6928  4465.81  7716.04 2.33 2.28  20.5 -0.420    19.71 21.72 02a59586o0608c       0   23.434589
59586.497053 20.321591      NaN   -14.0     9 c    0   1.04 151.71196 1.6928  4407.86  7637.49 2.32 2.24  18.8 -0.422    19.74 21.72 02a59586o0617c       0   23.025637
59586.508098 20.321591      NaN   -22.0     9 c    0   0.82 151.71196 1.6928  4383.67  7758.24 2.39 2.34  27.0 -0.415    19.66 21.71 02a59586o0640c       0   23.025637
59590.643695 20.321591      NaN    17.0     9 c    0   1.67 151.71196 1.6928  6130.17  2885.29 2.48 2.43  81.4 -0.408    19.57 21.59 02a59590o0368c       0   23.025637
59590.650834 20.321591      NaN   -40.0     9 c    0   1.41 151.71196 1.6928  6112.67  2852.88 2.49 2.42 -89.2 -0.404    19.56 21.57 02a59590o0383c       0   23.025637
59590.654496 20.207197      NaN     0.0    10 c    0   1.16 151.71196 1.6928  6170.58  2925.36 2.59 2.50  75.9 -0.403    19.53 21.56 02a59590o0391c       0   23.434589
59590.661264 20.009244      NaN   -19.0    12 c    0   1.12 151.71196 1.6928  6190.57  2811.48 2.98 2.90 -87.2 -0.396    19.30 21.41 02a59590o0405c       0   24.355286
59608.982331 20.449472      NaN   -10.0     8 c    0   1.76 151.71196 1.6928  8088.88   914.40 2.78 2.37  89.0 -0.389    19.60 21.81 03a59609o0461c    8192   22.653475
59608.983697 20.321591      NaN    20.0     9 c    0   1.06 151.71196 1.6928  8071.88   873.87 2.81 2.38  84.8 -0.391    19.64 21.80 03a59609o0464c    8192   23.025637
59609.010267 20.449472      NaN    18.0     8 c    0   1.52 151.71196 1.6928  2355.33  9611.33 2.66 2.23 -86.9 -0.399    19.56 21.83 03a59609o0521c    8192   22.653475
59609.018200 20.321591      NaN    36.0     9 c    0   1.60 151.71196 1.6928  2339.17  9730.54 2.65 2.22 -88.7 -0.398    19.58 21.85 03a59609o0538c    8192   23.025637
59612.490776 20.207197      NaN    31.0    10 c    0   2.24 151.71196 1.6928    64.30  6544.40 2.32 2.22 -20.7 -0.399    19.69 21.64 02a59612o0616c       0   23.434589
59612.493974 19.841877      NaN    30.0    14 c    0   1.15 151.71196 1.6928    45.03  6505.81 2.31 2.22 -21.8 -0.410    19.68 21.63 02a59612o0623c       0   25.400393
59612.497760 20.321591      NaN    -4.0     9 c    0   1.66 151.71196 1.6928 10204.18  6565.98 2.65 2.56  40.6 -0.422    19.72 21.63 02a59612o0631c       0   23.025637
59612.500046 20.449472      NaN    18.0     8 c    0   2.15 151.71196 1.6928   103.27  6583.61 2.31 2.23 -19.8 -0.403    19.68 21.63 02a59612o0636c       0   22.653475
59612.501436 20.207197      NaN    -6.0    10 c    0   0.95 151.71196 1.6928 10184.11  6528.24 2.70 2.56  31.2 -0.416    19.71 21.64 02a59612o0639c       0   23.434589
59612.506918 20.207197      NaN     9.0    10 c    0   1.10 151.71196 1.6928 10243.29  6609.34 2.67 2.58  28.7 -0.418    19.68 21.62 02a59612o0651c       0   23.434589
59612.511497 20.321591      NaN    21.0     9 c    0   1.59 151.71196 1.6928   124.76  6467.24 2.34 2.26 -39.3 -0.393    19.72 21.61 02a59612o0661c       0   23.025637
59612.516990 20.321591      NaN   -11.0     9 c    0   1.17 151.71196 1.6928 10262.72  6496.01 2.72 2.63  31.5 -0.411    19.67 21.62 02a59612o0673c       0   23.025637
59616.458659 20.321591      NaN    -5.0     9 c    0   1.41 151.71196 1.6928   385.51  3985.73 2.40 2.30 -42.9 -0.412    19.70 21.58 02a59616o0544c       0   23.025637
59616.460485 20.449472      NaN    -4.0     8 c    0   1.26 151.71196 1.6928   404.46  4022.83 2.54 2.33 -57.0 -0.411    19.65 21.58 02a59616o0548c       0   22.653475
59616.465833 20.321591      NaN    26.0     9 c    0   1.03 151.71196 1.6928   346.31  3946.66 2.40 2.28 -48.9 -0.405    19.67 21.58 02a59616o0559c       0   23.025637
59616.483850 20.449472      NaN    14.0     8 c    0   1.35 151.71196 1.6928   325.68  4069.50 2.83 2.70 -53.2 -0.385    19.53 21.61 02a59616o0596c       0   22.653475
59616.507768 19.922338      NaN     0.0    13 c    0   1.23 151.71196 1.6928    64.49  6540.62 2.77 2.62 -48.7 -0.362    19.45 21.52 02a59616o0646c       0   24.863225
59616.537721 19.302877      NaN    39.0    22 c    0   0.50 151.71196 1.6928    38.95  6499.75 2.56 2.49 -39.9 -0.353    19.53 21.46 02a59616o0670c       0   30.547994
59616.548372 20.009244      NaN     4.0    12 c    0   1.09 151.71196 1.6928   102.31  6580.58 2.81 2.70 -60.5 -0.358    19.45 21.40 02a59616o0693c       0   24.355286
59616.555633 20.171596      NaN    37.0    10 c    0   1.27 151.71196 1.6928   126.25  6465.54 2.73 2.63 -50.1 -0.350    19.44 21.39 02a59616o0708c       0   23.434589
59616.947574 20.207197      NaN    17.0    10 c    0   1.04 151.71196 1.6928  4227.09  1009.28 2.75 2.32  81.9 -0.407    19.50 21.54 03a59617o0380c       0   23.434589
59616.950317 20.321591      NaN   -26.0     9 c    0   1.67 151.71196 1.6928  4208.45   969.72 2.76 2.30  81.1 -0.402    19.52 21.55 03a59617o0386c       0   23.025637
59616.955822 20.321591      NaN   -28.0     9 c    0   1.70 151.71196 1.6928  4264.53  1048.81 2.86 2.46  82.3 -0.393    19.46 21.54 03a59617o0398c       0   23.025637
59616.965442 20.321591      NaN   -59.0     9 c    0   1.72 151.71196 1.6928  4287.48   932.43 2.89 2.54  80.1 -0.385    19.44 21.58 03a59617o0419c       0   23.025637
59636.490801 20.449472      NaN   -39.0     8 c    0   1.00 151.71196 1.6928  8072.36  2777.92 2.46 2.36 -69.9 -0.404    19.66 21.47 02a59636o0603c       0   22.653475
59636.494119 20.449472      NaN    -8.0     8 c    0   1.50 151.71196 1.6928  8053.20  2739.35 2.48 2.35 -74.8 -0.405    19.66 21.46 02a59636o0610c       0   22.653475
59636.514365 20.321591      NaN    -5.0     9 c    0   0.95 151.71196 1.6928  8117.03  2820.46 2.52 2.44 -77.5 -0.397    19.64 21.45 02a59636o0653c       0   23.025637
59636.531275 20.207197      NaN    18.0    10 c    0   1.45 151.71196 1.6928  8138.10  2706.29 2.55 2.47 -77.7 -0.397    19.58 21.41 02a59636o0689c       0   23.434589
59640.432183 20.449472      NaN    13.0     8 c    0   1.06 151.71196 1.6928  8070.06  2769.45 2.42 2.29 -73.3 -0.411    19.72 21.65 02a59640o0447c       0   22.653475
59640.435148 20.321591      NaN   -14.0     9 c    0   1.22 151.71196 1.6928  8054.23  2734.62 2.44 2.32 -88.7 -0.402    19.70 21.66 02a59640o0453c       0   23.025637
59640.440645 20.594452      NaN     0.0     7 c    0   2.07 151.71196 1.6928  8113.30  2815.73 2.44 2.33 -77.2 -0.405    19.66 21.65 02a59640o0464c       0   22.319945
59640.465732 20.594452      NaN   -22.0     7 c    0   1.75 151.71196 1.6928  8129.37  2698.13 2.47 2.35 -73.9 -0.404    19.70 21.65 02a59640o0513c       0   22.319945
59643.145132 18.459772      NaN   -53.0    50 c    0   0.98 151.71196 1.6928 10206.41  6536.51 2.82 2.32 -20.8 -0.390    18.91 20.95 04a59643o0322c       0   54.306353
59643.146512 19.351140      NaN    19.0    22 c    0   1.15 151.71196 1.6928 10187.08  6497.23 2.83 2.37 -15.8 -0.395    18.95 21.04 04a59643o0325c       0   30.547994
59643.151547 17.935984      NaN   135.0    48 c    0   0.88 151.71196 1.6928 10249.28  6574.31 2.80 2.29 -16.5 -0.397    18.43 20.44 04a59643o0336c       0   52.470753
59643.161570 17.809593      NaN   -69.0    91 c    0   1.07 151.71196 1.6928 10273.75  6456.33 2.93 2.41 -11.4 -0.376    17.80 19.92 04a59643o0358c       2   93.435432
59643.209759 19.569016      NaN   -26.0    18 c    0   1.06 151.71196 1.6928 10517.57  4018.05 3.21 2.15 -22.3 -0.358    19.48 21.57 04a59643o0460c       0   27.806114
59643.218934 20.009244      NaN    12.0    12 c    0   1.30 151.71196 1.6928 10481.54  3972.72 3.17 2.17 -20.1 -0.353    19.51 21.54 04a59643o0480c       0   24.355286
59644.430872 19.351140      NaN   -48.0    22 c    0   1.00 151.71196 1.6928 10032.03  2672.55 2.59 2.26 -53.8 -0.483    18.96 21.70 02a59644o0358c       0   30.547994
59644.433871 19.569016      NaN   -31.0    18 c    0   1.00 151.71196 1.6928 10012.86  2637.34 2.59 2.29 -52.0 -0.485    18.92 21.70 02a59644o0364c       0   27.806114
59644.440312 19.569016      NaN    18.0    18 c    0   1.42 151.71196 1.6928 10072.44  2714.04 2.57 2.28 -53.6 -0.486    18.93 21.68 02a59644o0377c       0   27.806114
59644.450759 19.256669      NaN   -24.0    24 c    0   0.89 151.71196 1.6928 10093.61  2600.42 2.80 2.52 -51.4 -0.470    18.83 21.66 02a59644o0398c       0   32.018431
59664.317940 20.009244      NaN    12.0    12 c    0   1.20 151.71196 1.6928  4543.91  9653.89 2.74 2.64 -55.0 -0.404    19.55 21.71 02a59664o0223c       0   24.355286
59664.319768 20.009244      NaN    -6.0    12 c    0   1.38 151.71196 1.6928  4563.50  9692.41 2.75 2.67 -64.9 -0.406    19.50 21.72 02a59664o0227c       0   24.355286
59664.454527 20.103715      NaN   -45.0    11 c    0   1.20 151.71196 1.6928  6086.44   970.33 2.66 2.48  83.6 -0.397    19.40 21.54 02a59664o0280c       0   23.878441
59664.460489 20.103715      NaN   -36.0    11 c    0   1.22 151.71196 1.6928  6108.65   852.62 2.64 2.45  89.4 -0.404    19.42 21.50 02a59664o0293c       0   23.878441
59668.302865 19.766969      NaN   -32.0    15 c    0   0.81 151.71196 1.6928  8653.31  6071.87 2.66 2.36  31.2 -0.397    19.26 21.25 02a59668o0193c       0   25.964975
59668.304697 20.103715      NaN    23.0    11 c    0   1.68 151.71196 1.6928  8673.34  6109.62 2.65 2.37  25.9 -0.400    19.28 21.31 02a59668o0197c       0   23.878441
59668.308806 19.922338      NaN   -24.0    13 c    0   1.17 151.71196 1.6928  8616.08  6032.95 2.63 2.37  31.7 -0.400    19.36 21.35 02a59668o0206c       0   24.863225
59668.316119 18.459772      NaN    78.0    36 c    0   0.83 151.71196 1.6928  8598.78  6150.19 2.61 2.34  31.6 -0.400    18.36 20.28 02a59668o0222c       0   41.775351
59668.908965 17.809593      NaN  -178.0    91 c    0   1.56 151.71196 1.6928  8109.58  2148.16 2.77 2.23 -51.0 -0.382    17.06 18.89 03a59669o0431c       2   93.435432
59672.810287 20.207197      NaN    15.0    10 c    0   1.30 151.71196 1.6928 10129.19  6662.94 2.73 2.53 -56.0 -0.360    19.68 21.62 03a59673o0212c       0   23.434589
59672.811670 20.321591      NaN    -4.0     9 c    0   1.43 151.71196 1.6928 10110.33  6624.13 2.90 2.50 -58.6 -0.355    19.64 21.63 03a59673o0215c       0   23.025637
59672.814403 20.207197      NaN    21.0    10 c    0   1.27 151.71196 1.6928 10166.69  6704.35 2.70 2.45 -57.7 -0.365    19.70 21.63 03a59673o0221c       0   23.434589
59672.822142 20.207197      NaN     6.0    10 c    0   1.01 151.71196 1.6928 10186.37  6590.20 2.70 2.34 -59.0 -0.369    19.73 21.63 03a59673o0238c       0   23.434589
59676.281441 19.609992      NaN    49.0    13 c    0   1.39 151.71196 1.6928  8843.91  9972.07 2.72 2.64 -79.1 -0.391    19.44 21.28 02a59676o0145c       0   24.863225
59676.283269 19.766969      NaN     8.0    15 c    0   1.16 151.71196 1.6928  8863.83 10011.63 2.74 2.59 -69.4 -0.388    19.44 21.28 02a59676o0149c       0   25.964975
59676.286479 19.841877      NaN    -8.0    14 c    0   0.91 151.71196 1.6928  8804.25  9932.73 2.75 2.61 -62.9 -0.388    19.42 21.29 02a59676o0156c       0   25.400393
59676.292455 19.841877      NaN     9.0    14 c    0   1.08 151.71196 1.6928  8786.41 10054.28 2.74 2.55 -63.0 -0.389    19.45 21.30 02a59676o0169c       0   25.400393
59676.778989 19.766969      NaN   -39.0    15 c    0   1.10 151.71196 1.6928    51.72  6420.12 3.90 3.47 -38.1 -0.341    19.16 21.14 03a59677o0155c       0   25.964975
59676.780356 19.436675      NaN    49.0    16 c    0   1.05 151.71196 1.6928    32.99  6381.59 3.54 3.12 -35.0 -0.336    19.25 21.15 03a59677o0158c       0   26.555224
59676.784076 20.207197      NaN    -6.0    10 c    0   1.20 151.71196 1.6928    87.32  6461.09 2.72 2.31 -20.4 -0.389    19.52 21.17 03a59677o0166c       0   23.434589
59676.786808 19.841877      NaN   -10.0    14 c    0   1.16 151.71196 1.6928 10133.19  6659.35 4.18 3.69  23.8 -0.247    18.86 21.19 03a59677o0172c       0   25.400393
59676.789567 19.922338      NaN    29.0    13 c    0   1.02 151.71196 1.6928 10112.79  6621.29 2.97 2.55 -55.8 -0.375    19.49 21.20 03a59677o0178c       0   24.863225
59676.811584 19.454622      NaN   -29.0    20 c    0   1.45 151.71196 1.6928 10407.74  4224.08 4.17 3.91 -64.1 -0.293    19.10 21.29 03a59677o0225c       0   29.140692
59692.326063 20.321591      NaN    30.0     9 c    0   1.74 151.71196 1.6928  4300.51  4910.58 2.67 2.31  41.1 -0.400    19.49 21.32 02a59692o0123c       0   23.025637
59692.329270 20.321591      NaN     7.0     9 c    0   1.65 151.71196 1.6928  4282.17  4871.85 2.59 2.29  42.1 -0.399    19.48 21.33 02a59692o0130c       0   23.025637
59692.335686 20.207197      NaN   -31.0    10 c    0   1.28 151.71196 1.6928  4340.32  4949.86 2.67 2.31  40.9 -0.397    19.47 21.33 02a59692o0144c       0   23.434589
59692.347612 20.009244      NaN    15.0    12 c    0   1.01 151.71196 1.6928  4360.72  4833.48 2.66 2.35  41.3 -0.398    19.39 21.23 02a59692o0170c       0   24.355286
59696.298751 20.009244      NaN    10.0    12 c    0   1.13 151.71196 1.6928  4298.92  4904.75 2.59 2.27  41.9 -0.402    19.49 21.34 02a59696o0153c       0   24.355286
59696.301974 20.207197      NaN   -34.0    10 c    0   1.19 151.71196 1.6928  4280.00  4869.20 2.56 2.25  41.4 -0.401    19.52 21.33 02a59696o0160c       0   23.434589
59696.308415 20.207197      NaN   -11.0    10 c    0   1.37 151.71196 1.6928  4337.38  4945.14 2.56 2.27  41.4 -0.403    19.50 21.32 02a59696o0174c       0   23.434589
59696.318690 20.009244      NaN    15.0    12 c    0   1.02 151.71196 1.6928  4358.83  4830.44 2.52 2.24  44.8 -0.406    19.52 21.34 02a59696o0196c       0   24.355286
59700.319529 15.862229      NaN  -950.0   547 c    0   0.81 151.71196 1.6928  4445.32  6762.89 2.79 2.47  41.0 -0.398    14.99 16.37 02a59700o0198c 8388610  547.410431
59704.275678 18.142010      NaN    -4.0    67 c    0   0.71 151.71196 1.6928  4390.85  6842.71 2.85 2.55  35.4 -0.370    17.51 18.98 02a59704o0099c 8388610   70.272185
59704.279791 18.094452      NaN    -3.0    70 c    0   0.95 151.71196 1.6928  4371.58  6802.73 2.71 2.37  36.5 -0.383    16.96 18.28 02a59704o0108c 8388610   73.138088
59704.285734 18.158337      NaN  -117.0    66 c    0   1.20 151.71196 1.6928  4429.67  6881.73 2.73 2.41  37.1 -0.384    17.34 18.63 02a59704o0121c 8388610   69.319405
59704.297679 17.675104      NaN    22.0   103 c    0   1.10 151.71196 1.6928  4450.05  6765.10 2.63 2.32  38.2 -0.386    17.23 18.53 02a59704o0147c 8388610  105.157881
59720.302134 19.841877      NaN    28.0    14 c    0   0.95 151.71196 1.6928  8798.90  8819.61 2.80 2.52  30.6 -0.390    19.55 21.04 02a59720o0147c       0   25.400393
59720.306244 19.841877      NaN     0.0    14 c    0   0.69 151.71196 1.6928  8779.69  8780.61 2.80 2.51  28.6 -0.393    19.49 21.03 02a59720o0156c       0   25.400393
59720.313556 20.321591      NaN    -6.0     9 c    0   1.53 151.71196 1.6928  8838.36  8860.36 2.80 2.50  31.5 -0.390    19.48 21.01 02a59720o0172c       0   23.025637
59720.328189 19.816329      NaN    40.0    13 c    0   1.13 151.71196 1.6928  8858.07  8742.61 2.82 2.54  28.4 -0.389    19.50 20.98 02a59720o0204c       0   24.863225
59724.247621 19.569016      NaN   -16.0    18 c    0   1.35 151.71196 1.6928 10133.35  4649.63 2.59 2.40  20.0 -0.421    19.00 20.00 02a59724o0025c       0   27.806114
59724.250819 19.841877      NaN    -6.0    14 c    0   1.05 151.71196 1.6928 10114.61  4610.66 2.58 2.47  14.0 -0.422    19.24 20.46 02a59724o0032c       0   25.400393
59724.258128 20.009244      NaN   -24.0    12 c    0   0.90 151.71196 1.6928 10173.59  4687.19 2.55 2.49  11.8 -0.423    19.50 20.93 02a59724o0048c       0   24.355286
59724.270524 20.103715      NaN     1.0    11 c    0   1.65 151.71196 1.6928 10193.52  4571.51 2.49 2.45 -11.3 -0.431    19.54 21.00 02a59724o0075c       0   23.878441
59732.249366 18.910912      NaN     8.0    33 c    0   1.47 151.71196 1.6928  4349.35  8501.15 2.58 2.37  35.3 -0.392    18.56 19.48 02a59732o0024c       0   39.219637
59732.252571 19.256669      NaN    45.0    21 c    0   1.10 151.71196 1.6928  4331.93  8461.53 2.53 2.33  34.3 -0.398    18.98 20.04 02a59732o0031c       0   29.835884
59732.261724 20.103715      NaN   -28.0    11 c    0   1.35 151.71196 1.6928  4390.95  8538.88 2.49 2.35  41.8 -0.407    19.44 20.78 02a59732o0051c       0   23.878441
59732.275465 20.207197      NaN     0.0    10 c    0   1.66 151.71196 1.6928  4411.18  8422.12 2.54 2.36  39.8 -0.402    19.46 20.92 02a59732o0081c       0   23.434589
59906.632354 20.321591      NaN    19.0     9 c    0   1.55 151.71196 1.6928    73.23  6633.51 3.29 3.10  48.9 -0.319    19.58 21.45 01a59906o0961c       0   23.025637
59906.638033 20.321591      NaN     0.0     9 c    0   1.07 151.71196 1.6928    53.60  6594.04 3.26 3.07  51.4 -0.320    19.58 21.43 01a59906o0973c       0   23.025637
59906.643581 20.207197      NaN     6.0    10 c    0   0.95 151.71196 1.6928   112.89  6671.22 3.17 2.99  51.3 -0.331    19.55 21.33 01a59906o0985c       0   23.434589
59906.651295 19.841877      NaN   -28.0    14 c    0   0.92 151.71196 1.6928   132.64  6552.10 3.21 3.04  49.3 -0.328    19.23 20.57 01a59906o1000c       0   25.400393
59935.308309 20.321591      NaN    18.0     9 c    0   0.93 151.71196 1.6928  4401.78  6859.85 2.41 1.99 -71.9 -0.376    19.65 21.64 04a59935o0630c       0   23.025637
59935.311920 20.594452      NaN    21.0     7 c    0   2.11 151.71196 1.6928  4383.61  6820.87 2.28 1.92 -73.0 -0.385    19.70 21.65 04a59935o0638c       0   22.319945
59935.318233 20.449472      NaN    -2.0     8 c    0   1.17 151.71196 1.6928  4443.63  6897.28 2.37 1.93 -72.1 -0.382    19.68 21.63 04a59935o0652c       0   22.653475
59935.340688 20.449472      NaN    16.0     8 c    0   1.56 151.71196 1.6928  4475.71  6776.30 2.32 1.84 -73.5 -0.386    19.67 21.60 04a59935o0701c       0   22.653475
59939.306179 20.449472      NaN    12.0     8 c    0   1.64 151.71196 1.6928  4207.96  2996.44 2.16 2.07  17.3 -0.436    19.64 21.66 04a59939o0619c       0   22.653475
59939.308430 20.449472      NaN   -17.0     8 c    0   1.64 151.71196 1.6928  4189.21  2957.40 2.26 2.22  43.5 -0.388    19.61 21.71 04a59939o0624c       0   22.653475
59939.321566 20.207197      NaN     4.0    10 c    0   0.73 151.71196 1.6928  4273.06  2916.62 2.39 2.32   5.1 -0.369    19.55 21.74 04a59939o0653c       0   23.434589
59943.314831 20.594452      NaN    -3.0     7 c    0   1.08 151.71196 1.6928  4215.89  2989.98 2.08 2.00   2.8 -0.407    19.66 21.56 04a59943o0624c       0   22.319945
59943.316634 20.449472      NaN   -11.0     8 c    0   1.15 151.71196 1.6928  4197.04  2951.06 2.08 2.00  13.8 -0.406    19.65 21.55 04a59943o0628c       0   22.653475
59943.319786 20.594452      NaN   -20.0     7 c    0   1.61 151.71196 1.6928  4256.69  3027.14 2.08 1.98   3.4 -0.408    19.63 21.52 04a59943o0635c       0   22.319945
59943.335411 20.449472      NaN   -11.0     8 c    0   1.46 151.71196 1.6928  4286.25  2909.35 2.13 1.97   1.5 -0.402    19.63 21.50 04a59943o0669c       0   22.653475
59964.996076 20.449472      NaN    16.0     8 c    0   1.33 151.71196 1.6928  4336.67  6807.47 2.33 2.11 -54.2 -0.383    19.79 21.63 03a59965o0494c    8192   22.653475
59964.997895 20.449472      NaN    -4.0     8 c    0   1.49 151.71196 1.6928  4319.03  6768.02 2.37 2.17 -52.1 -0.384    19.78 21.62 03a59965o0498c    8192   22.653475
59965.001062 20.761819      NaN    -4.0     6 c    0   1.97 151.71196 1.6928  4375.54  6847.66 2.34 2.14 -52.9 -0.385    19.77 21.63 03a59965o0505c    8192   22.026801
59965.008730 20.449472      NaN     4.0     8 c    0   1.78 151.71196 1.6928  4399.27  6732.78 2.33 2.08 -51.8 -0.388    19.81 21.65 03a59965o0522c    8192   22.653475
59968.967153 20.594452      NaN    30.0     7 c    0   1.80 151.71196 1.6928  4239.86  2947.34 2.32 2.22 -50.5 -0.400    19.75 21.62 03a59969o0431c    8192   22.319945
59969.014270 20.207197      NaN    21.0    10 c    0   0.92 151.71196 1.6928  4235.00  2910.36 2.59 2.30 -59.7 -0.400    19.65 21.57 03a59969o0491c       0   23.434589
59969.019725 20.321591      NaN    -2.0     9 c    0   1.00 151.71196 1.6928  6269.51  7573.10 2.62 2.27 -52.5 -0.383    19.69 21.55 03a59969o0502c       0   23.025637
59969.039369 20.594452      NaN    -6.0     7 c    0   1.64 151.71196 1.6928  6249.10  7689.90 2.54 2.23 -52.0 -0.390    19.68 21.54 03a59969o0544c       0   22.319945
59990.189002 20.321591      NaN     6.0     9 c    0   1.63 151.71196 1.6928  4119.02  1062.32 2.39 2.05  32.8 -0.426    19.46 21.21 04a59990o0382c       0   23.025637
59990.190803 20.321591      NaN    -9.0     9 c    0   1.42 151.71196 1.6928  4100.53  1023.35 2.38 2.05  29.0 -0.420    19.48 21.20 04a59990o0386c       0   23.025637
59990.193971 20.449472      NaN    -7.0     8 c    0   2.31 151.71196 1.6928  4160.74  1101.07 2.39 2.10  27.7 -0.413    19.48 21.21 04a59990o0393c       0   22.653475
59990.204561 20.103715      NaN   -38.0    11 c    0   1.18 151.71196 1.6928  6410.59  9655.96 2.62 2.09 -64.3 -0.369    19.50 21.13 04a59990o0415c       0   23.878441
59994.172776 20.207197      NaN    -9.0    10 c    0   1.48 151.71196 1.6928  8282.00  6676.17 2.55 2.10 -35.9 -0.414    19.55 21.30 04a59994o0362c       0   23.434589
59994.174579 20.207197      NaN    -1.0    10 c    0   1.20 151.71196 1.6928  8262.91  6637.81 2.53 2.14 -40.0 -0.412    19.56 21.30 04a59994o0366c       0   23.434589
59994.178636 20.207197      NaN    13.0    10 c    0   1.59 151.71196 1.6928  8323.67  6715.52 2.60 2.16 -36.7 -0.413    19.55 21.29 04a59994o0375c       0   23.434589
59994.184496 20.321591      NaN    -2.0     9 c    0   1.99 151.71196 1.6928  8346.07  6599.01 2.63 2.20 -35.1 -0.410    19.50 21.31 04a59994o0388c       0   23.025637
59998.131061 20.207197      NaN    -5.0    10 c    0   1.42 151.71196 1.6928  8269.37  6678.35 2.57 2.19 -28.8 -0.404    19.54 21.41 04a59998o0284c       0   23.434589
59998.132863 20.321591      NaN     3.0     9 c    0   1.58 151.71196 1.6928  8250.63  6639.43 2.61 2.28 -35.2 -0.398    19.52 21.40 04a59998o0288c       0   23.025637
59998.143322 20.449472      NaN   -35.0     8 c    0   1.66 151.71196 1.6928  8312.53  6717.32 2.58 2.21 -36.5 -0.416    19.51 21.42 04a59998o0307c       0   22.653475
59998.148729 20.321591      NaN    20.0     9 c    0   1.65 151.71196 1.6928  8333.78  6600.51 2.67 2.24 -35.8 -0.394    19.52 21.42 04a59998o0319c       0   23.025637
60001.185787 20.449472      NaN   -39.0     8 c    0   1.29 151.71196 1.6928  8747.38  8013.94 2.56 2.21 -29.1 -0.416    19.61 21.50 04a60001o0345c       0   22.653475
60001.191693 20.321591      NaN   -60.0     9 c    0   1.89 151.71196 1.6928  8770.57  8047.37 2.63 2.24 -37.4 -0.425    19.62 21.47 04a60001o0358c       0   23.025637
60001.205286 20.103715      NaN     3.0    11 c    0   1.13 151.71196 1.6928  8722.16  7956.00 2.65 2.19 -30.7 -0.415    19.59 21.47 04a60001o0388c       0   23.878441
60001.208453 20.207197      NaN    14.0    10 c    0   1.08 151.71196 1.6928  8704.15  8069.71 2.65 2.19 -30.6 -0.407    19.63 21.43 04a60001o0395c       0   23.434589
60002.191576 20.207197      NaN     7.0    10 c    0   1.51 151.71196 1.6928  8742.70  8002.65 2.68 2.17 -24.2 -0.414    19.67 21.61 04a60002o0402c       0   23.434589
60002.194729 20.449472      NaN    -3.0     8 c    0   1.91 151.71196 1.6928  8764.51  8038.51 2.58 2.15 -28.3 -0.420    19.69 21.60 04a60002o0409c       0   22.653475
60002.202056 20.449472      NaN     2.0     8 c    0   1.84 151.71196 1.6928  8711.30  7953.82 2.64 2.11 -23.3 -0.418    19.70 21.58 04a60002o0425c       0   22.653475
60002.211833 20.103715      NaN    -6.0    11 c    0   0.70 151.71196 1.6928  8697.48  8061.69 2.59 2.09 -26.8 -0.435    19.68 21.58 04a60002o0446c       0   23.878441
60020.878469 20.207197      NaN     5.0    10 c    0   1.34 151.71196 1.6928  6371.07  9570.46 2.68 2.33 -51.2 -0.390    19.71 21.63 03a60021o0326c       0   23.434589
60020.882078 20.594452      NaN    -8.0     7 c    0   1.65 151.71196 1.6928  6389.39  9610.57 2.80 2.48 -51.6 -0.382    19.66 21.63 03a60021o0334c       0   22.319945
60020.887941 20.207197      NaN   -29.0    10 c    0   1.06 151.71196 1.6928  6332.54  9531.83 2.70 2.36 -49.9 -0.386    19.74 21.64 03a60021o0347c       0   23.434589
60020.898339 20.207197      NaN     1.0    10 c    0   1.49 151.71196 1.6928  6310.78  9649.70 2.74 2.34 -47.8 -0.389    19.56 21.46 03a60021o0370c       0   23.434589
60024.881820 20.594452      NaN     0.0     7 c    0   1.25 151.71196 1.6928  2362.14  3859.06 2.40 2.18 -62.4 -0.403    19.70 21.60 03a60025o0340c       0   22.319945
60024.884976 20.594452      NaN   -33.0     7 c    0   1.64 151.71196 1.6928  2380.66  3898.25 2.38 2.18 -60.8 -0.399    19.73 21.61 03a60025o0347c       0   22.319945
60024.891774 20.449472      NaN     8.0     8 c    0   1.65 151.71196 1.6928  2325.21  3820.69 2.38 2.20 -59.2 -0.400    19.71 21.59 03a60025o0362c       0   22.653475
60024.902627 20.449472      NaN   -23.0     8 c    0   1.21 151.71196 1.6928  2302.82  3936.15 2.42 2.21 -56.0 -0.400    19.69 21.59 03a60025o0386c       0   22.653475
60048.099337 20.207197      NaN   -12.0    10 c    0   1.56 151.71196 1.6928  6415.10  7582.83 2.64 2.39 -38.5 -0.375    19.31 21.28 04a60048o0300c       0   23.434589
60048.102102 20.103715      NaN    36.0    11 c    0   1.09 151.71196 1.6928  6435.11  7619.52 2.58 2.29 -50.9 -0.380    19.37 21.27 04a60048o0306c       0   23.878441
60048.108489 19.922338      NaN   -15.0    13 c    0   0.79 151.71196 1.6928  6379.76  7537.60 2.66 2.54 -52.3 -0.360    19.27 21.27 04a60048o0320c       0   24.863225
60048.122458 20.207197      NaN   -47.0    10 c    0   1.30 151.71196 1.6928  6365.32  7645.79 2.55 2.25 -49.4 -0.382    19.38 21.31 04a60048o0350c       0   23.434589
60051.094258 20.009244      NaN   -25.0    12 c    0   1.25 151.71196 1.6928  1824.64  1771.33 2.89 2.19  50.7 -0.382    19.31 21.01 04a60051o0294c       0   24.355286
60051.097435 20.103715      NaN    -4.0    11 c    0   1.42 151.71196 1.6928  1846.36  1807.78 2.88 2.13  50.5 -0.379    19.34 21.00 04a60051o0301c       0   23.878441
60051.104801 19.922338      NaN     4.0    13 c    0   1.01 151.71196 1.6928  1791.01  1723.30 2.92 2.15  50.3 -0.382    19.28 20.98 04a60051o0317c       0   24.863225
60051.118904 19.841877      NaN   -29.0    14 c    0   1.00 151.71196 1.6928  1776.41  1832.52 2.84 2.13  52.2 -0.380    19.28 20.99 04a60051o0348c       0   25.400393
60054.084852 20.321591      NaN   -16.0     9 c    0   1.58 151.71196 1.6928  6271.50  2070.75 2.46 2.14 -13.2 -0.391    19.42 21.23 04a60054o0280c       0   23.025637
60054.088014 20.103715      NaN   -28.0    11 c    0   1.24 151.71196 1.6928  6291.83  2107.04 2.42 2.12 -15.0 -0.388    19.41 21.22 04a60054o0287c       0   23.878441
60054.094892 20.207197      NaN     8.0    10 c    0   1.23 151.71196 1.6928  6237.24  2024.70 2.47 2.18 -14.2 -0.386    19.41 21.21 04a60054o0302c       0   23.434589
60054.108012 20.009244      NaN     0.0    12 c    0   1.00 151.71196 1.6928  6220.46  2134.71 2.49 2.18  -8.5 -0.383    19.37 21.18 04a60054o0331c       0   24.355286
60057.073480 20.207197      NaN     8.0    10 c    0   1.16 151.71196 1.6928  4384.78  5744.66 2.30 2.22 -37.3 -0.375    19.25 21.24 04a60057o0199c       0   23.434589
60057.077101 20.207197      NaN    -9.0    10 c    0   1.32 151.71196 1.6928  4405.66  5780.25 2.19 2.08 -60.9 -0.381    19.34 21.24 04a60057o0207c       0   23.434589
60057.082519 20.009244      NaN    12.0    12 c    0   0.93 151.71196 1.6928  4350.15  5698.79 2.23 2.12 -61.3 -0.376    19.32 21.25 04a60057o0219c       0   24.355286
60057.103834 20.207197      NaN   -16.0    10 c    0   1.31 151.71196 1.6928  4338.74  5802.51 2.36 2.21 -71.3 -0.360    19.28 21.26 04a60057o0266c       0   23.434589