         MJD         m       dm   uJy  duJy F  err  chi/N       RA      Dec        x        y  maj  min   phi  apfit  mag5sig   Sky            Obs    Mask     duJy_new
57316.427939 19.454622      NaN   -44    20 c    0   1.20 46.94919 40.31127  9579.53  9620.20 4.69 4.04 -88.7 -0.406    19.26 21.14 02a57316o0334c       0    39.348491
57316.441799 19.569016      NaN   -13    18 c    0   1.40 46.94919 40.31127  9576.87  9623.86 4.71 4.08  89.1 -0.401    19.41 21.46 02a57316o0355c       0    38.370610
57316.473150 19.454622      NaN    -8    20 c    0   1.22 46.94919 40.31127  1001.30  8058.00 4.83 3.88 -58.8 -0.432    19.39 21.40 02a57316o0401c       0    39.348491
57316.501586 19.510313      NaN   -33    19 c    0   1.09 46.94919 40.31127  1006.00  8066.23 4.57 3.66 -60.3 -0.453    19.43 21.35 02a57316o0443c       0    38.849758
57395.309403 19.454622      NaN   -91    20 c    0   1.09 46.94919 40.31127  1380.67   584.07 5.13 3.84 -25.4 -0.444    19.55 21.54 02a57395o0192c       0    39.348491
57395.314624 19.318728      NaN    37    16 c    0   1.21 46.94919 40.31127  6132.46 10259.73 3.95 3.87  50.2 -0.402    19.57 21.54 02a57395o0200c       0    37.474041
57395.325711 19.696897      NaN   -44    16 c    0   1.56 46.94919 40.31127  1717.31  1179.46 4.87 3.78 -25.5 -0.442    19.56 21.53 02a57395o0217c       0    37.474041
57395.347711 19.841877      NaN     2    14 c    0   1.60 46.94919 40.31127  5633.56  9691.06 3.73 3.66  59.4 -0.418    19.62 21.56 02a57395o0250c       0    36.664748
57395.363560 19.696897      NaN   -74    16 c    0   1.62 46.94919 40.31127   586.77  1821.86 4.89 3.72 -32.8 -0.421    19.57 21.50 02a57395o0274c       0    37.474041
57402.315017 18.776955      NaN    69    20 c    0   1.37 46.94919 40.31127  6223.81 10426.22 4.19 3.99 -78.6 -0.423    19.28 21.06 02a57402o0207c    8192    39.348491
57402.351500 19.569016      NaN    -4    18 c    0   1.17 46.94919 40.31127  5659.79  9837.02 3.94 3.74 -85.3 -0.424    19.34 21.09 02a57402o0262c    8192    38.370610
57403.317842 19.351140      NaN    -1    22 c    0   1.36 46.94919 40.31127  6226.23 10426.15 3.94 3.82  72.7 -0.450    19.17 20.72 02a57403o0211c    8192    40.401779
57403.347924 19.351140      NaN   -31    22 c    0   1.42 46.94919 40.31127  5661.92  9835.65 3.96 3.77 -83.5 -0.438    19.13 20.68 02a57403o0258c    8192    40.401779
57420.308165 19.287255      NaN    42    15 c    0   1.80 46.94919 40.31127  5534.68 10300.77 4.29 4.21  51.0 -0.389    19.41 21.44 02a57420o0127c       0    37.058113
57420.326935 19.766969      NaN   -44    15 c    0   1.31 46.94919 40.31127  6660.65  9728.16 4.08 3.94  66.8 -0.398    19.44 21.39 02a57420o0157c       0    37.058113
57420.345903 19.510313      NaN    -7    19 c    0   1.07 46.94919 40.31127  6497.14  9844.28 4.16 4.04  70.2 -0.389    19.37 21.35 02a57420o0187c       0    38.849758
57424.245620 18.867907      NaN    48    24 c    0   1.36 46.94919 40.31127   725.49  1288.62 5.31 3.88 -27.3 -0.497    19.41 21.33 02a57424o0089c       0    41.524736
57424.262248 19.256669      NaN   -60    24 c    0   1.51 46.94919 40.31127   451.15   716.58 5.87 4.01 -27.4 -0.465    19.41 21.42 02a57424o0116c       0    41.524736
57424.286918 19.401649      NaN   -75    21 c    0   1.42 46.94919 40.31127  1701.06   117.28 5.52 3.85 -20.7 -0.486    19.48 21.44 02a57424o0156c       0    39.866072
57427.292597 19.089302      NaN    41    20 c    0   1.28 46.94919 40.31127  5431.72 10237.19 3.94 3.86  52.2 -0.419    19.37 21.22 02a57427o0163c       0    39.348491
57427.311846 19.569016      NaN    -2    18 c    0   1.04 46.94919 40.31127  6588.17  9674.18 3.91 3.75  81.2 -0.431    19.34 21.13 02a57427o0194c       0    38.370610
57427.331049 19.510313      NaN    -6    19 c    0   1.60 46.94919 40.31127  6574.14  9747.49 3.93 3.74  83.4 -0.430    19.30 21.06 02a57427o0225c       0    38.849758
57432.278437 18.990530      NaN    25    28 c    0   1.21 46.94919 40.31127  5546.18 10262.01 3.96 3.88  10.6 -0.424    18.98 20.40 02a57432o0149c       0    43.957977
57432.297504 19.169763      NaN   -21    26 c    0   1.15 46.94919 40.31127  6702.88  9701.58 3.94 3.81  58.7 -0.430    18.96 20.36 02a57432o0180c       0    42.711869
57432.316086 18.836735      NaN    36    29 c    0   1.06 46.94919 40.31127  6540.60  9733.84 3.95 3.87  72.9 -0.426    18.88 20.26 02a57432o0210c       0    44.601611
57433.267282 18.009935      NaN   130    38 c    0   1.13 46.94919 40.31127  5281.72 10000.86 3.90 3.81  43.3 -0.454    18.78 20.01 02a57433o0130c       0    50.914671
57433.286441 19.014394      NaN     4    30 c    0   1.52 46.94919 40.31127  6438.87  9437.62 3.92 3.65  77.0 -0.465    18.77 19.96 02a57433o0161c       0    45.258190
57433.304515 18.757738      NaN   -32    38 c    0   1.00 46.94919 40.31127  6526.64  9727.70 3.91 3.73  67.2 -0.446    18.73 19.90 02a57433o0190c       0    50.914671
57448.282604 19.302877      NaN     0    23 c    0   1.44 46.94919 40.31127  1737.56   137.36 5.53 3.77 -15.9 -0.486    19.29 21.09 02a57448o0022c    8192    40.954899
57449.230242 19.128787      NaN    16    27 c    0   1.36 46.94919 40.31127   813.25  1269.58 5.26 3.87 -22.8 -0.494    19.14 20.80 02a57449o0069c       0    43.327863
57449.244323 19.212347      NaN   -47    25 c    0   2.10 46.94919 40.31127   511.66   686.67 5.66 3.80 -20.4 -0.495    19.31 21.13 02a57449o0096c       0    42.110613
57449.260314 19.128787      NaN   -74    27 c    0   3.82 46.94919 40.31127  1717.87    74.23 5.84 3.77 -13.5 -0.465    19.32 21.15 02a57449o0128c       0    43.327863
57449.277352 19.351140      NaN  -115    22 c    0   2.18 46.94919 40.31127  1732.13   135.72 5.82 3.73 -16.1 -0.480    19.32 21.18 02a57449o0162c       0    40.401779
57450.261974 19.256669      NaN   -24    24 c    0   0.98 46.94919 40.31127  5470.72 10362.18 3.95 3.78 -82.4 -0.486    19.27 20.98 02a57450o0121c       0    41.524736
57450.279268 19.401649      NaN   -24    21 c    0   1.33 46.94919 40.31127  6600.93  9786.42 3.97 3.69  86.0 -0.463    19.26 20.98 02a57450o0156c       0    39.866072
57450.296380 19.256669      NaN   -19    24 c    0   0.97 46.94919 40.31127  6455.82  9826.57 3.94 3.75  82.2 -0.461    19.23 20.96 02a57450o0190c       0    41.524736
57451.258528 18.816441      NaN    -5    36 c    0   1.39 46.94919 40.31127  5250.18 10478.74 3.88 3.74  21.2 -0.446    19.29 20.99 02a57451o0119c       0    49.439900
57451.275939 19.351140      NaN   -35    22 c    0   1.10 46.94919 40.31127  6379.53  9902.18 3.82 3.64  68.9 -0.452    19.28 20.98 02a57451o0154c       0    40.401779
57451.293361 19.401649      NaN   -36    21 c    0   1.58 46.94919 40.31127  6456.42  9827.29 3.86 3.65  73.0 -0.448    19.23 20.92 02a57451o0188c       0    39.866072
57454.227560 18.169360      NaN   114    33 c    0   1.51 46.94919 40.31127  1014.54  1214.71 5.59 4.16 -20.3 -0.511    18.74 20.22 02a57454o0047c       0    47.300145
57454.239769 19.302877      NaN     6    23 c    0   1.59 46.94919 40.31127   701.79   629.22 5.48 3.94 -19.4 -0.504    19.26 21.12 02a57454o0070c       0    40.954899
57454.271593 19.212347      NaN    -2    25 c    0   1.32 46.94919 40.31127  1730.77   142.01 6.11 4.30 -16.1 -0.464    19.12 21.05 02a57454o0132c       0    42.110613
57455.255347 18.816441      NaN   -78    36 c    0   1.02 46.94919 40.31127  5270.18 10326.44 3.99 3.79  20.1 -0.439    18.80 20.43 02a57455o0085c       0    49.439900
57455.272709 18.504094      NaN  -133    48 c    0   1.06 46.94919 40.31127  6398.90  9749.21 3.97 3.83  72.8 -0.439    18.19 19.76 02a57455o0120c       0    58.756308
57455.289736 18.298627      NaN  -184    58 c    0   1.25 46.94919 40.31127  6459.85  9832.14 3.89 3.64  44.5 -0.469    17.67 19.39 02a57455o0154c       0    67.173683
57458.227572 18.438271      NaN   -32    51 c    0   1.15 46.94919 40.31127   716.51  1437.22 5.13 4.33  -3.3 -0.445    18.24 20.02 02a57458o0061c       0    61.231558
57458.239224 19.128787      NaN   -10    27 c    0   1.40 46.94919 40.31127   415.33   874.18 6.10 4.29 -23.3 -0.457    19.05 20.84 02a57458o0083c       0    43.327863
57458.252737 18.944322      NaN  -101    32 c    0   2.07 46.94919 40.31127  1625.89   240.77 6.41 4.28 -14.1 -0.452    19.02 20.91 02a57458o0110c       0    46.607979
57458.270069 18.816441      NaN  -364    36 c    0   3.99 46.94919 40.31127  1736.03   140.30 6.94 4.27 -10.8 -0.399    18.93 20.92 02a57458o0144c    4096    49.439900
57605.606604 19.631075      NaN   -36    17 c    0   1.48 46.94919 40.31127  3419.94  1511.42 4.44 3.67  -6.4 -0.440    19.56 21.60 02a57605o0718c       0    37.911789
57605.619112 19.589310      NaN    19    17 c    0   1.25 46.94919 40.31127  3434.29  1551.04 4.34 3.65  -8.2 -0.443    19.49 21.44 02a57605o0742c       0    37.911789
57605.631554 18.598565      NaN   -93    44 c    0   1.07 46.94919 40.31127  3375.20  1472.31 4.25 3.54  -8.2 -0.466    18.46 19.39 02a57605o0766c       0    55.536508
57609.600851 19.696897      NaN     8    16 c    0   1.57 46.94919 40.31127   900.94  8050.69 4.02 3.52 -54.0 -0.456    19.56 21.60 02a57609o0700c       0    37.474041
57609.613347 19.696897      NaN    -2    16 c    0   1.40 46.94919 40.31127   916.51  8092.01 4.06 3.54 -53.2 -0.452    19.58 21.62 02a57609o0724c       0    37.474041
57609.625952 19.351140      NaN   -45    22 c    0   1.23 46.94919 40.31127   855.47  8012.47 4.06 3.54 -53.8 -0.456    19.21 20.86 02a57609o0748c       0    40.401779
57625.591229 19.212347      NaN     1    25 c    0   1.13 46.94919 40.31127  7477.65  8399.71 4.07 3.58 -87.7 -0.459    19.19 20.74 02a57625o0582c       0    42.110613
57625.605367 19.169763      NaN  -113    26 c    0   1.00 46.94919 40.31127  7487.64  8447.59 4.03 3.57 -86.8 -0.451    19.21 20.74 02a57625o0604c       0    42.711869
57625.618883 19.256669      NaN   -76    24 c    0   1.29 46.94919 40.31127  7444.61  8366.82 4.02 3.57 -88.8 -0.455    19.19 20.73 02a57625o0625c       0    41.524736
57625.632991 18.666446      NaN    33    36 c    0   1.10 46.94919 40.31127  7415.18  8485.73 4.01 3.57 -89.9 -0.452    18.90 20.11 02a57625o0647c       0    49.439900
57636.561515 17.797727      NaN -1101    92 c    0   1.66 46.94919 40.31127 10119.64 10103.19 4.50 1.98  75.0 -0.519    17.34 19.92 02a57636o0611c 8388610    98.042357
57640.605819 19.287255      NaN    33    18 c    0   1.01 46.94919 40.31127  5087.78  9073.27 3.76 3.54  -4.3 -0.417    19.60 21.64 02a57640o0008c    8192    38.370610
57640.618294 19.491430      NaN    27    16 c    0   1.03 46.94919 40.31127  5141.78  9153.58 3.86 3.73  24.1 -0.433    19.60 21.64 02a57640o0032c    8192    37.474041
57660.529591 19.631075      NaN   -44    17 c    0   1.12 46.94919 40.31127   956.95  8172.86 3.81 3.46  23.7 -0.432    19.57 21.52 02a57660o0351c       0    37.911789
57660.542023 19.631075      NaN    -3    17 c    0   0.89 46.94919 40.31127  9547.35  2231.44 3.96 3.55  85.9 -0.416    19.60 21.55 02a57660o0374c       0    37.911789
57660.553161 19.766969      NaN   -63    15 c    0   1.23 46.94919 40.31127   913.47  8132.70 3.85 3.54  29.4 -0.443    19.61 21.58 02a57660o0396c       0    37.058113
57660.571214 19.696897      NaN     9    16 c    0   1.17 46.94919 40.31127  9618.37  2191.20 4.08 3.72  87.6 -0.409    19.55 21.54 02a57660o0427c       0    37.474041
57660.585428 19.026525      NaN    55    17 c    0   0.89 46.94919 40.31127  9570.23  2249.45 4.04 3.65  86.8 -0.413    19.58 21.54 02a57660o0451c       0    37.911789
57664.578463 17.456271      NaN  -830   126 c    0   1.18 46.94919 40.31127  1008.45  2759.16 4.14 3.84  76.4 -0.383    17.29 18.84 02a57664o0017c       2   130.477215
57664.591292 18.459772      NaN  -236    50 c    0   1.18 46.94919 40.31127   960.93  2818.16 4.10 3.85  76.9 -0.379    18.13 19.84 02a57664o0041c    8192    60.401190
57668.467639 19.841877      NaN   -12    14 c    0   1.46 46.94919 40.31127  4134.35   912.72 3.90 3.79 -63.9 -0.421    19.57 21.49 02a57668o0525c       0    36.664748
57668.481400 19.841877      NaN   -47    14 c    0   1.53 46.94919 40.31127  4164.77   951.87 3.77 3.66 -51.9 -0.429    19.63 21.51 02a57668o0551c       0    36.664748
57668.493806 19.766969      NaN   -31    15 c    0   1.15 46.94919 40.31127  4102.27   878.56 3.79 3.69 -53.8 -0.430    19.62 21.51 02a57668o0574c       0    37.058113
57668.506230 19.841877      NaN   -21    14 c    0   1.53 46.94919 40.31127  4073.09   996.58 3.81 3.74 -48.2 -0.426    19.60 21.49 02a57668o0597c       0    36.664748
57668.513922 19.841877      NaN   -15    14 c    0   1.31 46.94919 40.31127  4119.48   933.10 3.80 3.72 -63.0 -0.430    19.60 21.47 02a57668o0612c       0    36.664748
57686.416802 16.976557 0.096017   605    52 c    0   8.29 46.94919 40.31127 10527.84  8162.95 3.64 2.96 -71.4 -0.470    19.61 21.55 02a57686o0475c    4096    62.066929
57686.437026 19.841877      NaN     1    14 c    0   1.77 46.94919 40.31127   432.17  8077.40 3.80 3.41  38.7 -0.435    19.60 21.56 02a57686o0514c       0    36.664748
57686.442735 18.738855 0.233995   133    25 c    0   2.36 46.94919 40.31127 10496.65  8132.63 3.63 2.98 -71.2 -0.468    19.63 21.58 02a57686o0525c       0    42.110613
57686.444969 19.271854      NaN    37    17 c    0   1.14 46.94919 40.31127   444.44  8121.52 3.70 3.37  32.8 -0.434    19.61 21.55 02a57686o0529c       0    37.911789
57686.452698 19.419021      NaN    28    17 c    0   1.27 46.94919 40.31127   386.09  8041.54 3.75 3.40  35.8 -0.442    19.61 21.57 02a57686o0544c       0    37.911789
57686.454360 18.767304      NaN    19    37 c    0   0.43 46.94919 40.31127    45.71  2203.20 4.11 3.65  72.8 -0.390    19.64 21.60 02a57686o0547c       0    50.172739
57686.460977 17.678623      NaN   124    67 c    0   0.60 46.94919 40.31127 10515.93  8189.81 3.68 3.08 -71.3 -0.456    19.62 21.59 02a57686o0560c       2    75.081980
57686.461959 19.631075      NaN    17    17 c    0   1.35 46.94919 40.31127   375.60  8154.65 3.66 3.38  29.9 -0.433    19.62 21.56 02a57686o0562c       0    37.911789
57686.482411 19.719755 0.300310    64    13 c    0   2.11 46.94919 40.31127   417.41  8099.65 3.81 3.41  36.1 -0.441    19.62 21.60 02a57686o0601c       0    36.294679
57690.423119 19.696897      NaN   -15    16 c    0   1.16 46.94919 40.31127  9819.63  7815.39 4.01 3.56 -88.7 -0.423    19.65 21.63 02a57690o0471c       0    37.474041
57690.431495 19.696897      NaN    14    16 c    0   1.19 46.94919 40.31127  9848.79  7859.54 3.96 3.51 -89.8 -0.429    19.64 21.60 02a57690o0487c       0    37.474041
57690.449777 19.766969      NaN    -9    15 c    0   1.11 46.94919 40.31127   718.00  2672.27 4.04 3.91  86.6 -0.382    19.68 21.70 02a57690o0521c       0    37.058113
57690.461892 19.696897      NaN    14    16 c    0   0.96 46.94919 40.31127   743.84  2555.65 4.15 4.02 -87.8 -0.378    19.64 21.72 02a57690o0543c       0    37.474041
57690.469726 19.922338      NaN     9    13 c    0   1.75 46.94919 40.31127   695.65  2611.03 3.96 3.82  81.6 -0.390    19.72 21.75 02a57690o0557c       0    36.294679
57694.432381 19.271854      NaN    40    16 c    0   1.28 46.94919 40.31127   104.97  2159.01 4.19 3.85  70.3 -0.377    19.55 21.37 02a57694o0463c       0    37.474041
57694.452904 19.696897      NaN   -10    16 c    0   1.39 46.94919 40.31127 10202.18  2251.49 4.02 3.52  88.8 -0.423    19.52 21.26 02a57694o0503c       0    37.474041
57694.460312 19.318728      NaN    19    22 c    0   1.17 46.94919 40.31127    71.67  2125.67 4.18 3.73  70.5 -0.381    19.55 21.32 02a57694o0517c       0    40.401779
57694.465245 19.569016      NaN    23    16 c    0   1.38 46.94919 40.31127 10183.78  2213.14 4.06 3.61  89.2 -0.422    19.51 21.31 02a57694o0526c       0    37.474041
57694.468315 19.334813      NaN    36    16 c    0   1.32 46.94919 40.31127   132.77  2201.03 4.19 3.76  70.7 -0.385    19.56 21.36 02a57694o0532c       0    37.474041
57694.478667 19.696897      NaN    10    16 c    0   1.45 46.94919 40.31127   161.18  2082.13 4.23 4.01  57.7 -0.366    19.54 21.40 02a57694o0551c       0    37.474041
57694.480200 19.631075      NaN   -41    17 c    0   1.25 46.94919 40.31127 10241.29  2290.78 4.01 3.50  88.3 -0.423    19.58 21.38 02a57694o0554c       0    37.911789
57694.492545 19.569016      NaN   -24    18 c    0   1.27 46.94919 40.31127 10260.50  2179.37 4.24 4.09  11.0 -0.391    19.50 21.43 02a57694o0577c       0    38.370610
57694.493067 19.197966      NaN    45    16 c    0   1.26 46.94919 40.31127   119.88  2142.78 4.20 4.04  47.6 -0.367    19.53 21.41 02a57694o0578c       0    37.474041
57694.499348 19.696897      NaN   -29    16 c    0   1.26 46.94919 40.31127 10211.57  2233.33 4.06 3.57  86.6 -0.423    19.59 21.43 02a57694o0590c       0    37.474041
57698.403015 18.826541      NaN    70    18 c    0   1.37 46.94919 40.31127  9362.78 10158.48 3.53 3.19 -56.0 -0.461    19.67 21.68 02a57698o0436c       0    38.370610
57698.413997 19.569016      NaN     0    18 c    0   1.22 46.94919 40.31127  4601.91   492.12 3.84 3.75 -54.6 -0.421    19.68 21.60 02a57698o0457c       0    38.370610
57698.415538 19.115465      NaN    42    19 c    0   1.20 46.94919 40.31127  9394.33 10198.36 3.47 3.09 -53.9 -0.478    19.68 21.62 02a57698o0460c       0    38.849758
57698.429631 19.631075      NaN    15    17 c    0   1.22 46.94919 40.31127  1174.62   328.85 3.98 3.75  89.7 -0.408    19.69 21.63 02a57698o0487c       0    37.911789
57698.430142 19.510313      NaN   -27    19 c    0   1.03 46.94919 40.31127  5896.47  9916.44 3.51 3.21 -18.3 -0.430    19.69 21.60 02a57698o0488c       0    38.849758
57698.441161 19.631075      NaN   -28    17 c    0   1.42 46.94919 40.31127  5953.28  9997.38 3.52 3.28 -13.8 -0.421    19.69 21.62 02a57698o0508c       0    37.911789
57698.447951 19.197966      NaN    39    18 c    0   1.06 46.94919 40.31127  5967.78  9874.71 3.48 3.20 -17.6 -0.428    19.70 21.64 02a57698o0521c       0    38.370610
57698.449496 19.841877      NaN   -44    14 c    0   1.39 46.94919 40.31127  1204.79   212.14 4.01 3.77 -86.9 -0.410    19.70 21.66 02a57698o0524c       0    36.664748
57698.462653 19.922338      NaN    -7    13 c    0   1.40 46.94919 40.31127  1160.63   274.46 4.04 3.85  88.7 -0.401    19.70 21.66 02a57698o0549c       0    36.294679
57698.463676 19.569016      NaN     2    18 c    0   1.06 46.94919 40.31127  5923.38  9940.00 3.52 3.23 -18.7 -0.429    19.70 21.65 02a57698o0551c       0    38.370610
57718.372623 19.351140      NaN    29    18 c    0   1.21 46.94919 40.31127  5778.38  9578.72 4.76 4.43 -13.9 -0.371    19.44 21.58 02a57718o0352c       0    38.370610
57718.388890 19.696897      NaN   -15    16 c    0   1.55 46.94919 40.31127  5759.75  9541.09 4.30 4.11 -19.4 -0.402    19.54 21.59 02a57718o0383c       0    37.474041
57718.408185 19.631075      NaN     5    17 c    0   1.38 46.94919 40.31127  5813.32  9618.41 4.13 4.04  -6.2 -0.407    19.48 21.47 02a57718o0420c       0    37.911789
57718.422063 19.454622      NaN    32    15 c    0   2.00 46.94919 40.31127  5833.09  9502.99 4.07 3.95   2.3 -0.418    19.52 21.51 02a57718o0446c       0    37.058113
57718.427321 19.454622      NaN    -1    20 c    0   1.43 46.94919 40.31127  5784.73  9558.25 4.07 3.97  37.3 -0.416    19.34 21.30 02a57718o0456c       0    39.348491
57746.331274 19.569016      NaN    -6    18 c    0   1.39 46.94919 40.31127  4007.02  9946.60 3.96 3.70   3.1 -0.397    19.63 21.62 02a57746o0283c       0    38.370610
57746.332306 18.615142      NaN    78    23 c    0   1.13 46.94919 40.31127  9203.15   346.97 4.09 3.91 -79.7 -0.403    19.60 21.60 02a57746o0285c       0    40.954899
57746.348868 19.454622      NaN    20    19 c    0   1.14 46.94919 40.31127  3991.60  9906.02 3.90 3.65   8.3 -0.400    19.62 21.59 02a57746o0317c       0    38.849758
57746.350422 19.334813      NaN    27    19 c    0   1.22 46.94919 40.31127  9188.07   307.46 3.99 3.80 -86.2 -0.411    19.62 21.57 02a57746o0320c       0    38.849758
57746.357091 19.302877      NaN     0    23 c    0   1.44 46.94919 40.31127  9248.98   388.92 4.41 4.03   3.0 -0.392    19.55 21.58 02a57746o0333c       0    40.954899
57746.358624 19.302877      NaN   -27    23 c    0   0.99 46.94919 40.31127  4051.17  9982.56 4.57 4.40  25.8 -0.438    19.52 21.60 02a57746o0336c       0    40.954899
57746.366025 19.334813      NaN    27    19 c    0   1.16 46.94919 40.31127  4068.69  9866.44 4.70 4.02   5.7 -0.381    19.50 21.60 02a57746o0350c       0    38.849758
57746.380081 19.510313      NaN     1    19 c    0   1.03 46.94919 40.31127  9268.59   269.90 4.05 3.81 -84.1 -0.408    19.61 21.58 02a57746o0377c       0    38.849758
57746.381113 19.076453      NaN    45    19 c    0   1.19 46.94919 40.31127  4024.87  9923.27 3.99 3.79  16.2 -0.405    19.59 21.59 02a57746o0379c       0    38.849758
57746.386958 18.748255      NaN    57    25 c    0   1.10 46.94919 40.31127  9234.74   331.26 4.12 3.91 -87.9 -0.407    19.59 21.59 02a57746o0390c       0    42.110613
57750.329951 19.183773      NaN    40    18 c    0   1.17 46.94919 40.31127  1298.34  2077.76 4.16 3.94  80.5 -0.378    19.56 21.57 02a57750o0102c       0    38.370610
57750.337565 19.696897      NaN    16    16 c    0   1.21 46.94919 40.31127  1282.93  2038.29 4.11 3.93  84.3 -0.381    19.61 21.63 02a57750o0117c       0    37.474041
57750.344047 19.696897      NaN   -18    16 c    0   1.18 46.94919 40.31127  1345.35  2115.40 4.05 3.92  77.7 -0.380    19.67 21.71 02a57750o0130c       0    37.474041
57750.353246 19.351140      NaN    29    18 c    0   0.84 46.94919 40.31127  1360.84  1997.66 4.09 3.89  82.5 -0.381    19.72 21.76 02a57750o0148c       0    38.370610
57750.374060 18.675237      NaN   -53    41 c    0   0.77 46.94919 40.31127  1333.74  2056.38 4.58 4.45  76.3 -0.343    19.02 21.21 02a57750o0189c       0    53.191200
57778.298202 19.696897      NaN     8    16 c    0   1.30 46.94919 40.31127   960.13  2352.77 4.21 4.02  85.6 -0.378    19.49 21.48 02a57778o0035c       0    37.474041
57778.300626 19.454622      NaN    29    16 c    0   1.20 46.94919 40.31127   945.06  2311.07 4.24 4.02  87.4 -0.379    19.50 21.49 02a57778o0040c       0    37.474041
57778.313868 19.226921      NaN    40    17 c    0   1.27 46.94919 40.31127  1002.90  2384.73 4.19 4.03 -84.4 -0.389    19.51 21.51 02a57778o0067c       0    37.911789
57778.323958 19.696897      NaN    -4    16 c    0   1.08 46.94919 40.31127  1017.58  2266.46 4.07 3.92 -74.5 -0.402    19.52 21.48 02a57778o0088c       0    37.474041
57778.344019 19.334813      NaN    33    17 c    0   1.24 46.94919 40.31127   988.42  2322.51 4.05 3.89 -68.6 -0.401    19.52 21.46 02a57778o0129c       0    37.911789
57782.279657 19.766969      NaN   -13    15 c    0   1.32 46.94919 40.31127   475.75  1344.32 4.15 3.92  77.5 -0.379    19.61 21.56 02a57782o0158c       0    37.058113
57782.290045 19.183773 0.225608    94    16 c    0   1.32 46.94919 40.31127   446.97  1304.09 4.11 3.89  82.6 -0.391    19.62 21.55 02a57782o0179c       0    37.474041
57782.308115 19.696897      NaN    -7    16 c    0   1.32 46.94919 40.31127   524.96  1377.54 4.08 3.80  85.0 -0.396    19.61 21.51 02a57782o0216c       0    37.474041
57782.317812 19.766969      NaN   -21    15 c    0   1.57 46.94919 40.31127   542.48  1258.53 4.13 3.85  82.2 -0.394    19.60 21.51 02a57782o0236c       0    37.058113
57782.323849 19.491430      NaN    27    16 c    0   1.27 46.94919 40.31127   497.62  1317.41 4.22 3.90  80.6 -0.388    19.56 21.46 02a57782o0248c       0    37.474041
57786.318356 18.857417      NaN    61    20 c    0   1.11 46.94919 40.31127   814.78  2542.20 3.96 3.82 -87.6 -0.391    19.25 20.86 02a57786o0019c    8192    39.348491
57786.332274 19.510313      NaN     2    19 c    0   1.29 46.94919 40.31127   768.73  2599.52 3.97 3.81 -86.3 -0.388    19.24 20.85 02a57786o0048c    8192    38.849758
57806.257175 19.128787      NaN    38    20 c    0   1.30 46.94919 40.31127  9642.34  1476.65 4.14 3.80  71.4 -0.446    19.46 21.35 02a57806o0050c       0    39.348491
57806.268803 19.510313      NaN     1    19 c    0   1.41 46.94919 40.31127  9614.94  1434.74 4.13 3.83  64.5 -0.451    19.46 21.35 02a57806o0073c       0    38.849758
57806.279545 19.510313      NaN   -13    19 c    0   1.21 46.94919 40.31127  9689.61  1513.07 4.17 3.86  61.0 -0.441    19.45 21.36 02a57806o0094c       0    38.849758
57806.295249 19.115465      NaN    30    23 c    0   1.10 46.94919 40.31127  9704.19  1395.24 4.92 4.61  35.3 -0.409    19.28 21.36 02a57806o0125c       0    40.954899
57806.299942 19.351140      NaN     0    22 c    0   1.09 46.94919 40.31127  9658.38  1453.19 4.29 4.00  52.5 -0.446    19.40 21.34 02a57806o0134c       0    40.401779
57838.256716 19.014394      NaN   -20    30 c    0   1.56 46.94919 40.31127  9878.96  2721.13 4.38 3.92  75.5 -0.450    18.37 19.83 02a57838o0006c    8192    45.258190
57988.613737 20.207197      NaN    13    10 c    0   1.88 46.94919 40.31127  7651.03  8176.71 2.66 2.62 -66.5 -0.396    19.73 21.53 02a57988o0755c       0    35.331342
57988.623580 20.207197      NaN   -21    10 c    0   1.51 46.94919 40.31127  7667.23  8217.45 2.66 2.64 -51.9 -0.396    19.70 21.45 02a57988o0773c       0    35.331342
57988.632172 19.318728      NaN    43    14 c    0   1.44 46.94919 40.31127  7606.65  8141.98 2.70 2.63 -34.5 -0.392    19.38 20.59 02a57988o0790c       0    36.664748
57988.641410 16.901649      NaN   152   165 c    0   1.01 46.94919 40.31127  7591.02  8260.65 2.74 2.66 -33.5 -0.434    17.46 18.23 02a57988o0808c       2   168.443770
58044.538714 20.207197      NaN   -30    10 c    0   1.46 46.94919 40.31127  7395.63  7295.20 3.35 3.20  54.8 -0.391    19.47 21.55 02a58044o0251c       0    35.331342
58044.546980 19.212347      NaN    53    13 c    0   1.33 46.94919 40.31127  7365.99  7255.70 3.07 2.92  54.9 -0.406    19.54 21.51 02a58044o0267c       0    36.294679
58044.560431 20.207197      NaN     2    10 c    0   1.48 46.94919 40.31127  7422.71  7333.85 3.03 2.87  53.8 -0.404    19.56 21.46 02a58044o0296c       0    35.331342
58044.568851 19.696897      NaN    35    10 c    0   1.29 46.94919 40.31127  7435.91  7216.94 3.00 2.88  59.5 -0.418    19.54 21.45 02a58044o0314c       0    35.331342
58194.223354 17.778234      NaN   106    64 c    0   1.18 46.94919 40.31127   632.44  1227.66 2.49 2.23  47.5 -0.543    17.52 18.38 02a58194o0022c       2    72.417565
58194.223811 18.136622      NaN    66    51 c    0   1.66 46.94919 40.31127   572.02  1150.63 2.61 2.31  47.7 -0.535    17.52 18.50 02a58194o0023c       0    61.231558
58194.224267 17.866751      NaN   132    48 c    0   1.15 46.94919 40.31127   587.01  1189.69 2.72 2.31  45.4 -0.523    17.76 18.63 02a58194o0024c       0    58.756308
58194.239470 19.472870      NaN    40    12 c    0   2.71 46.94919 40.31127   647.32  1109.16 2.45 2.17  46.8 -0.510    19.44 20.83 02a58194o0057c       0    35.948626
58396.521053 18.748255      NaN    36    32 c    0   0.86 46.94919 40.31127  7357.66  7182.18 2.49 2.43 -44.2 -0.411    18.60 20.16 02a58396o0690c       0    46.607979
58396.528231 19.302877      NaN     5    23 c    0   1.12 46.94919 40.31127  7342.10  7145.91 2.47 2.41 -56.8 -0.415    18.83 20.38 02a58396o0705c       0    40.954899
58396.542020 19.271854      NaN    40    16 c    0   1.50 46.94919 40.31127  7376.28  7220.96 2.50 2.47 -40.6 -0.415    19.19 20.76 02a58396o0732c       0    37.474041
58396.552098 19.631075      NaN    -7    17 c    0   1.10 46.94919 40.31127  7401.73  7099.89 2.51 2.42 -40.6 -0.405    19.25 20.88 02a58396o0751c       0    37.911789
58400.529403 20.321591      NaN   -19     9 c    0   1.82 46.94919 40.31127  8578.87  5002.55 2.58 2.48  67.5 -0.422    19.78 21.58 02a58400o0538c       0    35.061428
58400.535994 20.207197      NaN    -7    10 c    0   1.17 46.94919 40.31127  8608.03  5043.25 2.73 2.58 -55.1 -0.396    19.70 21.56 02a58400o0551c       0    35.331342
58400.537875 19.569016 0.160850    71     8 c    0   1.82 46.94919 40.31127  8548.37  4966.72 2.63 2.49 -63.3 -0.402    19.76 21.56 02a58400o0555c       0    34.818152
58400.551595 19.950541      NaN    31     8 c    0   1.96 46.94919 40.31127  8631.80  4931.69 2.54 2.49  72.1 -0.417    19.75 21.59 02a58400o0583c       0    34.818152
58424.495908 20.171596 0.350237    37    10 c    0   1.67 46.94919 40.31127  5428.42  5816.70 2.59 2.54 -22.1 -0.405    19.67 21.34 02a58424o0634c       0    35.331342
58424.502608 20.321591      NaN     0     9 c    0   2.27 46.94919 40.31127  5396.62  5776.42 2.53 2.46 -57.2 -0.407    19.62 21.27 02a58424o0648c       0    35.061428
58424.516279 20.009244      NaN   -41    12 c    0   1.71 46.94919 40.31127  5453.99  5854.46 2.60 2.54 -22.4 -0.408    19.58 21.16 02a58424o0677c       0    35.948626
58424.520087 20.207197      NaN   -27    10 c    0   1.51 46.94919 40.31127  5467.55  5737.11 2.69 2.51 -46.2 -0.395    19.57 21.15 02a58424o0685c       0    35.331342
58428.457723 19.868040      NaN    17    10 c    0   1.33 46.94919 40.31127  7918.31  3995.88 2.57 2.45  65.9 -0.416    19.77 21.67 02a58428o0475c       0    35.331342
58428.470252 20.207197      NaN   -22    10 c    0   2.16 46.94919 40.31127  7900.96  3958.41 2.61 2.49  63.7 -0.413    19.73 21.66 02a58428o0502c       0    35.331342
58428.475749 20.321591      NaN    -4     9 c    0   1.69 46.94919 40.31127  7956.94  4034.22 2.63 2.50  67.2 -0.420    19.73 21.66 02a58428o0514c       0    35.061428
58428.489773 20.171596      NaN    10     9 c    0   2.03 46.94919 40.31127  7968.87  3921.89 2.58 2.49  63.8 -0.419    19.77 21.65 02a58428o0544c       0    35.061428
58432.462063 20.449472      NaN   -56     8 c    0   2.38 46.94919 40.31127  6743.76  7244.43 2.46 2.43  23.0 -0.424    19.71 21.53 02a58432o0594c       0    34.818152
58432.474314 20.103715      NaN    -7    11 c    0   1.44 46.94919 40.31127  6711.47  7206.76 2.43 2.41   7.8 -0.427    19.77 21.52 02a58432o0620c       0    35.627289
58432.475341 19.472870      NaN    35    10 c    0   1.39 46.94919 40.31127  6769.63  7284.83 2.47 2.41  30.2 -0.430    19.74 21.51 02a58432o0622c       0    35.331342
58432.479078 20.009244      NaN   -40    12 c    0   1.23 46.94919 40.31127  6798.07  7167.82 2.56 2.46 -43.3 -0.402    19.54 21.30 02a58432o0630c       0    35.948626
58436.450473 19.302877      NaN    30    15 c    0   1.32 46.94919 40.31127  7601.54  4687.78 2.59 2.54 -46.2 -0.404    19.32 21.10 02a58436o0571c       0    37.058113
58436.456487 20.321591      NaN    -4     9 c    0   1.75 46.94919 40.31127  7585.64  4647.11 2.61 2.51 -73.0 -0.406    19.73 21.57 02a58436o0584c       0    35.061428
58436.471192 20.207197      NaN   -20    10 c    0   1.61 46.94919 40.31127  7641.77  4727.36 2.55 2.51 -30.5 -0.411    19.75 21.60 02a58436o0615c       0    35.331342
58436.474861 20.321591      NaN   -18     9 c    0   1.56 46.94919 40.31127  7655.24  4609.47 2.73 2.50 -43.7 -0.397    19.74 21.60 02a58436o0623c       0    35.061428
58456.475205 20.009244      NaN     1    12 c    0   1.71 46.94919 40.31127  4471.02  2378.09 2.84 2.71  74.3 -0.381    19.25 21.11 02a58456o0558c    8192    35.948626
58460.430788 19.816329      NaN    13    12 c    0   1.74 46.94919 40.31127  4616.56  9770.10 3.25 2.98  25.5 -0.420    19.53 21.56 02a58460o0527c       0    35.948626
58460.441177 19.922338      NaN     9    12 c    0   1.68 46.94919 40.31127  9724.00   129.18 3.39 2.88  42.2 -0.367    19.61 21.56 02a58460o0548c       0    35.948626
58460.443733 20.207197      NaN   -11    10 c    0   2.28 46.94919 40.31127  4583.90  9730.04 3.16 2.88  22.5 -0.424    19.56 21.56 02a58460o0553c       0    35.331342
58460.449762 19.696897      NaN   -25    16 c    0   1.21 46.94919 40.31127  9691.94    88.21 3.57 3.20  47.4 -0.365    19.47 21.54 02a58460o0566c       0    37.474041
58460.455113 19.791368      NaN     8    14 c    0   1.00 46.94919 40.31127  4640.40  9806.47 2.94 2.85  16.5 -0.411    19.57 21.54 02a58460o0577c       0    36.664748
58460.456978 19.841877      NaN   -50    14 c    0   1.53 46.94919 40.31127  9751.73   169.37 3.50 2.97  42.6 -0.366    19.54 21.52 02a58460o0581c       0    36.664748
58460.469365 19.510313      NaN  -106    19 c    0   1.21 46.94919 40.31127  9783.95    50.85 3.68 3.11  40.8 -0.354    19.52 21.53 02a58460o0608c       0    38.849758
58460.470749 19.454622      NaN    24    14 c    0   1.26 46.94919 40.31127  4658.34  9689.49 3.28 3.02  23.4 -0.421    19.45 21.52 02a58460o0611c       0    36.664748
58488.374134 18.776955      NaN    49    23 c    0   1.29 46.94919 40.31127    63.51  7914.87 3.35 3.29  10.8 -0.354    19.33 21.43 02a58488o0386c       0    40.954899
58488.385567 19.609992 0.250555    58    12 c    0   1.67 46.94919 40.31127  9259.51  7909.99 3.35 3.16  47.5 -0.410    19.39 21.46 02a58488o0411c       0    35.948626
58488.386938 17.014129      NaN   103   157 c    0   0.15 46.94919 40.31127    33.04  7876.09 2.99 2.85  14.7 -0.344    19.44 21.44 02a58488o0414c       2   160.615391
58488.391822 18.826541 0.202941   113    20 c    0   2.18 46.94919 40.31127    91.25  7948.61 3.01 2.90  12.8 -0.369    19.41 21.43 02a58488o0424c       0    39.348491
58488.392279 20.103715      NaN    -2    11 c    0   1.60 46.94919 40.31127  9243.12  7869.97 3.17 2.95  50.9 -0.416    19.39 21.43 02a58488o0425c       0    35.627289
58488.406918 19.791368      NaN    20    10 c    0   2.75 46.94919 40.31127  9302.86  7949.60 3.07 2.88  38.0 -0.423    19.43 21.40 02a58488o0457c       0    35.331342
58488.407376 19.089302      NaN    45    15 c    0   1.49 46.94919 40.31127   109.71  7830.35 3.25 3.06  24.8 -0.353    19.31 21.37 02a58488o0458c       0    37.058113
58488.410454 20.009244      NaN   -20    12 c    0   1.63 46.94919 40.31127  9316.03  7832.29 3.11 2.94  39.3 -0.406    19.41 21.40 02a58488o0464c       0    35.948626
58492.388363 19.979496      NaN    10    11 c    0   1.21 46.94919 40.31127  2396.60  3965.48 2.60 2.50 -65.6 -0.393    19.56 21.51 02a58492o0409c       0    35.627289
58492.394712 20.207197      NaN   -12    10 c    0   2.17 46.94919 40.31127  2367.23  3929.13 2.47 2.46  -6.5 -0.405    19.61 21.48 02a58492o0422c       0    35.331342
58492.407518 20.103715      NaN    -6    11 c    0   1.22 46.94919 40.31127  2426.56  4002.37 2.64 2.61 -64.8 -0.394    19.48 21.44 02a58492o0450c       0    35.627289
58492.414722 20.103715      NaN     0    11 c    0   1.51 46.94919 40.31127  2457.63  3885.85 2.65 2.61   7.0 -0.400    19.51 21.44 02a58492o0465c       0    35.627289
58576.229621 18.702047      NaN   -50    40 c    0   1.37 46.94919 40.31127 10406.19  2129.49 2.55 2.30   4.9 -0.446    17.96 18.69 02a58576o0023c       0    52.424267
58576.234930 19.212347 0.275053    81    19 c    0   1.26 46.94919 40.31127 10390.10  2089.67 2.52 2.31  -2.8 -0.424    18.72 19.78 02a58576o0034c       0    38.849758
58576.243161 19.631075      NaN    12    15 c    0   1.57 46.94919 40.31127 10448.33  2166.93 2.72 2.45 -27.0 -0.421    19.05 20.44 02a58576o0051c       0    37.058113
58576.254382 19.454622      NaN   -14    20 c    0   1.33 46.94919 40.31127 10463.09  2050.68 2.74 2.29 -38.8 -0.439    19.07 20.38 02a58576o0074c       0    39.348491
58708.552662 19.051202      NaN    18    25 c    0   1.30 46.94919 40.31127  7254.52  3981.33 2.60 2.41  41.9 -0.373    18.69 19.59 02a58708o0702c       0    42.110613
58708.556543 19.212347 0.289530    81    20 c    0   1.31 46.94919 40.31127  7267.39  4022.35 2.65 2.44  43.6 -0.373    18.69 19.63 02a58708o0710c       0    39.348491
58708.561726 19.302877      NaN   -30    23 c    0   1.01 46.94919 40.31127  7218.14  3942.91 2.66 2.41  44.9 -0.378    18.75 19.69 02a58708o0721c       0    40.954899
58708.572454 18.990530      NaN    35    21 c    0   1.20 46.94919 40.31127  7195.96  4063.44 2.54 2.39  48.2 -0.385    18.88 19.85 02a58708o0743c       0    39.866072
58708.636786 18.598565      NaN    30    36 c    0   0.97 46.94919 40.31127  7239.88  4005.05 2.69 2.40  47.0 -0.378    18.17 19.03 02a58708o0877c       0    49.439900
58724.547290 20.103715      NaN   -19    11 c    0   1.74 46.94919 40.31127  1467.15  2266.49 2.47 2.27 -65.7 -0.432    19.76 21.70 02a58724o0706c       0    35.627289
58724.550705 20.009244      NaN    18     8 c    0   2.56 46.94919 40.31127  1487.00  2306.35 2.46 2.21 -63.1 -0.432    19.76 21.71 02a58724o0713c       0    34.818152
58724.559259 20.449472      NaN   -29     8 c    0   2.54 46.94919 40.31127  1429.19  2224.75 2.47 2.24 -62.4 -0.435    19.78 21.74 02a58724o0730c       0    34.818152
58724.571454 19.491430      NaN    34    10 c    0   1.46 46.94919 40.31127  1414.76  2342.00 2.53 2.22  49.5 -0.411    19.72 21.78 02a58724o0755c       0    35.331342
58724.638892 18.967180      NaN    25    25 c    0   1.17 46.94919 40.31127  1467.52  2298.44 2.58 2.32 -57.4 -0.431    18.60 19.53 02a58724o0896c       0    42.110613
58728.484375 20.103715      NaN     2    11 c    0   1.78 46.94919 40.31127  1464.97  2264.49 2.44 2.34 -84.2 -0.412    19.72 21.60 02a58728o0556c       0    35.627289
58728.492451 20.103715      NaN     1    11 c    0   1.53 46.94919 40.31127  1482.50  2305.51 2.49 2.30 -63.2 -0.421    19.74 21.63 02a58728o0573c       0    35.627289
58728.495676 20.103715      NaN   -10    11 c    0   1.51 46.94919 40.31127  1420.40  2224.98 2.55 2.42  65.1 -0.404    19.67 21.63 02a58728o0580c       0    35.627289
58728.505698 20.207197      NaN    -2    10 c    0   1.35 46.94919 40.31127  1402.45  2344.50 2.45 2.40  79.2 -0.407    19.68 21.65 02a58728o0601c       0    35.331342
58728.639491 18.336727      NaN    66    36 c    0   0.82 46.94919 40.31127  9135.30  8287.50 2.71 2.56 -68.7 -0.384    18.74 19.70 02a58728o0884c       0    49.439900
58752.510007 20.103715      NaN    15     8 c    0   2.25 46.94919 40.31127  2210.46  6074.07 2.33 2.27  59.9 -0.414    19.77 21.65 02a58752o0619c       0    34.818152
58752.520957 20.071303      NaN    10    10 c    0   2.78 46.94919 40.31127  2229.53  6112.55 2.61 2.28  43.9 -0.394    19.72 21.64 02a58752o0642c       0    35.331342
58752.523704 19.631075      NaN    27    10 c    0   1.75 46.94919 40.31127  2170.34  6035.37 2.38 2.28  57.6 -0.410    19.77 21.64 02a58752o0648c       0    35.331342
58752.528825 20.321591      NaN   -16     9 c    0   1.81 46.94919 40.31127  2151.84  6152.91 2.40 2.27  50.1 -0.409    19.77 21.65 02a58752o0659c       0    35.061428
58752.589058 20.207197      NaN    -3    10 c    0   1.51 46.94919 40.31127  8405.96  4479.99 2.45 2.40 -85.3 -0.388    19.77 21.70 02a58752o0787c       0    35.331342
58780.462431 20.207197      NaN   -51    10 c    0   3.66 46.94919 40.31127   237.14 10184.43 2.72 1.92 -51.5 -0.493    19.72 21.47 02a58780o0598c       0    35.331342
58780.465363 19.922338      NaN   -23    13 c    0   1.87 46.94919 40.31127 10385.47   437.63 2.36 2.19 -58.9 -0.446    19.61 21.47 02a58780o0604c       0    36.294679
58780.466279 19.743105      NaN    16    12 c    0   0.99 46.94919 40.31127   791.55   383.07 2.79 2.23 -54.7 -0.419    19.66 21.40 02a58780o0606c       0    35.948626
58780.469108 20.449472      NaN   -48     8 c    0   2.92 46.94919 40.31127   808.69   424.67 2.69 2.22 -55.4 -0.420    19.66 21.37 02a58780o0612c       0    34.818152
58780.470481 19.631075      NaN   -42    17 c    0   1.10 46.94919 40.31127 10327.65   357.56 2.78 2.05 -54.8 -0.462    19.67 21.39 02a58780o0615c       0    37.911789
58780.479132 19.868040      NaN    17    10 c    0   1.87 46.94919 40.31127  9852.89 10235.96 2.73 2.46  44.9 -0.383    19.66 21.36 02a58780o0633c       0    35.331342
58780.480530 20.103715      NaN   -44    11 c    0   2.75 46.94919 40.31127   291.96 10101.07 2.39 1.93 -51.1 -0.519    19.66 21.37 02a58780o0636c       0    35.627289
58780.492251 20.207197 0.361912    36    10 c    0   2.40 46.94919 40.31127   734.90   463.00 2.73 2.24 -56.9 -0.420    19.65 21.33 02a58780o0661c       0    35.331342
58784.454546 19.922338      NaN   -35    13 c    0   1.64 46.94919 40.31127   235.18 10181.94 2.92 1.95 -52.8 -0.481    19.74 21.47 02a58784o0481c       0    36.294679
58784.459867 20.207197      NaN   -71    10 c    0   3.66 46.94919 40.31127   214.10 10145.52 2.95 2.00 -52.4 -0.485    19.72 21.47 02a58784o0492c       0    35.331342
58784.463106 19.922338      NaN   -60    13 c    0   1.52 46.94919 40.31127   268.60 10221.12 2.75 2.39 -46.4 -0.472    19.57 21.47 02a58784o0499c       0    36.294679
58784.489190 19.922338      NaN   -38    13 c    0   2.32 46.94919 40.31127   283.58 10100.28 2.61 1.94 -50.4 -0.484    19.73 21.43 02a58784o0508c       0    36.294679
58784.493165 20.207197      NaN    -9    10 c    0   1.47 46.94919 40.31127  9805.67 10197.79 2.88 2.55 -64.0 -0.372    19.72 21.41 02a58784o0516c       0    35.331342
58784.496665 20.071303      NaN     7    11 c    0   1.33 46.94919 40.31127  9784.23 10157.89 2.87 2.53 -62.9 -0.376    19.73 21.37 02a58784o0523c       0    35.627289
58784.502538 20.071303 0.319334    40    10 c    0   1.81 46.94919 40.31127  9838.97 10237.83 2.94 2.58 -63.2 -0.368    19.68 21.35 02a58784o0535c       0    35.331342
58784.513262 20.137125      NaN     8    10 c    0   1.51 46.94919 40.31127  9850.61 10120.13 3.00 2.54 -59.3 -0.375    19.72 21.32 02a58784o0556c       0    35.331342
58788.452500 20.009244      NaN   -38    12 c    0   1.69 46.94919 40.31127  5249.99  6479.40 2.32 2.28 -51.6 -0.401    19.68 21.41 02a58788o0586c       0    35.948626
58788.456166 20.321591      NaN   -31     9 c    0   2.43 46.94919 40.31127  5230.01  6440.68 2.32 2.26 -50.8 -0.400    19.73 21.41 02a58788o0594c       0    35.061428
58788.481483 20.009244      NaN   -39    12 c    0   1.79 46.94919 40.31127  5278.90  6516.33 2.37 2.24  29.5 -0.397    19.74 21.46 02a58788o0609c       0    35.948626
58788.488805 20.321591      NaN   -30     9 c    0   2.06 46.94919 40.31127  5296.57  6402.06 2.29 2.26  10.4 -0.396    19.75 21.46 02a58788o0625c       0    35.061428
58792.455378 20.103715      NaN   -26    11 c    0   1.03 46.94919 40.31127  5246.49  6480.48 2.31 2.26  28.6 -0.398    19.69 21.42 02a58792o0590c       0    35.627289
58792.458588 20.449472      NaN   -37     8 c    0   2.97 46.94919 40.31127  5226.48  6441.24 2.58 2.22  36.4 -0.383    19.72 21.44 02a58792o0597c       0    34.818152
58792.465924 19.841877 0.284359    48    11 c    0   1.90 46.94919 40.31127  5281.51  6518.97 2.38 2.24  32.5 -0.395    19.71 21.45 02a58792o0613c       0    35.627289
58792.477092 19.950541      NaN    14    10 c    0   1.86 46.94919 40.31127  5295.18  6403.67 2.39 2.23  34.1 -0.394    19.76 21.49 02a58792o0636c       0    35.331342
58808.487012 20.103715      NaN   -74    11 c    0   2.96 46.94919 40.31127    76.47  2088.33 2.72 2.26 -55.6 -0.387    19.75 21.54 02a58808o0448c    8192    35.627289
58808.490794 19.696897      NaN  -116    16 c    0   2.28 46.94919 40.31127    55.04  2045.34 2.63 2.28 -57.3 -0.390    19.24 20.93 02a58808o0456c    8192    37.474041
58816.376866 20.009244      NaN     4    12 c    0   1.32 46.94919 40.31127  2693.88   361.74 2.69 2.37 -57.9 -0.395    19.70 21.62 02a58816o0411c       0    35.948626
58816.382101 20.009244      NaN   -28    12 c    0   1.21 46.94919 40.31127  7920.60 10189.10 2.75 2.64 -89.9 -0.379    19.70 21.62 02a58816o0422c       0    35.948626
58816.385317 20.103715      NaN    -9    11 c    0   1.30 46.94919 40.31127  7976.25 10268.90 2.97 2.69 -62.9 -0.370    19.67 21.62 02a58816o0429c       0    35.627289
58816.400081 19.894850      NaN    10    12 c    0   0.93 46.94919 40.31127  7984.42 10149.91 2.93 2.67 -59.2 -0.382    19.71 21.59 02a58816o0460c       0    35.948626
58844.477666 20.207197      NaN   -22    10 c    0   1.82 46.94919 40.31127  9058.38  6364.12 2.71 2.40  32.0 -0.390    19.70 21.55 02a58844o0085c       0    35.331342
58844.481419 19.696897      NaN    24    10 c    0   2.15 46.94919 40.31127  9039.17  6324.87 2.71 2.41  31.4 -0.388    19.65 21.54 02a58844o0093c       0    35.331342
58844.487823 19.841877      NaN    18    10 c    0   1.77 46.94919 40.31127  9096.65  6404.74 2.72 2.38  30.7 -0.387    19.63 21.51 02a58844o0106c       0    35.331342
58844.524674 19.816329      NaN    10    13 c    0   1.33 46.94919 40.31127  9115.89  6296.28 3.02 2.66  23.5 -0.367    19.34 21.21 02a58844o0127c       0    36.294679
58844.525132 20.103715      NaN    -1    11 c    0   1.85 46.94919 40.31127  9115.29  6296.70 2.95 2.54  29.9 -0.372    19.39 21.21 02a58844o0128c       0    35.627289
58867.392276 19.979496      NaN    10    11 c    0   2.77 46.94919 40.31127  1290.97  8176.86 2.41 2.08 -47.1 -0.460    19.68 21.46 02a58867o0424c       0    35.627289
58867.395740 20.207197      NaN   -41    10 c    0   2.04 46.94919 40.31127  1272.14  8138.96 2.38 2.10 -45.1 -0.456    19.71 21.44 02a58867o0431c       0    35.331342
58867.401338 20.103715      NaN   -15    11 c    0   1.18 46.94919 40.31127  1329.20  8214.10 2.36 2.22 -40.4 -0.438    19.68 21.42 02a58867o0443c       0    35.627289
58867.411839 17.381362 0.064340   411    24 c    0   6.95 46.94919 40.31127  1351.26  8094.76 2.53 2.15 -45.9 -0.460    19.58 21.34 02a58867o0465c    4096    41.524736
58868.338513 20.009244      NaN     3    12 c    0   1.57 46.94919 40.31127  1280.58  8183.21 2.74 2.37 -49.9 -0.415    19.60 21.42 02a58868o0308c       0    35.948626
58868.341324 20.207197      NaN     0    10 c    0   2.13 46.94919 40.31127  1262.35  8144.23 2.67 2.35 -50.9 -0.422    19.57 21.41 02a58868o0314c       0    35.331342
58868.348754 20.207197      NaN   -21    10 c    0   2.05 46.94919 40.31127  1321.27  8218.36 2.68 2.32 -52.5 -0.417    19.57 21.43 02a58868o0330c       0    35.331342
58868.359889 18.131260 0.117666   209    22 c    0   3.15 46.94919 40.31127  1344.39  8099.76 2.85 2.47 -52.4 -0.410    19.51 21.42 02a58868o0354c    4096    40.401779
58872.266240 20.039830 0.310210    41    10 c    0   1.77 46.94919 40.31127  1288.35  8192.87 2.38 2.22 -44.5 -0.424    19.80 21.64 02a58872o0151c       0    35.331342
58872.269914 20.321591      NaN   -16     9 c    0   3.76 46.94919 40.31127  1270.15  8154.12 2.44 2.09 -48.8 -0.442    19.80 21.65 02a58872o0159c       0    35.061428
58872.275437 19.922338      NaN    15    10 c    0   2.03 46.94919 40.31127  1326.56  8229.63 2.38 2.05 -49.3 -0.447    19.83 21.64 02a58872o0171c       0    35.331342
58872.285573 20.321591      NaN    -9     9 c    0   2.43 46.94919 40.31127  1346.59  8110.02 2.27 2.14 -34.5 -0.429    19.79 21.63 02a58872o0193c       0    35.061428
58876.309511 20.009244 0.271434    42     9 c    0   2.94 46.94919 40.31127  2410.05  4280.72 2.26 2.23  45.0 -0.410    19.79 21.60 02a58876o0230c       0    35.061428
58876.313236 19.922338      NaN     9    12 c    0   1.08 46.94919 40.31127  2390.63  4241.00 2.25 2.21  37.3 -0.409    19.75 21.61 02a58876o0238c       0    35.948626
58876.319082 20.207197      NaN     6    10 c    0   1.98 46.94919 40.31127  2450.97  4318.12 2.31 2.23  38.2 -0.405    19.75 21.58 02a58876o0250c       0    35.331342
58876.329755 19.950541 0.285720    44    10 c    0   2.75 46.94919 40.31127  2470.45  4202.70 2.31 2.28  37.5 -0.405    19.69 21.48 02a58876o0270c       0    35.331342
58900.260040 17.124707      NaN  -231   171 c    0   0.12 46.94919 40.31127  2248.18 10515.41 3.10 2.30 -49.5 -0.410    19.55 21.32 02a58900o0108c       2   174.325281
58900.263305 20.009244      NaN  -182    12 c    0   3.91 46.94919 40.31127  2229.58 10476.09 2.99 2.35 -50.7 -0.409    19.54 21.31 02a58900o0115c    4096    35.948626
58900.280242 20.009244      NaN   -16    12 c    0   1.28 46.94919 40.31127  2307.12 10428.95 2.90 2.26 -51.3 -0.413    19.55 21.29 02a58900o0150c       0    35.948626
58900.283984 19.491430      NaN    25    14 c    0   1.58 46.94919 40.31127  7428.24   298.13 2.57 2.39 -63.9 -0.405    19.57 21.35 02a58900o0158c       0    36.664748
58900.285452 19.841877      NaN     2    14 c    0   1.01 46.94919 40.31127  7409.65   255.32 2.69 2.39 -56.4 -0.408    19.60 21.36 02a58900o0161c       0    36.664748
58900.288786 19.287255 0.201637    79    13 c    0   1.25 46.94919 40.31127  7468.88   335.83 2.67 2.40 -56.0 -0.402    19.59 21.36 02a58900o0168c       0    36.294679
58900.298606 19.979496 0.352131    46    12 c    0   1.79 46.94919 40.31127  7496.34   217.61 2.75 2.41 -55.1 -0.402    19.54 21.34 02a58900o0187c       0    35.948626
59080.543628 20.103715      NaN     5    11 c    0   1.85 46.94919 40.31127  8144.38  6285.92 2.74 2.55  42.6 -0.387    19.59 21.70 02a59080o0676c       0    35.627289
59080.551495 20.321591      NaN   -29     9 c    0   1.82 46.94919 40.31127  8166.77  6325.55 2.71 2.46  40.7 -0.388    19.69 21.71 02a59080o0693c       0    35.061428
59080.562157 20.207197      NaN    -4    10 c    0   1.76 46.94919 40.31127  8104.70  6250.50 2.68 2.49  45.1 -0.389    19.68 21.73 02a59080o0715c       0    35.331342
59080.568142 20.207197      NaN     1    10 c    0   1.76 46.94919 40.31127  8084.14  6366.78 2.82 2.64  43.3 -0.385    19.62 21.71 02a59080o0728c       0    35.331342
59084.568372 20.039830      NaN    11    11 c    0   1.33 46.94919 40.31127  6484.63  8735.09 2.58 2.47  53.6 -0.442    19.73 21.78 02a59084o0736c       0    35.627289
59084.573899 20.207197      NaN   -62    10 c    0   1.92 46.94919 40.31127  6508.08  8773.79 2.64 2.47  46.3 -0.398    19.74 21.76 02a59084o0748c       0    35.331342
59084.576702 20.039830      NaN    14    10 c    0   1.89 46.94919 40.31127  6445.76  8696.00 2.64 2.48  51.9 -0.398    19.74 21.77 02a59084o0754c       0    35.331342
59084.587315 20.103715      NaN   -13    11 c    0   1.62 46.94919 40.31127  6431.19  8814.40 2.64 2.49  53.0 -0.398    19.74 21.78 02a59084o0777c       0    35.627289
59088.554799 20.321591      NaN     7     9 c    0   2.70 46.94919 40.31127  6485.30  8733.68 2.60 2.50  53.9 -0.415    19.72 21.81 02a59088o0703c       0    35.061428
59088.559867 20.103715      NaN   -24    11 c    0   1.23 46.94919 40.31127  6508.94  8774.12 2.72 2.56  51.8 -0.395    19.69 21.82 02a59088o0714c       0    35.627289
59088.563086 20.321591      NaN   -32     9 c    0   1.88 46.94919 40.31127  6448.94  8695.26 2.66 2.55  57.3 -0.398    19.70 21.83 02a59088o0721c       0    35.061428
59088.573243 20.009244      NaN   -14    12 c    0   1.11 46.94919 40.31127  6428.31  8814.36 2.69 2.49  47.3 -0.396    19.73 21.85 02a59088o0743c       0    35.948626
59108.526562 20.594452      NaN    -2     7 c    0   3.14 46.94919 40.31127  7266.12  3984.86 2.39 2.32 -81.1 -0.397    19.77 21.80 02a59108o0665c       0    34.602077
59108.528984 20.207197      NaN     1    10 c    0   1.81 46.94919 40.31127  7284.89  4023.92 2.43 2.34  67.7 -0.394    19.82 21.80 02a59108o0670c       0    35.331342
59108.532188 20.594452      NaN   -43     7 c    0   3.29 46.94919 40.31127  7227.71  3947.59 2.40 2.34  84.0 -0.393    19.81 21.77 02a59108o0677c       0    34.602077
59108.537675 20.321591      NaN     9     9 c    0   1.30 46.94919 40.31127  7208.00  4064.78 2.41 2.33  81.0 -0.394    19.82 21.77 02a59108o0689c       0    35.061428
59112.536602 20.103715      NaN   -25    11 c    0   1.54 46.94919 40.31127  7270.72  3987.85 2.58 2.41  52.7 -0.380    19.47 21.38 02a59112o0124c       0    35.627289
59112.568918 19.841877      NaN    -4    14 c    0   1.27 46.94919 40.31127  3291.14  6546.08 2.39 2.27  25.4 -0.386    19.34 21.08 02a59112o0147c       0    36.664748
59112.573575 19.549093      NaN    34    10 c    0   1.56 46.94919 40.31127  3347.31  6621.36 2.35 2.32 -27.8 -0.396    19.70 21.53 02a59112o0157c       0    35.331342
59112.579655 19.922338      NaN   -28    13 c    0   1.54 46.94919 40.31127  3365.15  6502.28 2.54 2.51   3.4 -0.381    19.28 21.16 02a59112o0168c       0    36.294679
59136.436125 20.171596      NaN    10    10 c    0   1.87 46.94919 40.31127  8493.04  8614.76 2.72 2.67  64.1 -0.396    19.72 21.68 02a59136o0589c       0    35.331342
59136.439341 20.321591      NaN   -40     9 c    0   2.04 46.94919 40.31127  8517.25  8651.81 2.81 2.66  58.9 -0.388    19.72 21.66 02a59136o0596c       0    35.061428
59136.446720 20.207197      NaN   -42    10 c    0   1.61 46.94919 40.31127  8458.99  8575.44 2.85 2.61  50.1 -0.386    19.70 21.66 02a59136o0612c       0    35.331342
59136.456872 20.321591      NaN   -30     9 c    0   1.70 46.94919 40.31127  8440.87  8693.59 2.84 2.59  52.4 -0.389    19.71 21.66 02a59136o0634c       0    35.061428
59140.504416 19.950541 0.342864    47    12 c    0   1.95 46.94919 40.31127  5289.61  8424.81 2.50 2.35  37.5 -0.403    19.49 21.36 02a59140o0680c    8192    35.948626
59140.508105 18.191747      NaN  -275    64 c    0   0.98 46.94919 40.31127  5270.36  8384.84 2.60 2.38  28.9 -0.398    17.91 19.61 02a59140o0688c       2    72.417565
59140.514988 15.731484      NaN -1235   617 c    0   1.58 46.94919 40.31127  5325.92  8463.60 2.67 2.37  34.7 -0.387    15.90 17.55 02a59140o0703c       2   617.929853
59140.540266 20.103715      NaN   -30    11 c    0   1.57 46.94919 40.31127  5342.87  8346.29 2.68 2.39  39.0 -0.391    19.65 21.56 02a59140o0757c    8192    35.627289
59144.405963 20.207197      NaN     8    10 c    0   2.10 46.94919 40.31127  5278.77  2144.45 2.30 2.25  85.9 -0.398    19.76 21.69 02a59144o0421c       0    35.331342
59144.411017 20.207197      NaN    12     9 c    0   2.21 46.94919 40.31127  5303.72  2180.31 2.37 2.26  79.9 -0.394    19.78 21.67 02a59144o0432c       0    35.061428
59144.413374 20.321591      NaN    -1     9 c    0   1.80 46.94919 40.31127  5243.35  2106.92 2.35 2.28  72.3 -0.396    19.75 21.67 02a59144o0437c       0    35.061428
59144.424462 19.766969 0.241275    54    10 c    0   1.67 46.94919 40.31127  5230.41  2220.16 2.38 2.29  79.9 -0.396    19.76 21.66 02a59144o0461c       0    35.331342
59191.353706 20.207197      NaN    -6    10 c    0   1.69 46.94919 40.31127  5230.41  6492.48 2.40 2.33  40.1 -0.405    19.75 21.66 02a59191o0346c       0    35.331342
59191.357100 20.449472      NaN   -41     8 c    0   2.75 46.94919 40.31127  5212.34  6455.27 2.45 2.33  35.3 -0.400    19.74 21.66 02a59191o0353c       0    34.818152
59191.363914 20.207197      NaN   -20    10 c    0   1.73 46.94919 40.31127  5269.29  6533.00 2.42 2.29  40.4 -0.401    19.75 21.66 02a59191o0367c       0    35.331342
59191.376836 20.207197      NaN   -22    10 c    0   1.87 46.94919 40.31127  5289.22  6417.57 2.41 2.31  32.1 -0.404    19.78 21.70 02a59191o0393c       0    35.331342
59192.309342 20.321591      NaN   -20     9 c    0   1.50 46.94919 40.31127  5365.28  4076.87 2.47 2.39 -87.9 -0.402    19.72 21.73 02a59192o0274c       0    35.061428
59192.311173 20.321591      NaN   -13     9 c    0   1.99 46.94919 40.31127  5385.12  4116.60 2.48 2.38  76.2 -0.405    19.71 21.73 02a59192o0278c       0    35.061428
59192.316318 20.449472      NaN   -11     8 c    0   2.05 46.94919 40.31127  5328.08  4039.42 2.52 2.37  55.5 -0.399    19.77 21.75 02a59192o0289c       0    34.818152
59192.321835 19.894850      NaN    25     8 c    0   2.63 46.94919 40.31127  5308.89  4155.04 2.51 2.36  54.5 -0.401    19.75 21.75 02a59192o0301c       0    34.818152
59194.385132 19.743105 0.236030    55    10 c    0   1.27 46.94919 40.31127  3167.75 10280.27 2.49 2.26 -50.6 -0.387    19.77 23.08 01a59194o0438c 8388608    35.331342
59194.387435 19.766969      NaN  -649    15 c    0   2.29 46.94919 40.31127  8247.45    55.72 2.70 2.44 -42.1 -0.387    19.79 23.14 01a59194o0443c 8392704    37.058113
59194.388357 20.449472      NaN   -21     8 c    0   2.23 46.94919 40.31127  3189.13 10319.38 2.41 2.19 -58.1 -0.396    19.76 23.10 01a59194o0445c 8388608    34.818152
59194.394383 19.791368      NaN    29     8 c    0   2.85 46.94919 40.31127  3130.34 10240.00 2.49 2.25 -53.8 -0.389    19.74 23.09 01a59194o0458c 8388608    34.818152
59194.404993 20.103715      NaN     2    11 c    0   1.17 46.94919 40.31127  3112.24 10358.07 2.45 2.13 -67.7 -0.399    19.77 23.09 01a59194o0481c 8388608    35.627289
59194.405454 19.841877      NaN  -375    14 c    0   1.77 46.94919 40.31127  8175.06    98.10 2.80 2.61 -20.5 -0.390    19.72 23.11 01a59194o0482c 8392704    36.664748
59200.343267 19.472870      NaN    38    10 c    0   2.27 46.94919 40.31127  8148.41  2172.04 2.47 2.23 -60.2 -0.400    19.73 21.59 02a59200o0344c       0    35.331342
59200.346469 19.950541 0.228576    47     8 c    0   2.36 46.94919 40.31127  8129.29  2132.55 2.47 2.23 -62.0 -0.404    19.75 21.61 02a59200o0351c       0    34.818152
59200.352420 20.207197      NaN    -4    10 c    0   1.32 46.94919 40.31127  8189.86  2210.25 2.49 2.23 -60.3 -0.401    19.76 21.64 02a59200o0364c       0    35.331342
59200.387411 20.449472      NaN   -13     8 c    0   2.04 46.94919 40.31127  8206.26  2094.27 2.47 2.26 -56.9 -0.397    19.73 21.61 02a59200o0439c       0    34.818152
59219.372713 20.207197      NaN     0    10 c    0   0.86 46.94919 40.31127   454.44  4421.32 2.56 2.46 -56.3 -0.387    19.60 21.55 02a59219o0294c       0    35.331342
59219.373637 20.321591      NaN   -41     9 c    0   1.89 46.94919 40.31127 10329.86  4476.31 2.81 2.64 -54.1 -0.403    19.64 21.56 02a59219o0296c       0    35.061428
59219.383940 19.950541      NaN    14    11 c    0   0.95 46.94919 40.31127 10310.99  4436.57 2.83 2.68 -51.3 -0.404    19.62 21.54 02a59219o0318c       0    35.627289
59219.384398 20.071303      NaN    13    10 c    0   2.32 46.94919 40.31127   434.91  4382.19 2.57 2.43 -57.1 -0.385    19.59 21.52 02a59219o0319c       0    35.331342
59219.394062 20.207197      NaN   -59    10 c    0   1.55 46.94919 40.31127 10366.79  4517.26 3.11 2.96 -46.6 -0.406    19.51 21.45 02a59219o0340c       0    35.331342
59219.394519 20.103715      NaN   -29    11 c    0   1.24 46.94919 40.31127   490.33  4457.70 2.76 2.57 -51.2 -0.386    19.50 21.40 02a59219o0341c       0    35.627289
59219.400078 20.103715      NaN   -61    11 c    0   1.65 46.94919 40.31127 10386.61  4401.22 2.80 2.60 -50.5 -0.414    19.51 21.26 02a59219o0353c       0    35.627289
59219.400534 19.287255      NaN    43    12 c    0   1.97 46.94919 40.31127   510.40  4339.72 2.64 2.53 -49.5 -0.378    19.48 21.18 02a59219o0354c       0    35.948626
59220.299830 20.449472      NaN   -47     8 c    0   2.08 46.94919 40.31127 10331.53  4477.25 2.57 2.35 -60.6 -0.421    19.81 21.63 02a59220o0234c       0    34.818152
59220.300288 20.103715      NaN    18     8 c    0   1.76 46.94919 40.31127   455.54  4430.05 2.43 2.21 -53.5 -0.400    19.77 21.66 02a59220o0235c       0    34.818152
59220.304902 20.449472      NaN     9     8 c    0   2.16 46.94919 40.31127   434.16  4391.04 2.40 2.25 -56.3 -0.399    19.78 21.64 02a59220o0245c       0    34.818152
59220.305359 20.449472      NaN   -47     8 c    0   2.29 46.94919 40.31127 10311.14  4437.23 2.54 2.32 -55.7 -0.425    19.77 21.62 02a59220o0246c       0    34.818152
59220.312274 20.362567      NaN    14     7 c    0   3.59 46.94919 40.31127   491.78  4464.81 2.40 2.25 -52.1 -0.396    19.72 21.62 02a59220o0261c       0    34.602077
59220.315998 20.321591      NaN   -41     9 c    0   1.83 46.94919 40.31127 10369.90  4517.08 2.53 2.37 -53.4 -0.424    19.76 21.58 02a59220o0269c       0    35.061428
59220.319675 20.449472      NaN   -40     8 c    0   2.39 46.94919 40.31127 10389.52  4401.54 2.53 2.42 -49.1 -0.414    19.73 21.56 02a59220o0277c       0    34.818152
59220.322421 19.950541      NaN    20     9 c    0   1.72 46.94919 40.31127   512.40  4350.59 2.40 2.21 -55.0 -0.405    19.73 21.56 02a59220o0283c       0    35.061428
59222.299693 19.743105      NaN    28     9 c    0   3.10 46.94919 40.31127  1418.88  2286.96 2.60 2.28  25.6 -0.391    19.77 21.76 01a59222o0232c       0    35.061428
59222.302923 19.719755 0.207907    56     9 c    0   2.62 46.94919 40.31127  1439.91  2326.20 2.39 2.24  49.7 -0.402    19.83 21.76 01a59222o0239c       0    35.061428
59222.308916 20.171596      NaN    13     9 c    0   1.84 46.94919 40.31127  1383.50  2246.50 2.52 2.29  18.7 -0.388    19.78 21.76 01a59222o0252c       0    35.061428
59222.319975 19.674510 0.221579    58    10 c    0   1.53 46.94919 40.31127  1367.66  2362.09 2.34 2.23  57.1 -0.407    19.85 21.77 01a59222o0276c       0    35.331342
59226.314894 20.207197      NaN     0    10 c    0   1.21 46.94919 40.31127  8495.73  8556.59 2.53 2.47 -85.8 -0.338    19.82 21.91 01a59226o0222c       0    35.331342
59226.318151 20.207197      NaN     9    10 c    0   1.67 46.94919 40.31127  8517.33  8595.13 2.62 2.51  88.6 -0.336    19.79 21.92 01a59226o0229c       0    35.331342
59226.325071 19.868040      NaN    17    11 c    0   1.56 46.94919 40.31127  8456.57  8519.06 2.68 2.54 -79.8 -0.334    19.77 21.91 01a59226o0244c       0    35.627289
59226.336187 20.321591      NaN   -17     9 c    0   1.84 46.94919 40.31127  8440.63  8637.56 2.59 2.44 -83.4 -0.336    19.78 21.91 01a59226o0268c       0    35.061428
59228.379620 19.631075 0.234178    60    11 c    0   1.48 46.94919 40.31127  7169.10  8354.03 2.81 2.76 -79.8 -0.380    19.56 21.52 02a59228o0321c       0    35.627289
59228.384210 19.271854      NaN    44    12 c    0   1.69 46.94919 40.31127  7151.31  8313.66 2.92 2.90  60.9 -0.371    19.50 21.50 02a59228o0331c       0    35.948626
59228.391076 19.569016      NaN    27    12 c    0   1.54 46.94919 40.31127  7208.39  8391.11 2.82 2.77  40.9 -0.375    19.53 21.48 02a59228o0346c       0    35.948626
59228.403923 19.454622 0.253338    69    14 c    0   1.42 46.94919 40.31127  7227.95  8274.07 2.97 2.90  39.3 -0.372    19.50 21.40 02a59228o0374c       0    36.664748
59230.278584 20.207197      NaN   -13    10 c    0   1.16 46.94919 40.31127  8487.99  8553.73 2.87 2.83 -78.7 -0.347    19.66 21.85 01a59230o0179c       0    35.331342
59230.281841 19.922338      NaN    24     8 c    0   2.57 46.94919 40.31127  8508.87  8592.29 2.69 2.28 -83.7 -0.359    19.80 21.86 01a59230o0186c       0    34.818152
59230.287389 19.950541      NaN    20     9 c    0   1.65 46.94919 40.31127  8449.78  8516.37 2.74 2.30 -82.6 -0.368    19.80 21.82 01a59230o0198c       0    35.061428
59230.297992 19.696897      NaN    27    10 c    0   1.36 46.94919 40.31127  8432.41  8633.32 2.78 2.51 -87.4 -0.346    19.72 21.76 01a59230o0221c       0    35.331342
59250.262345 20.321591      NaN    -1     9 c    0   1.59 46.94919 40.31127  6079.62  5891.91 2.54 2.30 -86.4 -0.389    19.75 21.78 01a59250o0129c       0    35.061428
59250.265116 20.207197      NaN   -13    10 c    0   0.99 46.94919 40.31127  6100.59  5930.47 2.53 2.28 -81.6 -0.383    19.78 21.77 01a59250o0135c       0    35.331342
59250.270682 20.321591      NaN     2     9 c    0   1.42 46.94919 40.31127  6042.32  5854.45 2.59 2.29 -80.2 -0.394    19.73 21.78 01a59250o0147c       0    35.061428
59250.282711 19.894850      NaN    25     8 c    0   2.42 46.94919 40.31127  6026.19  5971.17 2.52 2.22 -81.7 -0.385    19.78 21.80 01a59250o0173c       0    34.818152
59252.294698 20.207197      NaN   -26    10 c    0   2.31 46.94919 40.31127  4133.06 10384.88 2.56 2.22 -46.7 -0.404    19.70 21.44 02a59252o0194c       0    35.331342
59252.295155 19.816329      NaN    19    11 c    0   1.44 46.94919 40.31127  9474.53   247.11 2.63 2.08 -56.0 -0.416    19.70 21.47 02a59252o0195c       0    35.627289
59252.297901 19.510313      NaN    27    13 c    0   1.71 46.94919 40.31127  4114.69 10343.96 2.59 2.28 -49.7 -0.405    19.65 21.43 02a59252o0201c       0    36.294679
59252.298359 20.009244      NaN   -43    12 c    0   1.93 46.94919 40.31127  9454.89   206.02 2.70 2.14 -55.0 -0.405    19.67 21.46 02a59252o0202c       0    35.948626
59252.304779 19.922338      NaN   -69    13 c    0   1.58 46.94919 40.31127  4170.89 10422.19 2.61 2.25 -48.4 -0.401    19.68 21.41 02a59252o0216c       0    36.294679
59252.305236 19.256669      NaN    42    13 c    0   1.57 46.94919 40.31127  9515.58   286.88 2.64 2.13 -56.2 -0.406    19.67 21.45 02a59252o0217c       0    36.294679
59252.323589 19.922338      NaN     8    13 c    0   1.73 46.94919 40.31127  9537.34   164.08 2.71 2.09 -55.4 -0.418    19.65 21.37 02a59252o0257c       0    36.294679
59252.324047 19.922338      NaN    -7    13 c    0   1.94 46.94919 40.31127  4189.90 10300.60 2.58 2.26 -49.2 -0.399    19.63 21.32 02a59252o0258c       0    36.294679
59254.245790 20.449472      NaN   -14     8 c    0   2.52 46.94919 40.31127  6079.33  5890.96 2.64 2.45  87.7 -0.366    19.68 21.70 01a59254o0089c       0    34.818152
59254.249021 20.321591      NaN    -1     9 c    0   1.39 46.94919 40.31127  6100.21  5929.86 2.61 2.29 -83.2 -0.380    19.72 21.70 01a59254o0096c       0    35.061428
59254.271955 20.207197      NaN   -11    10 c    0   1.75 46.94919 40.31127  6046.32  5852.90 2.75 2.28 -81.3 -0.380    19.65 21.67 01a59254o0142c       0    35.331342
59254.279817 19.510313      NaN    36    10 c    0   1.74 46.94919 40.31127  6028.96  5970.30 2.58 2.20 -83.5 -0.385    19.73 21.67 01a59254o0159c       0    35.331342
59256.236324 19.922338      NaN   -12    13 c    0   1.33 46.94919 40.31127  4147.77 10388.04 2.73 2.44 -57.1 -0.384    19.62 21.40 02a59256o0065c       0    36.294679
59256.240540 20.103715      NaN    -3    11 c    0   1.91 46.94919 40.31127  4128.45 10348.14 2.68 2.49 -61.6 -0.384    19.60 21.39 02a59256o0074c       0    35.627289
59256.247465 20.009244      NaN   -31    12 c    0   1.79 46.94919 40.31127  4183.12 10425.43 2.79 2.46 -52.1 -0.394    19.59 21.40 02a59256o0089c       0    35.948626
59256.247923 20.009244      NaN    -8    12 c    0   1.34 46.94919 40.31127  9484.19   247.94 2.84 2.29 -55.3 -0.404    19.62 21.43 02a59256o0090c       0    35.948626
59256.251134 19.922338      NaN     1    13 c    0   1.02 46.94919 40.31127  9462.88   208.31 2.81 2.29 -54.8 -0.400    19.62 21.44 02a59256o0097c       0    36.294679
59256.256661 19.696897      NaN     5    16 c    0   1.33 46.94919 40.31127  9523.23   288.02 2.79 2.28 -55.3 -0.404    19.63 21.45 02a59256o0109c       0    37.474041
59256.260332 20.103715      NaN    -7    11 c    0   1.84 46.94919 40.31127  4203.45 10306.08 2.80 2.44 -53.2 -0.394    19.58 21.43 02a59256o0117c       0    35.627289
59256.266799 19.841877      NaN   -24    14 c    0   0.96 46.94919 40.31127  9547.17   169.11 2.81 2.30 -54.6 -0.409    19.59 21.45 02a59256o0131c       0    36.664748
59258.264390 20.321591      NaN     0     9 c    0   1.75 46.94919 40.31127  9399.76 10403.58 2.53 2.25 -83.3 -0.390    19.74 21.56 01a59258o0127c       0    35.061428
59258.268083 19.436675 0.213587    70    12 c    0   2.28 46.94919 40.31127  9421.80 10443.20 2.54 2.33 -88.3 -0.384    19.73 21.56 01a59258o0135c       0    35.948626
59258.275501 19.589310      NaN    29    11 c    0   1.85 46.94919 40.31127  9357.83 10366.96 2.54 2.28 -85.4 -0.380    19.74 21.56 01a59258o0151c       0    35.627289
59258.282447 19.816329      NaN    25     9 c    0   2.23 46.94919 40.31127  4491.41   286.02 2.32 2.22  -4.9 -0.410    19.75 21.56 01a59258o0166c       0    35.061428
59258.286617 20.207197      NaN    -7    10 c    0   1.50 46.94919 40.31127  4511.78   326.27 2.34 2.29  -5.3 -0.401    19.73 21.54 01a59258o0175c       0    35.331342
59258.287077 19.569016      NaN   -48    18 c    0   1.12 46.94919 40.31127  9338.41 10487.73 2.51 2.28 -84.5 -0.388    19.71 21.57 01a59258o0176c       0    38.370610
59258.292619 20.207197      NaN    -5    10 c    0   2.15 46.94919 40.31127  4455.14   247.41 2.32 2.28  20.0 -0.408    19.72 21.53 01a59258o0188c       0    35.331342
59258.302804 20.449472      NaN   -45     8 c    0   1.68 46.94919 40.31127  4438.52   365.67 2.37 2.28   0.6 -0.405    19.70 21.54 01a59258o0210c       0    34.818152
59434.601317 18.467034 0.058295   158     8 c    0   4.10 46.94919 40.31127  5305.95  8406.88 2.28 2.18 -75.8 -0.379    19.85 21.72 01a59434o0792c       0    34.818152
59434.611935 18.574166 0.072382   144     9 c    0   1.34 46.94919 40.31127  5288.80  8367.66 2.28 2.17 -77.3 -0.375    19.86 21.74 01a59434o0815c       0    35.061428
59434.617475 18.786693 0.088033   120     9 c    0   2.46 46.94919 40.31127  5346.68  8444.56 2.29 2.17 -83.5 -0.380    19.85 21.66 01a59434o0827c       0    35.061428
59434.624520 18.649074 0.077553   135     9 c    0   2.52 46.94919 40.31127  5365.44  8328.65 2.23 2.14 -77.4 -0.379    19.71 21.07 01a59434o0842c       0    35.061428
59438.587065 18.978793 0.081722   102     7 c    0   2.45 46.94919 40.31127  5312.36  8409.28 2.29 2.18 -85.4 -0.382    19.95 21.81 01a59438o0621c       0    34.602077
59438.591211 18.757738 0.076192   123     8 c    0   3.45 46.94919 40.31127  5293.08  8369.13 2.28 2.17 -70.1 -0.392    19.93 21.80 01a59438o0630c       0    34.818152
59438.601134 18.836735 0.081942   115     8 c    0   3.26 46.94919 40.31127  5347.69  8445.05 2.28 2.17 -71.3 -0.392    19.93 21.82 01a59438o0650c       0    34.818152
59438.614632 18.526952 0.061602   150     8 c    0   2.16 46.94919 40.31127  5369.97  8329.13 2.35 2.26 -71.7 -0.384    19.92 21.79 01a59438o0679c       0    34.818152
59442.602521 18.203116 0.182861   199    32 c    0   0.97 46.94919 40.31127  8370.69  4476.71 2.34 2.28  73.8 -0.401    19.96 21.95 01a59442o0733c       0    46.607979
59442.612656 18.738855 0.084238   125     9 c    0   2.11 46.94919 40.31127  8352.33  4436.56 2.37 2.30  85.2 -0.401    19.98 21.95 01a59442o0755c       0    35.061428
59442.618194 18.511660 0.068333   152     9 c    0   2.24 46.94919 40.31127  8408.39  4516.87 2.37 2.29  50.2 -0.404    19.94 21.90 01a59442o0767c       0    35.061428
59442.625117 18.878500 0.106445   111    10 c    0   1.59 46.94919 40.31127  8427.78  4399.44 2.38 2.31 -54.2 -0.423    19.84 21.47 01a59442o0782c       0    35.331342
59464.576238 19.002397 0.131243   100    11 c    0   1.28 46.94919 40.31127  4170.94  6022.65 2.76 2.35  44.2 -0.376    19.68 21.66 02a59464o0717c       0    35.627289
59464.578068 18.323878 0.057480   179     9 c    0   3.25 46.94919 40.31127  4191.65  6062.09 2.70 2.33  41.8 -0.380    19.73 21.66 02a59464o0721c       0    35.061428
59464.580812 19.102305 0.130812    92    10 c    0   1.82 46.94919 40.31127  4132.87  5983.81 2.81 2.46  45.3 -0.376    19.65 21.66 02a59464o0727c       0    35.331342
59464.586297 18.640491 0.102589   136    12 c    0   1.04 46.94919 40.31127  4114.56  6100.47 2.69 2.40  42.9 -0.383    19.68 21.67 02a59464o0739c       0    35.948626
59468.521332 18.582238 0.097230   143    12 c    0   2.22 46.94919 40.31127  9278.44  2390.09 2.41 2.30 -46.4 -0.399    19.72 21.59 02a59468o0658c       0    35.948626
59468.524587 19.142275 0.162860    89    12 c    0   0.93 46.94919 40.31127  9302.11  2425.81 2.44 2.34 -68.6 -0.396    19.68 21.58 02a59468o0665c       0    35.948626
59468.530078 18.606822 0.099457   140    12 c    0   1.40 46.94919 40.31127  9246.75  2348.94 2.43 2.24 -58.6 -0.404    19.71 21.58 02a59468o0677c       0    35.948626
59468.537403 18.631975 0.093305   137    11 c    0   1.81 46.94919 40.31127  9227.92  2468.37 2.44 2.25 -60.3 -0.406    19.69 21.59 02a59468o0693c       0    35.627289
59472.533629 18.786693 0.107595   120    11 c    0   1.75 46.94919 40.31127  9287.84  2390.61 2.50 2.24 -60.8 -0.404    19.73 21.62 02a59472o0393c       0    35.627289
59472.536914 18.481707 0.088632   156    12 c    0   1.48 46.94919 40.31127  9305.43  2430.72 2.49 2.22 -56.8 -0.406    19.71 21.62 02a59472o0400c       0    35.948626
59472.558368 19.051202 0.124797    96    10 c    0   2.57 46.94919 40.31127  9257.29  2358.26 2.49 2.26 -56.6 -0.401    19.75 21.60 02a59472o0446c       0    35.331342
59472.564797 18.826541 0.101471   116    10 c    0   3.42 46.94919 40.31127  9237.30  2473.38 2.43 2.27 -60.9 -0.404    19.72 21.60 02a59472o0460c       0    35.331342
59523.451268 18.738855 0.112318   125    12 c    0   1.81 46.94919 40.31127  9086.21  8310.88 2.93 2.82  48.7 -0.377    19.52 21.43 02a59523o0587c       0    35.948626
59523.464405 18.542463 0.093733   148    12 c    0   1.55 46.94919 40.31127  9064.76  8270.03 2.80 2.78  48.9 -0.377    19.59 21.43 02a59523o0614c       0    35.948626
59523.468629 18.767304 0.115299   122    12 c    0   1.65 46.94919 40.31127  9122.74  8351.36 2.81 2.73  55.1 -0.373    19.56 21.44 02a59523o0623c       0    35.948626
59523.483426 18.519279 0.091752   151    12 c    0   1.42 46.94919 40.31127  9140.65  8236.12 2.86 2.74  55.2 -0.376    19.57 21.40 02a59523o0653c       0    35.948626
59524.447895 18.738855 0.112318   125    12 c    0   1.55 46.94919 40.31127  9081.63  8308.06 2.95 2.87 -77.1 -0.358    19.54 21.31 02a59524o0585c       0    35.948626
59524.451102 19.743105 0.283236    55    12 c    0   1.42 46.94919 40.31127  9061.82  8268.31 2.97 2.91  78.5 -0.372    19.52 21.30 02a59524o0592c       0    35.948626
59524.457509 18.921935 0.121868   107    11 c    0   1.40 46.94919 40.31127  9117.44  8347.56 2.79 2.73  79.1 -0.376    19.57 21.30 02a59524o0606c       0    35.627289
59524.468069 19.183773 0.155105    86    11 c    0   1.37 46.94919 40.31127  9136.66  8231.61 2.73 2.67  77.2 -0.382    19.61 21.29 02a59524o0629c       0    35.627289
59524.652525 17.279100      NaN    88   122 c    0   0.90 46.94919 40.31127  9083.63  8291.08 3.82 3.61  19.9 -0.339    17.76 18.67 02a59524o1024c       2   126.618734
59528.374753 16.593186      NaN  -107   279 c    0   0.83 46.94919 40.31127  1490.68  2265.89 2.42 2.36  71.8 -0.415    16.62 18.16 02a59528o0419c       2   281.050358
59528.377956 19.038793      NaN    19    26 c    0   1.34 46.94919 40.31127  1512.52  2301.86 2.41 2.31  78.7 -0.422    18.40 20.05 02a59528o0426c    8192    42.711869
59528.383454 15.078351      NaN -1160  1126 c    0   1.16 46.94919 40.31127  1456.73  2221.80 2.51 2.24  48.7 -0.404    15.14 16.70 02a59528o0438c       2  1126.509789
59528.389869 11.728771      NaN 20723 17720 c    0   1.42 46.94919 40.31127  1439.78  2337.09 2.55 2.21  43.4 -0.415    14.47 15.95 02a59528o0452c       2 17720.032401
59613.302652 19.302877      NaN    39    13 c    0   1.89 46.94919 40.31127  7895.80 10230.92 2.90 2.73 -38.9 -0.395    19.54 21.41 02a59613o0225c       0    36.294679
59613.306776 19.868040 0.317776    50    12 c    0   1.98 46.94919 40.31127  7876.84 10192.69 2.81 2.69 -37.4 -0.400    19.57 21.41 02a59613o0234c       0    35.948626
59613.316842 19.419021 0.245166    71    14 c    0   1.53 46.94919 40.31127  7932.63 10270.59 2.85 2.69 -36.2 -0.402    19.58 21.38 02a59613o0256c       0    36.664748
59613.322337 19.287255 0.186126    79    12 c    0   2.13 46.94919 40.31127  7951.60 10152.04 2.77 2.60 -34.6 -0.403    19.61 21.34 02a59613o0268c       0    35.948626
59614.251047 19.529530 0.193881    65    10 c    0   2.56 46.94919 40.31127  7904.36 10238.70 2.72 2.48 -54.1 -0.399    19.64 21.32 02a59614o0111c       0    35.331342
59614.253814 19.549093 0.217147    64    11 c    0   1.64 46.94919 40.31127  7885.54 10198.85 2.71 2.46 -52.7 -0.404    19.62 21.33 02a59614o0117c       0    35.627289
59614.259788 19.791368 0.320786    53    13 c    0   1.41 46.94919 40.31127  7941.86 10278.54 2.76 2.48 -50.7 -0.402    19.64 21.32 02a59614o0130c       0    36.294679
59614.269707 19.026525 0.158591    98    13 c    0   1.69 46.94919 40.31127  7958.87 10161.67 2.67 2.44 -50.2 -0.400    19.65 21.34 02a59614o0151c       0    36.294679
59615.251226 18.978793 0.151770   102    13 c    0   1.33 46.94919 40.31127  7899.06 10235.68 2.82 2.48 -54.8 -0.398    19.50 21.11 02a59615o0112c       0    36.294679
59615.254441 19.454622 0.235243    69    13 c    0   1.78 46.94919 40.31127  7879.60 10196.05 2.86 2.50 -57.2 -0.396    19.51 21.11 02a59615o0119c       0    36.294679
59615.259944 19.367717      NaN    35    13 c    0   2.08 46.94919 40.31127  7935.17 10277.19 2.86 2.46 -55.0 -0.399    19.51 21.10 02a59615o0131c       0    36.294679
59615.274195 19.766969 0.313657    54    13 c    0   1.29 46.94919 40.31127  7952.05 10154.38 2.76 2.49 -51.2 -0.404    19.52 21.07 02a59615o0162c       0    36.294679
59633.226807 19.241693 0.267716    82    18 c    0   1.14 46.94919 40.31127  7198.52  8355.41 2.65 2.63  15.0 -0.408    19.30 20.71 02a59633o0045c       0    38.370610
59633.233775 18.889197 0.150498   110    14 c    0   1.12 46.94919 40.31127  7178.60  8314.67 2.73 2.62  40.5 -0.405    19.45 21.07 02a59633o0060c       0    36.664748
59633.245699 19.549093      NaN    22    14 c    0   1.33 46.94919 40.31127  7235.86  8392.33 2.73 2.70   0.7 -0.404    19.44 21.13 02a59633o0086c       0    36.664748
59633.249385 18.955691 0.160003   104    14 c    0   1.74 46.94919 40.31127  7254.66  8275.80 2.68 2.65 -22.3 -0.409    19.48 21.12 02a59633o0094c       0    36.664748
59637.260893 20.009244 0.361912    45    12 c    0   1.81 46.94919 40.31127  7152.75  6412.42 2.96 2.65  37.6 -0.387    19.40 21.17 02a59637o0089c       0    35.948626
59637.264559 18.910912 0.142571   108    13 c    0   1.33 46.94919 40.31127  7133.47  6372.68 2.82 2.62  34.8 -0.393    19.44 21.16 02a59637o0097c       0    36.294679
59637.270976 19.491430 0.243355    67    13 c    0   1.21 46.94919 40.31127  7192.35  6449.09 2.79 2.62  35.7 -0.405    19.44 21.16 02a59637o0111c       0    36.294679
59637.282894 19.256669 0.211115    81    14 c    0   0.95 46.94919 40.31127  7211.02  6332.56 2.92 2.67  33.0 -0.388    19.37 21.16 02a59637o0137c       0    36.664748
59638.227603 19.351140 0.230308    75    14 c    0   1.56 46.94919 40.31127  7166.02  6415.95 2.46 2.31  35.8 -0.418    19.30 20.56 02a59638o0044c       0    36.664748
59638.231720 19.155932 0.192409    88    14 c    0   1.09 46.94919 40.31127  7147.00  6375.62 2.45 2.33  31.9 -0.420    19.47 20.92 02a59638o0053c       0    36.664748
59638.237240 18.978793 0.140095   102    12 c    0   1.53 46.94919 40.31127  7204.11  6453.05 2.42 2.35  27.5 -0.420    19.54 21.05 02a59638o0065c       0    35.948626
59638.252022 18.519279 0.107044   151    14 c    0   1.56 46.94919 40.31127  7223.24  6334.72 2.40 2.34  32.1 -0.418    19.53 21.07 02a59638o0097c       0    36.664748
59661.232877 16.496447      NaN  -368   305 c    0   1.11 46.94919 40.31127  6428.96  4565.18 2.79 2.33  35.1 -0.384    16.22 17.78 02a59661o0045c       2   306.876691
59661.242495 13.936546      NaN -8157  3223 c    0   1.57 46.94919 40.31127  6467.74  4602.54 2.79 2.34  35.0 -0.416    14.30 15.82 02a59661o0066c       2  3223.178137
59661.253480 19.472870 0.331242    68    18 c    0   1.15 46.94919 40.31127  6486.36  4487.98 2.80 2.37  33.5 -0.387    19.05 20.80 02a59661o0090c    8192    38.370610
59666.227973 17.564935      NaN     1   114 c    0   1.04 46.94919 40.31127  1313.53  8186.52 2.40 2.37 -40.5 -0.476    17.27 18.90 02a59666o0031c       2   118.929827
59666.231172 18.280067      NaN    48    46 c    0   1.52 46.94919 40.31127  1294.79  8147.54 2.40 2.34 -50.3 -0.450    18.05 19.57 02a59666o0038c       0    57.134086
59666.238486 18.711133      NaN    56    24 c    0   1.49 46.94919 40.31127  1351.74  8221.93 2.34 2.18 -52.5 -0.454    18.87 20.41 02a59666o0054c       0    41.524736
59666.248554 18.558199      NaN    77    23 c    0   1.39 46.94919 40.31127  1371.91  8101.78 2.52 2.26 -50.9 -0.442    18.90 20.52 02a59666o0076c       0    40.954899
59669.227829 16.593186      NaN   333   171 c    0   1.09 46.94919 40.31127  1309.89  8186.13 2.46 2.39  18.0 -0.496    16.86 18.34 02a59669o0030c       2   174.325281
59669.231039 17.568114      NaN   122    76 c    0   1.44 46.94919 40.31127  1291.06  8146.64 2.43 2.37  10.9 -0.441    17.61 19.11 02a59669o0037c       2    83.212401
59669.236532 18.504094 0.218655   153    29 c    0   1.30 46.94919 40.31127  1346.99  8223.39 2.38 2.33 -10.3 -0.429    18.53 20.05 02a59669o0049c    8192    44.601611
59669.247510 18.631975      NaN    68    23 c    0   1.65 46.94919 40.31127  1366.81  8102.91 2.44 2.23 -54.3 -0.442    18.80 20.44 02a59669o0073c    8192    40.954899
59767.591554 18.136622      NaN    55    52 c    0   1.12 46.94919 40.31127  9359.29 10475.38 3.15 3.08 -13.9 -0.370    18.87 20.34 02a59767o0734c       0    62.066929
59767.592006 18.649074 0.267126   135    31 c    0   1.13 46.94919 40.31127  4532.91   300.92 2.95 2.79 -74.9 -0.379    18.30 19.80 02a59767o0735c       0    45.927157
59767.595636 18.362890      NaN    41    44 c    0   1.82 46.94919 40.31127  9377.50 10514.23 3.07 2.92 -10.5 -0.359    19.15 20.65 02a59767o0743c       0    55.536508
59767.597486 19.002397      NaN    46    18 c    0   1.47 46.94919 40.31127  4550.60   341.10 2.86 2.70 -75.7 -0.418    18.93 20.47 02a59767o0747c       0    38.370610
59767.606262 17.887916      NaN    68    65 c    0   1.26 46.94919 40.31127  9320.56 10437.13 2.95 2.80   9.8 -0.378    17.61 18.97 02a59767o0766c       2    73.302822
59767.614014 18.566153      NaN    76    23 c    0   1.11 46.94919 40.31127  4498.32   260.74 2.60 2.38 -77.5 -0.397    18.91 20.10 02a59767o0783c       0    40.954899
59787.592279 18.590371 0.114288   142    14 c    0   1.57 46.94919 40.31127  5333.86  4099.46 2.55 2.38  37.8 -0.399    19.54 21.23 02a59787o0772c       0    36.664748
59787.595454 19.367717 0.167036    74    10 c    0   2.54 46.94919 40.31127  5353.33  4138.02 2.56 2.42  39.7 -0.396    19.52 21.25 02a59787o0779c       0    35.331342
59787.618721 19.256669 0.180956    81    12 c    0   1.47 46.94919 40.31127  5295.34  4060.78 2.54 2.31  41.1 -0.397    19.43 20.85 02a59787o0828c       0    35.948626
59787.622829 18.990530      NaN    50    17 c    0   1.29 46.94919 40.31127  5276.33  4178.36 2.50 2.26  38.1 -0.402    19.11 20.24 02a59787o0837c       0    37.911789
59791.589230 19.529530 0.232658    65    12 c    0   1.54 46.94919 40.31127  5325.01  4099.15 2.72 2.45  30.9 -0.392    19.52 21.25 02a59791o0702c       0    35.948626
59791.592410 19.652575      NaN    32     9 c    0   2.26 46.94919 40.31127  5343.79  4137.62 2.75 2.47  31.3 -0.387    19.51 21.24 02a59791o0709c       0    35.061428
59791.610290 19.609992 0.208795    61    10 c    0   1.99 46.94919 40.31127  5286.32  4060.80 2.91 2.74  36.1 -0.388    19.40 21.27 02a59791o0748c       0    35.331342
59791.619005 19.743105      NaN    19    12 c    0   1.40 46.94919 40.31127  5268.93  4176.89 3.14 2.68  35.0 -0.377    19.32 20.99 02a59791o0767c       0    35.948626
59791.627407 18.431198      NaN    76    29 c    0   0.93 46.94919 40.31127  5310.20  4118.35 3.10 2.77  35.5 -0.372    18.41 19.61 02a59791o0785c       0    44.601611
59799.569881 19.226921 0.234754    83    16 c    0   1.02 46.94919 40.31127  2402.08  8421.71 2.47 2.43  24.9 -0.409    19.49 21.28 02a59799o0723c       0    37.474041
59799.578191 18.431198 0.112804   163    16 c    0   1.21 46.94919 40.31127  2419.07  8460.14 2.42 2.39 -28.6 -0.415    19.46 21.28 02a59799o0741c       0    37.474041
59799.581885 19.609992 0.250555    61    12 c    0   1.72 46.94919 40.31127  2358.05  8380.71 2.63 2.43  33.2 -0.388    19.48 21.30 02a59799o0749c       0    35.948626
59799.595899 19.454622 0.235243    69    13 c    0   1.39 46.94919 40.31127  2341.35  8495.56 2.56 2.44  27.3 -0.398    19.48 21.30 02a59799o0779c       0    36.294679
59817.527572 18.910912 0.219341   108    20 c    0   0.86 46.94919 40.31127  2665.44   358.87 2.41 2.19 -84.3 -0.428    19.50 21.14 02a59817o0614c       0    39.348491
59817.529416 19.351140 0.230308    75    14 c    0   1.00 46.94919 40.31127  2682.08   397.72 2.42 2.21  89.3 -0.426    19.45 21.15 02a59817o0618c       0    36.664748
59817.534929 18.534680 0.147350   149    19 c    0   1.53 46.94919 40.31127  2623.03   318.04 2.44 2.22 -83.6 -0.426    19.47 21.17 02a59817o0630c       0    38.849758
59817.546849 19.226921 0.205410    83    14 c    0   1.53 46.94919 40.31127  2604.07   437.38 2.48 2.27 -85.6 -0.426    19.50 21.27 02a59817o0653c       0    36.664748
59819.553984 18.424171 0.084057   164    12 c    0   2.12 46.94919 40.31127   228.82  6113.85 2.43 2.24  24.8 -0.388    19.54 21.54 02a59819o0723c       0    35.948626
59819.555792 18.099634 0.062339   218    12 c    0   3.05 46.94919 40.31127   248.90  6155.14 2.30 2.26  10.5 -0.397    19.60 21.55 02a59819o0727c    4096    35.948626
59819.556711 19.868040      NaN    14    12 c    0   1.28 46.94919 40.31127 10110.05  6158.82 2.71 2.54  20.6 -0.410    19.62 21.63 02a59819o0729c       0    35.948626
59819.558977 19.334813 0.178255    76    11 c    0   1.96 46.94919 40.31127 10129.93  6197.35 2.72 2.53  25.1 -0.410    19.63 21.64 02a59819o0734c       0    35.627289
59819.560785 18.267867 0.072787   188    12 c    0   3.08 46.94919 40.31127   190.81  6075.22 2.34 2.26  17.9 -0.398    19.60 21.56 02a59819o0738c       0    35.948626
59819.562141 19.743105 0.236030    55    10 c    0   2.77 46.94919 40.31127 10071.70  6122.06 2.76 2.51  22.7 -0.407    19.64 21.65 02a59819o0741c       0    35.331342
59819.572143 19.569016 0.221168    63    11 c    0   1.58 46.94919 40.31127 10060.41  6241.29 2.76 2.49  26.1 -0.407    19.66 21.67 02a59819o0763c       0    35.627289
59819.580611 18.311179 0.075749   181    12 c    0   2.81 46.94919 40.31127   175.15  6191.37 2.38 2.24  28.2 -0.389    19.62 21.60 02a59819o0781c       0    35.948626
59819.632404 19.256669 0.241275    81    16 c    0   1.02 46.94919 40.31127   470.61  4390.34 2.67 2.48  16.5 -0.387    19.19 20.73 02a59819o0892c       0    37.474041
59821.548299 20.039830 0.341231    44    11 c    0   1.60 46.94919 40.31127 10115.61  6155.56 2.72 2.59  23.1 -0.407    19.60 21.62 02a59821o0707c       0    35.627289
59821.551011 19.510313 0.209528    66    11 c    0   1.55 46.94919 40.31127 10135.63  6194.41 2.74 2.59  28.8 -0.410    19.58 21.64 02a59821o0713c       0    35.627289
59821.554630 20.207197      NaN     1    10 c    0   1.76 46.94919 40.31127 10076.95  6118.95 2.79 2.73  29.3 -0.408    19.59 21.62 02a59821o0721c       0    35.331342
59821.583746 19.841877 0.258509    51    10 c    0   1.97 46.94919 40.31127 10063.96  6239.14 2.74 2.54  29.8 -0.403    19.61 21.63 02a59821o0775c       0    35.331342
59823.475254 19.169763      NaN    45    14 c    0   1.13 46.94919 40.31127 10103.18  6148.68 2.98 2.72  17.6 -0.388    19.47 21.28 02a59823o0554c       0    36.664748
59823.477546 19.696897      NaN    24    11 c    0   1.97 46.94919 40.31127 10122.45  6186.65 3.05 2.71  16.9 -0.390    19.45 21.28 02a59823o0559c       0    35.627289
59823.479365 18.389700 0.088216   169    13 c    0   1.43 46.94919 40.31127   229.27  6113.61 2.50 2.40   7.7 -0.374    19.41 21.20 02a59823o0563c       0    36.294679
59823.498094 19.609992      NaN    22    13 c    0   1.39 46.94919 40.31127 10063.99  6115.83 2.78 2.56  19.7 -0.401    19.55 21.37 02a59823o0603c       0    36.294679
59823.499903 18.481707 0.103403   156    14 c    0   1.63 46.94919 40.31127   246.59  6155.13 2.41 2.36   9.3 -0.381    19.49 21.28 02a59823o0607c       0    36.664748
59823.503521 19.922338 0.334073    48    12 c    0   1.45 46.94919 40.31127 10046.80  6233.33 2.84 2.61  24.3 -0.400    19.54 21.36 02a59823o0615c       0    35.948626
59823.515556 19.197966 0.157146    85    11 c    0   2.17 46.94919 40.31127   189.49  6074.63 2.45 2.30  22.2 -0.374    19.52 21.28 02a59823o0641c       0    35.627289
59823.526014 18.323878 0.083027   179    13 c    0   2.11 46.94919 40.31127   169.86  6190.42 2.40 2.27  19.7 -0.373    19.55 21.31 02a59823o0664c       0    36.294679
59845.538090 18.526952      NaN    78    24 c    0   0.91 46.94919 40.31127  7179.13  4549.99 3.52 3.03  36.8 -0.263    18.52 20.40 01a59845o0621c       0    41.524736
59845.543695 19.076453 0.229921    94    18 c    0   0.94 46.94919 40.31127  7163.94  4510.99 3.27 2.93  36.8 -0.290    19.00 20.82 01a59845o0632c       0    38.370610
59845.549464 18.757738 0.285720   123    30 c    0   0.92 46.94919 40.31127  7220.62  4587.65 3.03 2.80  34.9 -0.319    18.61 20.36 01a59845o0644c       0    45.258190
59845.584740 18.376212      NaN    66    35 c    0   0.94 46.94919 40.31127  3313.75  6264.44 3.36 2.96  45.9 -0.286    18.24 20.01 01a59845o0717c       0    48.716565
59848.503773 19.183773 0.141005    86    10 c    0   1.17 46.94919 40.31127  3273.29  4736.91 3.09 2.79  49.7 -0.333    19.61 21.36 01a59848o0596c       0    35.331342
59848.505615 19.367717 0.150333    74     9 c    0   1.72 46.94919 40.31127  3253.22  4698.42 3.10 2.79  49.5 -0.333    19.59 21.36 01a59848o0600c       0    35.061428
59848.540732 18.990530 0.118015   101    10 c    0   1.51 46.94919 40.31127  7222.38  5935.48 3.08 2.87  38.4 -0.319    19.63 21.41 01a59848o0668c       0    35.331342
59848.565020 19.454622 0.162860    69     9 c    0   1.68 46.94919 40.31127  7208.74  6052.45 3.10 2.89  34.5 -0.315    19.64 21.48 01a59848o0718c       0    35.061428
59849.447253 19.510313 0.190480    66    10 c    0   1.23 46.94919 40.31127  3275.20  4738.04 3.03 2.83  50.8 -0.334    19.71 21.64 01a59849o0222c       0    35.331342
59849.449102 19.631075 0.191601    60     9 c    0   1.19 46.94919 40.31127  3255.47  4696.20 2.97 2.78  53.6 -0.342    19.72 21.64 01a59849o0226c       0    35.061428
59849.473967 19.063754 0.126248    95    10 c    0   1.14 46.94919 40.31127  3319.37  4774.80 3.42 2.99  51.2 -0.288    19.61 21.61 01a59849o0277c       0    35.331342
59849.480477 19.241693 0.118985    82     8 c    0   1.45 46.94919 40.31127  3339.35  4657.50 3.29 2.88  50.6 -0.301    19.68 21.58 01a59849o0291c       0    34.818152
59851.513146 18.816441 0.090478   117     9 c    0   1.45 46.94919 40.31127  3266.67  4732.50 3.05 2.73  43.4 -0.333    19.70 21.51 01a59851o0657c       0    35.061428
59851.538943 18.990530 0.118015   101    10 c    0   1.32 46.94919 40.31127  7292.74  6015.98 3.00 2.75  36.2 -0.327    19.68 21.47 01a59851o0710c       0    35.331342
59851.541718 19.696897 0.203576    57     9 c    0   1.49 46.94919 40.31127  7234.08  5939.66 3.05 2.76  37.0 -0.320    19.66 21.45 01a59851o0716c       0    35.061428
59851.546915 19.529530 0.174493    65     9 c    0   1.97 46.94919 40.31127  7216.58  6056.61 3.03 2.79  34.2 -0.323    19.66 21.44 01a59851o0727c       0    35.061428
59853.407623 19.256669 0.150797    81    10 c    0   1.47 46.94919 40.31127  3260.81  4742.18 3.21 2.98  43.7 -0.321    19.57 21.53 01a59853o0447c       0    35.331342
59853.409474 19.089302 0.129254    93    10 c    0   1.74 46.94919 40.31127  3241.54  4704.08 3.35 3.12  45.9 -0.316    19.55 21.52 01a59853o0451c       0    35.331342
59853.412245 19.841877 0.232658    51     9 c    0   1.51 46.94919 40.31127  3299.81  4782.18 3.34 3.05  44.7 -0.303    19.61 21.54 01a59853o0457c       0    35.061428
59853.417331 19.652575 0.217147    59    10 c    0   1.14 46.94919 40.31127  3321.78  4667.30 3.41 3.10  43.7 -0.297    19.56 21.54 01a59853o0468c       0    35.331342
59855.503396 19.351140 0.180956    75    11 c    0   1.32 46.94919 40.31127  3254.80  4737.25 3.20 2.84  46.1 -0.317    19.48 21.36 01a59855o0634c       0    35.627289
59855.527712 19.384550 0.220540    73    13 c    0   1.37 46.94919 40.31127  3232.84  4693.81 3.26 2.87  44.0 -0.309    19.31 21.22 01a59855o0686c       0    36.294679
59855.556230 19.401649 0.172339    72    10 c    0   1.37 46.94919 40.31127  7244.05  5943.03 3.18 2.86  34.1 -0.300    19.49 21.40 01a59855o0747c       0    35.331342
59855.574252 19.384550 0.169646    73    10 c    0   1.60 46.94919 40.31127  7229.93  6059.23 3.27 2.93  37.7 -0.291    19.51 21.48 01a59855o0784c       0    35.331342
59856.485204 19.271854 0.137629    80     9 c    0   1.67 46.94919 40.31127  4795.52 10359.97 3.09 2.85  80.3 -0.309    19.70 21.42 01a59856o0565c       0    35.061428
59856.487052 18.978793 0.093397   102     8 c    0   2.25 46.94919 40.31127  4777.01 10320.56 3.07 2.84  80.6 -0.314    19.68 21.42 01a59856o0569c       0    34.818152
59856.498774 19.894850 0.271434    49    10 c    0   1.51 46.94919 40.31127  4834.11 10397.45 3.20 2.92  74.6 -0.301    19.63 21.42 01a59856o0594c       0    35.331342
59856.527373 19.318728 0.143700    77     9 c    0   2.19 46.94919 40.31127  5632.30   443.95 3.01 2.85  62.9 -0.360    19.68 21.48 01a59856o0653c       0    35.061428
59857.570152 19.142275 0.135717    89    10 c    0   1.47 46.94919 40.31127  5711.31   367.94 3.04 2.87  61.0 -0.344    19.71 21.60 01a59857o0364c       0    35.331342
59857.573589 18.878500 0.085156   111     8 c    0   2.26 46.94919 40.31127  5731.32   407.11 2.99 2.81  53.4 -0.353    19.71 21.58 01a59857o0371c       0    34.818152
59857.580522 19.197966 0.128574    85     9 c    0   2.18 46.94919 40.31127  5677.12   330.26 3.06 2.91  52.5 -0.344    19.67 21.55 01a59857o0386c       0    35.061428
59857.580984 19.351140 0.197407    75    12 c    0   1.94 46.94919 40.31127   295.68 10522.58 3.20 2.88 -76.4 -0.413    19.67 21.53 01a59857o0387c       0    35.948626
59857.591207 19.472870 0.220828    68    12 c    0   1.85 46.94919 40.31127   258.43 10483.47 3.06 2.74 -77.1 -0.430    19.72 21.49 01a59857o0408c       0    35.948626
59857.593517 20.244005 0.336953    38     9 c    0   1.73 46.94919 40.31127  5662.52   449.84 2.80 2.76  65.8 -0.397    19.70 21.47 01a59857o0413c       0    35.061428
59875.476093 19.169763 0.167036    87    12 c    0   1.63 46.94919 40.31127  2412.15  4282.65 2.62 2.32  29.3 -0.409    19.58 21.38 02a59875o0623c       0    35.948626
59875.479708 19.271854 0.168213    80    11 c    0   1.64 46.94919 40.31127  2392.17  4244.03 2.64 2.32  29.5 -0.411    19.58 21.38 02a59875o0631c       0    35.627289
59875.485574 19.454622 0.162860    69     9 c    0   2.57 46.94919 40.31127  2448.21  4321.56 2.64 2.35  27.5 -0.404    19.59 21.40 02a59875o0643c       0    35.061428
59875.495400 19.197966 0.171432    85    12 c    0   1.20 46.94919 40.31127  2466.65  4205.97 2.55 2.28  25.4 -0.413    19.62 21.38 02a59875o0663c       0    35.948626
59883.459616 19.334813 0.210665    76    13 c    0   0.95 46.94919 40.31127  4070.36  1843.13 2.46 2.27  40.9 -0.411    19.56 21.26 02a59883o0599c       0    36.294679
59883.462799 19.696897      NaN    27    10 c    0   1.32 46.94919 40.31127  4049.99  1804.33 2.51 2.27  41.0 -0.411    19.55 21.27 02a59883o0606c       0    35.331342
59883.468229 19.241693 0.193350    82    13 c    0   1.11 46.94919 40.31127  4109.90  1880.69 2.50 2.29  41.8 -0.408    19.57 21.27 02a59883o0618c       0    36.294679
59883.478687 20.009244 0.331753    45    11 c    0   1.77 46.94919 40.31127  4128.00  1764.37 2.65 2.30  39.8 -0.401    19.52 21.24 02a59883o0641c       0    35.627289
59900.405519 19.609992      NaN    28    11 c    0   1.20 46.94919 40.31127 10462.42  8499.70 3.17 3.03  16.6 -0.358    19.64 21.46 01a59900o0388c       0    35.627289
59900.408749 19.183773 0.155105    86    11 c    0   1.18 46.94919 40.31127 10483.97  8538.34 3.17 3.07  15.3 -0.356    19.64 21.47 01a59900o0395c       0    35.627289
59900.428990 19.419021      NaN    35    12 c    0   0.92 46.94919 40.31127 10426.79  8465.67 3.25 3.16   7.3 -0.351    19.58 21.44 01a59900o0437c       0    35.948626
59900.434991 19.841877 0.284359    51    11 c    0   1.20 46.94919 40.31127 10410.09  8583.37 3.12 3.06  -4.9 -0.357    19.67 21.49 01a59900o0450c       0    35.627289
59901.321754 19.142275 0.149289    89    11 c    0   1.37 46.94919 40.31127   102.09  2187.57 3.10 2.82  50.7 -0.287    19.64 21.49 01a59901o0273c       0    35.627289
59901.324586 18.910912 0.109670   108    10 c    0   1.31 46.94919 40.31127    82.12  2148.64 3.16 2.87  49.0 -0.283    19.65 21.51 01a59901o0279c       0    35.331342
59901.328406 18.684100 0.097894   131    11 c    0   1.42 46.94919 40.31127   143.66  2224.71 3.04 2.79  49.2 -0.294    19.69 21.52 01a59901o0287c       0    35.627289
59901.330321 18.933071 0.123125   106    11 c    0   1.20 46.94919 40.31127 10184.52  2224.94 2.91 2.86 -57.7 -0.331    19.65 21.46 01a59901o0291c       0    35.627289
59901.332166 19.351140 0.180956    75    11 c    0   1.16 46.94919 40.31127 10165.65  2184.37 2.90 2.87 -66.3 -0.329    19.61 21.47 01a59901o0295c       0    35.627289
59901.367337 19.226921 0.146721    83    10 c    0   1.51 46.94919 40.31127 10224.50  2253.56 3.48 2.97  20.3 -0.258    19.52 21.58 01a59901o0354c       0    35.331342
59901.372911 18.944322 0.113098   105    10 c    0   1.20 46.94919 40.31127 10246.80  2133.88 2.93 2.89 -15.2 -0.322    19.71 21.58 01a59901o0366c       0    35.331342
59904.458992 19.256669 0.150797    81    10 c    0   1.41 46.94919 40.31127  2597.74   447.79 3.13 2.90  55.1 -0.360    19.71 21.69 01a59904o0397c       0    35.331342
59904.462227 20.039830 0.279189    44     9 c    0   1.85 46.94919 40.31127  2617.73   487.87 3.25 3.02  53.1 -0.350    19.70 21.70 01a59904o0404c       0    35.061428
59904.472713 19.051202 0.137277    96    11 c    0   1.18 46.94919 40.31127  2563.26   410.25 3.20 2.99  52.5 -0.351    19.70 21.67 01a59904o0426c       0    35.627289
59904.488442 19.510313 0.209528    66    11 c    0   1.67 46.94919 40.31127  2551.43   529.43 3.36 3.12  48.5 -0.337    19.62 21.58 01a59904o0459c       0    35.627289
59905.438434 19.791368 0.320786    53    13 c    0   1.00 46.94919 40.31127  2591.61   447.04 3.21 2.96  51.5 -0.340    19.47 21.36 01a59905o0500c       0    36.294679
59905.442131 19.719755 0.277209    56    12 c    0   1.32 46.94919 40.31127  2612.26   487.26 3.17 2.92  50.4 -0.343    19.38 21.23 01a59905o0508c       0    35.948626
59905.448603 19.589310 0.225341    62    11 c    0   1.02 46.94919 40.31127  2555.89   408.47 3.19 2.97  51.8 -0.351    19.57 21.43 01a59905o0522c       0    35.627289
59905.462489 19.894850 0.325721    49    12 c    0   1.10 46.94919 40.31127  2542.70   527.72 3.54 3.20  49.3 -0.291    19.46 21.42 01a59905o0552c       0    35.948626
59907.393004 19.766969      NaN    30     8 c    0   1.79 46.94919 40.31127  2584.38   437.76 3.13 2.86  59.6 -0.352    19.69 21.60 01a59907o0446c       0    34.818152
59907.396714 19.142275 0.135717    89    10 c    0   1.48 46.94919 40.31127  2604.44   478.46 3.19 2.92  57.7 -0.352    19.69 21.61 01a59907o0454c       0    35.331342
59907.409630 19.271854 0.152921    80    10 c    0   1.45 46.94919 40.31127  2548.40   399.23 3.15 2.93  59.2 -0.356    19.68 21.64 01a59907o0480c       0    35.331342
59907.415631 19.271854 0.137629    80     9 c    0   1.61 46.94919 40.31127  2533.59   518.16 3.19 2.95  55.4 -0.359    19.62 21.62 01a59907o0493c       0    35.061428
59908.433972 19.652575      NaN    26    11 c    0   4.23 46.94919 40.31127  2589.71   446.47 3.23 2.99  54.9 -0.358    19.65 21.56 01a59908o0467c       0    35.627289
59908.437797 19.816329 0.252497    52    10 c    0   4.56 46.94919 40.31127  2610.35   486.43 3.20 3.00  55.4 -0.365    19.64 21.58 01a59908o0475c       0    35.331342
59908.461201 19.351140 0.148055    75     9 c    0   1.89 46.94919 40.31127  2561.29   408.59 3.05 2.82  51.4 -0.366    19.71 21.59 01a59908o0523c       0    35.061428
59908.466463 19.743105      NaN    28     9 c    0   1.72 46.94919 40.31127  2545.10   526.64 3.19 2.96  48.8 -0.358    19.65 21.60 01a59908o0533c       0    35.061428
59909.309486 19.063754 0.113624    95     9 c    0   1.80 46.94919 40.31127  3268.60    70.60 2.93 2.74  61.9 -0.373    19.67 21.44 01a59909o0269c       0    35.061428
59909.311847 20.449472      NaN     5     8 c    0   1.55 46.94919 40.31127  3249.97    31.85 2.97 2.78  63.3 -0.361    19.66 21.44 01a59909o0274c       0    34.818152
59909.314159 19.026525 0.121993    98    10 c    0   1.59 46.94919 40.31127  7907.24 10312.67 3.09 2.93  77.5 -0.329    19.67 21.42 01a59909o0279c       0    35.331342
59909.336487 19.089302 0.129254    93    10 c    0   1.47 46.94919 40.31127  3307.04   107.45 3.13 2.89  55.3 -0.348    19.61 21.44 01a59909o0326c       0    35.331342
59909.337873 19.816329 0.252497    52    10 c    0   1.43 46.94919 40.31127  7893.06 10267.15 3.31 3.04  57.4 -0.315    19.59 21.41 01a59909o0329c       0    35.331342
59909.341590 19.510313 0.190480    66    10 c    0   1.15 46.94919 40.31127  7952.11 10347.41 3.23 3.04  64.5 -0.316    19.63 21.41 01a59909o0337c       0    35.331342
59909.347149 19.367717 0.150333    74     9 c    0   1.87 46.94919 40.31127  7971.08 10228.45 3.25 3.12  65.9 -0.320    19.62 21.39 01a59909o0349c       0    35.061428