         MJD         m       dm   uJy  duJy F  err  chi/N        RA       Dec        x       y  maj  min   phi  apfit  mag5sig   Sky            Obs    Mask    duJy_new
59577.979034 19.922338      NaN   -23    13 o    0   1.52 105.04811 -66.04004  5953.40 5800.35 2.87 2.61 -60.5 -0.409    19.24 21.14 03a59578o0231o       0   41.978623
59577.982959 20.009244      NaN   -58    12 o    0   1.69 105.04811 -66.04004  5997.19 5836.09 2.98 2.62 -63.5 -0.402    19.22 21.10 03a59578o0238o       0   41.679788
59577.989981 19.841877      NaN   -72    14 o    0   1.17 105.04811 -66.04004  5992.50 5748.89 3.05 2.70 -57.3 -0.394    19.18 21.10 03a59578o0250o       0   42.298992
59578.002945 20.009244      NaN    -1    12 o    0   1.44 105.04811 -66.04004  6063.19 5853.86 2.91 2.69 -66.7 -0.401    19.19 21.09 03a59578o0275o       0   41.679788
59578.961730 20.009244      NaN   -83    12 o    0   1.47 105.04811 -66.04004  5860.91 5829.23 2.86 2.59 -45.2 -0.390    19.20 21.03 03a59579o0275o       0   41.679788
59578.965983 20.207197      NaN   -32    10 o    0   1.86 105.04811 -66.04004  5905.22 5860.27 2.88 2.58 -45.5 -0.390    19.22 21.04 03a59579o0283o       0   41.148569
59578.971830 20.009244      NaN     3    11 o    0   2.39 105.04811 -66.04004  5892.83 5770.46 2.75 2.47 -41.2 -0.411    19.24 21.04 03a59579o0293o       0   41.402956
59578.982819 20.009244      NaN   -14    12 o    0   1.70 105.04811 -66.04004  5941.80 5868.47 2.80 2.58 -34.2 -0.406    19.16 20.97 03a59579o0314o       0   41.679788
59579.024940 20.009244      NaN   -48    12 o    0   1.89 105.04811 -66.04004  9194.67 3780.62 2.94 2.71 -59.6 -0.377    19.09 20.85 03a59579o0399o       0   41.679788
59579.027820 19.922338      NaN   -20    13 o    0   2.10 105.04811 -66.04004  9230.60 3824.23 2.89 2.74  81.7 -0.364    19.09 20.77 03a59579o0405o       0   41.978623
59579.030900 15.091935      NaN -1317  1112 o    0   1.19 105.04811 -66.04004   484.81 3638.52 3.21 2.56  86.1 -0.366    19.17 20.80 03a59579o0411o       2 1112.716138
59579.034256 18.786693      NaN  -172    37 o    0   1.25 105.04811 -66.04004  9223.51 3753.78 3.05 2.80  81.6 -0.362    17.93 19.53 03a59579o0418o       0   54.426140
59579.034722 19.922338      NaN   -98    13 o    0   1.78 105.04811 -66.04004   528.35 3677.06 3.24 2.67 -89.2 -0.375    19.09 20.83 03a59579o0419o       0   41.978623
59579.040505 19.115465      NaN    34    16 o    0   1.69 105.04811 -66.04004   513.96 3606.65 3.26 2.66  85.6 -0.372    19.01 20.68 03a59579o0431o       0   43.002381
59579.045900 19.051202      NaN   -17    29 o    0   1.46 105.04811 -66.04004  9277.49 3888.70 3.40 3.01  75.8 -0.379    18.42 20.01 03a59579o0442o       0   49.337661
59579.052072 17.509244      NaN  -378   120 o    0   1.16 105.04811 -66.04004   569.09 3734.52 3.47 2.74  80.4 -0.352    16.93 18.40 03a59579o0454o       2  126.464243
59579.970884 20.103715      NaN   -25    11 o    0   2.05 105.04811 -66.04004  3795.50 3362.05 3.09 2.72 -74.4 -0.386    19.22 21.32 03a59580o0387o       0   41.402956
59579.974039 20.009244      NaN   -55    12 o    0   1.97 105.04811 -66.04004  3825.48 3391.15 3.12 2.74 -69.6 -0.387    19.24 21.32 03a59580o0392o       0   41.679788
59579.979802 19.674510      NaN     7    14 o    0   1.00 105.04811 -66.04004  3829.50 3312.61 3.22 2.78 -74.2 -0.384    19.21 21.34 03a59580o0403o       0   42.298992
59579.991249 20.009244      NaN   -57    12 o    0   2.31 105.04811 -66.04004  3885.29 3421.58 3.12 2.55 -74.4 -0.394    19.30 21.36 03a59580o0423o       0   41.679788
59596.902599 19.051202      NaN   -19    29 o    0   0.89 105.04811 -66.04004  8959.44 6374.37 2.73 2.33 -42.6 -0.394    18.49 19.21 03a59597o0190o       0   49.337661
59596.905410 19.169763      NaN    -7    26 o    0   1.62 105.04811 -66.04004  8996.65 6406.35 2.50 2.21 -29.0 -0.432    18.55 19.19 03a59597o0196o       0   47.636171
59596.912649 19.089302      NaN   -17    28 o    0   1.08 105.04811 -66.04004  8988.51 6305.31 2.53 2.28 -39.3 -0.412    18.54 19.22 03a59597o0211o       0   48.756587
59596.922624 19.169763      NaN   -48    26 o    0   1.20 105.04811 -66.04004  9032.02 6403.27 2.66 2.24 -18.1 -0.413    18.50 19.21 03a59597o0232o       0   47.636171
59596.932287 19.089302      NaN   -55    28 o    0   1.05 105.04811 -66.04004   671.99 6156.80 2.57 2.19 -48.8 -0.412    18.60 19.24 03a59597o0252o       0   48.756587
59596.935284 19.051202      NaN   -55    29 o    0   1.00 105.04811 -66.04004   706.49 6191.56 2.56 2.27 -62.7 -0.408    18.58 19.28 03a59597o0258o       0   49.337661
59596.970597 19.454622      NaN   -67    20 o    0   1.96 105.04811 -66.04004   898.76 6092.31 2.52 2.43 -28.1 -0.406    18.57 19.28 03a59597o0328o       0   44.645322
59596.977121 18.978793      NaN   -33    31 o    0   0.75 105.04811 -66.04004   913.23 6200.61 2.52 2.43  12.4 -0.400    18.56 19.28 03a59597o0342o       0   50.539141
59600.904863 19.454622      NaN   -89    20 o    0   2.08 105.04811 -66.04004 10510.74 5141.34 2.73 2.15 -80.6 -0.382    18.82 19.80 03a59601o0116o       0   44.645322
59600.942317 19.287255      NaN    10    20 o    0   1.43 105.04811 -66.04004 10509.90 5238.41 2.78 2.18 -80.4 -0.380    18.87 19.95 03a59601o0192o       0   44.645322
59600.947243 19.631075      NaN   -37    17 o    0   1.62 105.04811 -66.04004  1165.31 4794.16 2.74 2.22  85.9 -0.410    18.86 19.94 03a59601o0202o       0   43.384384
59600.951012 19.510313      NaN   -17    19 o    0   1.66 105.04811 -66.04004  1183.50 4833.09 2.83 2.29  87.3 -0.401    18.78 19.80 03a59601o0210o       0   44.206388
59600.956919 19.631075      NaN   -35    17 o    0   1.98 105.04811 -66.04004  1128.02 4762.75 2.77 2.19  85.7 -0.401    18.79 19.79 03a59601o0222o       0   43.384384
59600.993033 19.367717      NaN     5    20 o    0   1.29 105.04811 -66.04004  1121.91 4920.93 2.89 2.12  88.8 -0.398    18.90 19.88 03a59601o0296o       0   44.645322
59617.862613 19.384550      NaN    19    15 o    0   1.42 105.04811 -66.04004  2304.18 8479.57 2.33 2.13  89.1 -0.440    19.27 20.70 03a59618o0219o       0   42.640412
59617.865381 20.207197      NaN   -81    10 o    0   2.75 105.04811 -66.04004  2321.97 8519.93 2.28 2.08  85.5 -0.439    19.29 20.70 03a59618o0225o       0   41.148569
59617.870940 19.589310 0.245827    53    12 o    0   2.90 105.04811 -66.04004  2272.93 8446.73 2.28 2.04  86.5 -0.442    19.33 20.72 03a59618o0237o       0   41.679788
59617.883269 19.302877      NaN    33    12 o    0   2.39 105.04811 -66.04004  2257.69 8570.66 2.34 2.08  84.6 -0.437    19.30 20.79 03a59618o0262o       0   41.679788
59621.924375 19.841877      NaN   -15    14 o    0   1.77 105.04811 -66.04004  2345.77 8517.94 2.57 2.22 -85.3 -0.413    19.08 20.29 03a59622o0345o       0   42.298992
59621.927106 19.384550      NaN    10    18 o    0   1.35 105.04811 -66.04004  2363.39 8557.48 2.57 2.17  89.7 -0.419    19.12 20.28 03a59622o0351o       0   43.785897
59621.932415 19.766969      NaN   -26    15 o    0   1.43 105.04811 -66.04004  2315.71 8483.03 2.58 2.26 -80.5 -0.409    19.06 20.30 03a59622o0362o       0   42.640412
59621.942140 19.183773      NaN    29    16 o    0   1.53 105.04811 -66.04004  2301.75 8604.58 2.55 2.18 -84.2 -0.418    19.14 20.33 03a59622o0383o       0   43.002381
59628.098074 19.351140      NaN   -16    22 o    0   1.56 105.04811 -66.04004  5072.27  929.51 2.24 2.09  17.3 -0.452    18.72 19.54 04a59628o0175o       0   45.576362
59628.103142 19.454622      NaN    -7    20 o    0   1.88 105.04811 -66.04004  5089.25  965.24 2.15 2.01  18.3 -0.448    18.76 19.54 04a59628o0186o       0   44.645322
59628.106821 19.631075      NaN   -70    17 o    0   2.21 105.04811 -66.04004  5023.34  885.04 2.21 2.03  17.0 -0.451    18.71 19.55 04a59628o0194o       0   43.384384
59628.119995 19.256669      NaN   -46    24 o    0   0.95 105.04811 -66.04004  4990.29  993.67 2.36 2.17  36.0 -0.426    18.71 19.53 04a59628o0222o       0   46.574722
59632.158366 19.841877      NaN   -49    14 o    0   1.85 105.04811 -66.04004  5020.79  889.89 2.34 2.25  39.8 -0.408    19.02 20.39 04a59632o0232o       0   42.298992
59632.161702 19.766969      NaN    12    11 o    0   4.58 105.04811 -66.04004  5036.04  928.24 2.32 2.16  54.4 -0.418    19.07 20.34 04a59632o0239o       0   41.402956
59632.166868 19.766969      NaN   -74    15 o    0   1.60 105.04811 -66.04004  4971.40  847.19 2.42 2.25  46.9 -0.418    19.02 20.33 04a59632o0250o       0   42.640412
59632.177122 19.696897      NaN   -43    16 o    0   1.61 105.04811 -66.04004  4940.00  959.35 2.36 2.29  51.2 -0.414    19.03 20.31 04a59632o0272o       0   43.002381
59636.153426 19.652575 0.238862    50    11 o    0   2.27 105.04811 -66.04004  2891.26 1020.43 2.38 1.91  45.4 -0.453    19.49 20.93 04a59636o0177o       0   41.402956
59636.156604 19.979496 0.293442    37    10 o    0   4.98 105.04811 -66.04004  2910.02 1057.35 2.26 1.87  43.3 -0.455    19.49 20.95 04a59636o0184o       0   41.148569
59636.163938 20.321591      NaN   -24     9 o    0   6.95 105.04811 -66.04004  2839.06  977.88 2.46 1.95  47.3 -0.434    19.50 20.96 04a59636o0199o       0   40.917047
59636.173712 20.321591      NaN   -66     9 o    0   3.02 105.04811 -66.04004  2807.29 1094.06 2.31 1.86  47.6 -0.453    19.53 20.96 04a59636o0220o       0   40.917047
59638.119228 18.226218 0.070047   186    12 o    0   7.77 105.04811 -66.04004  6827.24 5008.78 2.13 2.00 -19.8 -0.425    19.36 20.93 04a59638o0224o       0   41.679788
59638.121956 18.158337 0.065802   198    12 o    0   8.66 105.04811 -66.04004  6844.89 5046.63 2.10 1.99 -26.8 -0.421    19.39 20.89 04a59638o0230o       0   41.679788
59638.128445 20.009244      NaN   -31    12 o    0   2.32 105.04811 -66.04004  6782.26 4963.94 2.19 2.05 -25.0 -0.415    19.36 20.89 04a59638o0244o    4096   41.679788
59638.138091 19.287255 0.170616    70    11 o    0   3.13 105.04811 -66.04004  6752.88 5074.49 2.05 1.96 -37.5 -0.424    19.38 20.93 04a59638o0265o       0   41.402956
59641.107768 19.816329      NaN     7    12 o    0   2.07 105.04811 -66.04004  7157.77  849.23 2.40 2.17 -23.9 -0.412    19.31 20.99 04a59641o0265o       0   41.679788
59641.110472 20.207197      NaN   -48    10 o    0   3.73 105.04811 -66.04004  7175.52  888.30 2.42 2.32 -40.1 -0.408    19.33 20.99 04a59641o0271o       0   41.148569
59641.115625 19.609992 0.250555    52    12 o    0   2.85 105.04811 -66.04004  7110.99  803.79 2.32 2.11 -22.9 -0.406    19.37 21.05 04a59641o0282o       0   41.679788
59641.126405 20.039830 0.341231    35    11 o    0   3.93 105.04811 -66.04004  7076.01  915.78 2.32 2.16 -21.9 -0.403    19.35 21.00 04a59641o0305o       0   41.402956
59642.111793 20.103715      NaN   -39    11 o    0   4.34 105.04811 -66.04004  6824.06 5005.04 2.12 1.93 -23.9 -0.425    19.30 20.79 04a59642o0262o       0   41.402956
59642.114579 18.489118 0.096675   146    13 o    0   7.97 105.04811 -66.04004  6839.48 5042.89 2.08 1.96 -25.8 -0.434    19.36 20.79 04a59642o0268o    4096   41.978623
59642.119580 20.321591      NaN   -58     9 o    0   3.78 105.04811 -66.04004  6777.59 4961.24 2.11 1.99 -31.8 -0.422    19.33 20.86 04a59642o0279o       0   40.917047
59642.133420 20.207197      NaN   -21    10 o    0   3.06 105.04811 -66.04004  6746.70 5069.77 2.05 1.95 -44.0 -0.426    19.36 20.89 04a59642o0309o       0   41.148569
59645.875032 20.207197      NaN   -67    10 o    0   2.52 105.04811 -66.04004  1834.46 3134.04 2.37 2.25 -53.1 -0.409    19.44 20.93 03a59646o0261o       0   41.148569
59645.878370 19.631075      NaN    18    11 o    0   3.18 105.04811 -66.04004  1854.05 3172.65 2.36 2.19 -51.1 -0.420    19.50 20.92 03a59646o0268o       0   41.402956
59645.884847 20.321591      NaN   -98     9 o    0   3.15 105.04811 -66.04004  1796.20 3098.05 2.34 2.21 -54.6 -0.426    19.47 20.90 03a59646o0282o       0   40.917047
59645.899069 20.207197      NaN   -84    10 o    0   2.91 105.04811 -66.04004  1773.33 3213.92 2.37 2.22 -51.2 -0.413    19.46 20.94 03a59646o0313o       0   41.148569
59652.051050 19.351140      NaN  -104    22 o    0   1.48 105.04811 -66.04004  5686.55 8860.99 2.46 2.05 -71.0 -0.446    18.97 19.97 04a59652o0140o       0   45.576362
59652.053807 19.510313      NaN   -27    19 o    0   2.55 105.04811 -66.04004  5702.19 8899.30 2.34 2.01 -72.9 -0.452    18.98 19.99 04a59652o0146o       0   44.206388
59652.059746 19.454622      NaN   -61    20 o    0   2.32 105.04811 -66.04004  5645.31 8816.55 2.45 2.08 -73.1 -0.439    18.94 19.97 04a59652o0159o       0   44.645322
59652.070285 19.401649      NaN   -77    21 o    0   2.22 105.04811 -66.04004  5617.52 8928.20 2.33 2.10 -66.0 -0.432    18.92 19.99 04a59652o0182o       0   45.102159
59656.109475 19.256669      NaN   -78    24 o    0   1.68 105.04811 -66.04004  5647.32 8830.17 2.57 2.23 -82.4 -0.398    18.45 19.14 04a59656o0269o       0   46.574722
59656.112829 19.089302      NaN   -14    28 o    0   1.37 105.04811 -66.04004  5663.00 8868.26 2.61 2.29 -83.4 -0.382    18.43 19.14 04a59656o0276o       0   48.756587
59656.119641 18.649074      NaN    51    25 o    0   1.88 105.04811 -66.04004  5604.97 8787.73 2.49 2.07 -81.8 -0.404    18.49 19.10 04a59656o0290o       0   47.097821
59656.131078 19.014394      NaN   -82    30 o    0   0.92 105.04811 -66.04004  5578.02 8901.33 2.41 1.99 -83.8 -0.408    18.50 19.08 04a59656o0314o       0   49.932001
59660.029598 20.009244      NaN   -43    12 o    0   2.03 105.04811 -66.04004  8792.99 5036.76 2.55 2.15 -18.3 -0.456    19.34 20.96 04a59660o0112o       0   41.679788
59660.033462 19.791368      NaN     5    13 o    0   1.88 105.04811 -66.04004  8808.50 5074.72 2.77 2.32 -22.8 -0.428    19.26 20.96 04a59660o0120o       0   41.978623
59660.038512 20.009244      NaN   -81    12 o    0   2.83 105.04811 -66.04004  8746.81 4991.19 2.67 2.25 -17.3 -0.438    19.29 20.96 04a59660o0131o       0   41.679788
59660.052732 20.009244      NaN   -25    12 o    0   2.08 105.04811 -66.04004  8717.76 5096.96 2.48 2.18 -12.2 -0.442    19.21 20.69 04a59660o0161o       0   41.679788
59664.094867 20.009244      NaN   -28    12 o    0   2.22 105.04811 -66.04004  8703.03 4962.31 2.30 1.96 -21.9 -0.429    19.40 20.92 04a59664o0155o    8192   41.679788
59664.105487 20.009244      NaN   -53    12 o    0   3.86 105.04811 -66.04004  8674.10 5073.92 2.31 1.94 -16.8 -0.429    19.39 20.91 04a59664o0178o    8192   41.679788
59668.012762 19.696897      NaN    -4    16 o    0   1.46 105.04811 -66.04004  4891.24 6815.45 2.76 2.38 -67.6 -0.440    19.14 20.81 04a59668o0102o       0   43.002381
59668.016490 19.318728      NaN    29    13 o    0   1.57 105.04811 -66.04004  4906.71 6851.54 2.69 2.23 -75.5 -0.436    19.17 20.83 04a59668o0110o       0   41.978623
59668.022448 20.207197      NaN   -10    10 o    0   2.85 105.04811 -66.04004  4847.40 6770.54 2.36 2.10 -75.3 -0.455    19.31 20.84 04a59668o0123o       0   41.148569
59668.034226 20.071303      NaN     1    11 o    0   1.73 105.04811 -66.04004  4818.89 6880.65 2.40 2.09 -79.4 -0.440    19.30 20.88 04a59668o0149o       0   41.402956
59672.068795 19.569016      NaN    18    12 o    0   3.26 105.04811 -66.04004  4850.50 6785.64 2.09 1.85 -81.7 -0.431    19.36 20.83 04a59672o0233o       0   41.679788
59672.073788 19.367717      NaN    32    11 o    0   2.82 105.04811 -66.04004  4865.65 6822.71 2.07 1.84 -77.8 -0.437    19.38 20.87 04a59672o0244o       0   41.402956
59672.076510 19.436675 0.177990    61    10 o    0   4.58 105.04811 -66.04004  4808.41 6744.53 2.17 1.94 -75.3 -0.423    19.36 20.91 04a59672o0250o       0   41.148569
59672.087398 20.207197      NaN   -30    10 o    0   3.64 105.04811 -66.04004  4781.35 6857.57 2.08 1.82 -76.8 -0.434    19.40 20.98 04a59672o0274o       0   41.148569
59676.014676 19.922338      NaN   -22    13 o    0   2.12 105.04811 -66.04004  2998.33 6936.91 2.28 1.99 -78.7 -0.438    19.24 20.62 04a59676o0118o       0   41.978623
59676.017401 19.743105      NaN    10    12 o    0   2.30 105.04811 -66.04004  3013.95 6973.67 2.43 2.08 -76.3 -0.415    19.19 20.60 04a59676o0124o       0   41.679788
59676.022375 19.529530      NaN    14    14 o    0   1.50 105.04811 -66.04004  2955.68 6896.82 2.22 1.99 -76.6 -0.437    19.21 20.61 04a59676o0135o       0   42.298992
59676.033271 19.766969      NaN     9    12 o    0   2.31 105.04811 -66.04004  2929.31 7008.40 2.20 1.88 -83.8 -0.419    19.29 20.59 04a59676o0159o       0   41.679788
59677.812651 19.569016      NaN   -84    18 o    0   1.37 105.04811 -66.04004  3862.29 3021.27 4.03 3.89 -63.1 -0.375    18.81 20.74 03a59678o0148o       0   43.785897
59677.823168 19.510313      NaN   -33    19 o    0   1.11 105.04811 -66.04004  3880.55 3059.38 3.73 3.57 -51.6 -0.419    18.94 20.76 03a59678o0171o       0   44.206388
59677.834671 19.841877      NaN   -64    14 o    0   1.57 105.04811 -66.04004  3822.46 2981.24 3.43 3.26 -51.0 -0.372    19.01 20.75 03a59678o0196o       0   42.298992
59677.837426 19.766969      NaN   -50    15 o    0   1.59 105.04811 -66.04004  3798.49 3096.81 3.55 3.38 -56.7 -0.379    18.99 20.75 03a59678o0202o       0   42.640412
59680.056628 19.766969      NaN   -20    15 o    0   1.79 105.04811 -66.04004  2967.69 6917.15 2.42 2.15 -87.7 -0.414    18.98 20.31 04a59680o0223o       0   42.640412
59680.064369 19.766969      NaN   -41    15 o    0   1.55 105.04811 -66.04004  2980.43 6953.04 2.38 2.05 -84.7 -0.403    19.01 20.23 04a59680o0240o       0   42.640412
59680.067095 19.631075      NaN   -17    17 o    0   1.78 105.04811 -66.04004  2922.95 6877.88 2.28 1.99 -87.3 -0.415    19.04 20.23 04a59680o0246o       0   43.384384
59680.081363 19.766969      NaN   -42    15 o    0   1.92 105.04811 -66.04004  2893.23 6993.02 2.23 1.85 -88.2 -0.403    19.08 20.21 04a59680o0277o       0   42.640412
59683.984673 19.038793      NaN     4    28 o    0   1.26 105.04811 -66.04004  7981.16 2941.64 2.91 2.64 -24.2 -0.378    18.42 19.36 04a59684o0029o       0   48.756587
59683.987458 19.128787      NaN     0    27 o    0   0.95 105.04811 -66.04004  7998.85 2980.02 2.89 2.52 -37.1 -0.402    18.49 19.50 04a59684o0035o       0   48.189260
59683.992424 19.169763      NaN    -5    26 o    0   1.10 105.04811 -66.04004  7940.09 2894.44 2.58 2.26 -19.2 -0.395    18.64 19.50 04a59684o0046o       0   47.636171
59684.002262 19.212347      NaN    12    21 o    0   2.09 105.04811 -66.04004  7909.31 3006.48 2.57 2.28 -14.4 -0.398    18.62 19.43 04a59684o0067o    8192   45.102159
59685.776181 19.002397      NaN     1    30 o    0   1.08 105.04811 -66.04004  5472.09 8840.76 2.84 2.65 -54.2 -0.369    18.45 18.99 03a59686o0158o       0   49.932001
59685.796928 18.786693      NaN   -36    37 o    0   0.98 105.04811 -66.04004  5440.26 8797.25 3.36 3.07 -53.1 -0.419    18.27 18.93 03a59686o0203o       0   54.426140
59685.805140 18.878500      NaN    12    30 o    0   1.03 105.04811 -66.04004  5419.49 8912.48 3.04 2.77 -46.8 -0.363    18.35 18.92 03a59686o0221o       0   49.932001
59688.041659 19.271854      NaN    11    20 o    0   1.17 105.04811 -66.04004  7940.22 2918.07 2.30 1.98 -25.9 -0.410    18.76 19.53 04a59688o0183o       0   44.645322
59688.044364 18.776955      NaN    55    19 o    0   2.07 105.04811 -66.04004  7958.62 2956.38 2.32 2.02 -28.1 -0.401    18.74 19.50 04a59688o0189o       0   44.206388
59688.053925 19.351140      NaN  -114    22 o    0   1.59 105.04811 -66.04004  7891.03 2874.26 2.33 2.02 -26.2 -0.397    18.73 19.45 04a59688o0210o       0   45.576362
59688.071689 19.401649      NaN     3    20 o    0   1.84 105.04811 -66.04004  7856.96 2987.60 2.29 1.89 -24.5 -0.409    18.72 19.38 04a59688o0249o       0   44.645322
59691.970640 18.534680      NaN    23    39 o    0   0.92 105.04811 -66.04004  9288.18 8851.81 2.57 2.18  -2.8 -0.422    18.42 18.99 04a59692o0037o       0   55.805060
59691.973431 18.910912      NaN    24    25 o    0   1.91 105.04811 -66.04004  9305.63 8890.36 2.67 2.42 -17.7 -0.435    18.63 19.60 04a59692o0043o       0   47.097821
59691.979086 19.351140      NaN     9    19 o    0   1.37 105.04811 -66.04004  9246.93 8804.19 2.50 2.35  -3.8 -0.434    19.06 20.26 04a59692o0055o       0   44.206388
59691.989954 19.766969      NaN   -15    15 o    0   2.53 105.04811 -66.04004  9220.87 8915.65 2.44 2.10   0.8 -0.454    19.24 20.52 04a59692o0078o       0   42.640412
59691.995455 19.287255      NaN    28    14 o    0   1.84 105.04811 -66.04004   693.87 8834.33 2.96 2.24 -74.7 -0.370    19.19 20.56 04a59692o0089o       0   42.298992
59691.998673 19.696897      NaN   -72    16 o    0   1.57 105.04811 -66.04004   708.15 8870.77 2.99 2.32 -72.0 -0.370    19.15 20.55 04a59692o0096o       0   43.002381
59692.004154 19.766969      NaN   -28    15 o    0   1.17 105.04811 -66.04004   651.18 8795.45 3.00 2.32 -72.4 -0.361    19.18 20.57 04a59692o0108o    8192   42.640412
59692.015573 19.841877      NaN   -59    14 o    0   1.80 105.04811 -66.04004   625.27 8909.95 2.82 2.23 -73.9 -0.362    19.20 20.60 04a59692o0132o    8192   42.298992
59699.964255 18.990530      NaN    14    26 o    0   1.30 105.04811 -66.04004  4870.33 5058.74 2.57 2.35 -67.9 -0.419    18.40 19.12 04a59700o0034o       0   47.636171
59699.967167 18.720295      NaN    52    22 o    0   1.17 105.04811 -66.04004  4886.70 5095.73 2.56 2.33 -56.7 -0.433    18.70 19.68 04a59700o0040o       0   45.576362
59699.974388 19.841877      NaN   -28    14 o    0   1.93 105.04811 -66.04004  4825.82 5015.24 2.40 2.16 -75.4 -0.424    18.99 20.23 04a59700o0055o       0   42.298992
59699.984727 19.841877      NaN   -38    14 o    0   2.33 105.04811 -66.04004  4798.01 5127.49 2.51 2.28 -79.2 -0.418    19.00 20.38 04a59700o0077o       0   42.298992
59701.761545 19.841877      NaN   -76    14 o    0   1.31 105.04811 -66.04004  4714.46 6798.14 2.46 2.19 -52.4 -0.436    19.23 20.29 03a59702o0134o       0   42.298992
59701.765066 19.922338      NaN   -64    13 o    0   2.64 105.04811 -66.04004  4732.49 6836.99 2.39 2.18 -56.4 -0.443    19.23 20.28 03a59702o0141o       0   41.978623
59701.771209 19.922338      NaN   -51    13 o    0   2.39 105.04811 -66.04004  4679.25 6756.42 2.43 2.16 -49.1 -0.424    19.21 20.24 03a59702o0153o       0   41.978623
59701.781321 19.766969      NaN   -41    15 o    0   1.69 105.04811 -66.04004  4657.92 6870.15 2.42 2.11 -49.7 -0.425    19.22 20.23 03a59702o0174o       0   42.640412
59707.957183 17.905150      NaN    49    67 o    0   1.22 105.04811 -66.04004  3842.72 8941.06 2.94 2.43 -78.9 -0.393    17.64 17.75 04a59708o0028o       2   77.988491
59707.960147 18.459772      NaN   -57    50 o    0   1.03 105.04811 -66.04004  3858.42 8977.37 2.96 2.49 -80.8 -0.381    18.03 18.47 04a59708o0034o       0   63.978158
59707.966323 19.051202      NaN   -79    29 o    0   0.95 105.04811 -66.04004  3801.93 8897.88 2.93 2.42 -77.2 -0.375    18.56 19.59 04a59708o0047o       0   49.337661
59707.981689 19.454622      NaN   -13    20 o    0   1.22 105.04811 -66.04004  3773.72 9011.58 2.78 2.26 -84.4 -0.381    18.88 20.02 04a59708o0069o       0   44.645322
59711.997665 16.528968      NaN  -693   296 o    0   0.95 105.04811 -66.04004  3814.24 8924.01 2.82 2.29 -84.7 -0.393    16.66 16.96 04a59712o0112o 8388610  298.679100
59712.002615 15.838667      NaN  -467   559 o    0   1.36 105.04811 -66.04004  3829.39 8962.33 2.96 2.53 -75.8 -0.389    15.27 15.61 04a59712o0121o 8388610  560.423237
59712.006485 15.554855      NaN  -648   726 o    0   0.89 105.04811 -66.04004  3774.24 8886.06 2.76 2.18 -79.8 -0.385    15.14 15.58 04a59712o0129o 8388610  727.096421
59712.016197 17.112082      NaN   -56   173 o    0   1.35 105.04811 -66.04004  3750.60 9003.33 2.82 2.38  86.7 -0.399    16.81 17.32 04a59712o0148o 8388610  177.544937
59725.702118 19.401649      NaN   -48    21 o    0   1.63 105.04811 -66.04004  9078.35 8944.76 2.59 2.26 -68.0 -0.417    18.76 19.31 03a59726o0041o       0   45.102159
59725.706151 19.841877      NaN   -85    14 o    0   2.06 105.04811 -66.04004  9096.31 8984.81 2.57 2.24 -72.1 -0.421    19.05 19.94 03a59726o0049o       0   42.298992
59725.713153 20.009244      NaN   -45    12 o    0   2.72 105.04811 -66.04004  9045.31 8898.99 2.50 2.17 -70.5 -0.432    19.33 20.48 03a59726o0063o       0   41.679788
59725.724610 20.103715      NaN  -107    11 o    0   1.97 105.04811 -66.04004  9026.44 9010.94 2.62 2.32 -68.8 -0.428    19.34 20.70 03a59726o0085o       0   41.402956
59725.728552 18.489118      NaN    11    45 o    0   2.26 105.04811 -66.04004   518.21 8740.83 2.73 2.38 -37.8 -0.411    19.04 20.26 03a59726o0093o       0   60.151515
59725.731974 20.071303      NaN     1    11 o    0   2.64 105.04811 -66.04004   535.80 8779.39 2.68 2.34 -41.6 -0.409    19.39 20.78 03a59726o0100o       0   41.402956
59725.738059 20.103715      NaN   -12    11 o    0   1.85 105.04811 -66.04004   484.97 8705.13 2.63 2.28 -41.1 -0.412    19.41 20.79 03a59726o0113o       0   41.402956
59725.748692 20.103715      NaN   -26    11 o    0   2.10 105.04811 -66.04004   463.84 8823.92 2.59 2.25 -38.2 -0.410    19.41 20.78 03a59726o0135o       0   41.402956
59733.709902 19.169763      NaN    24    18 o    0   1.32 105.04811 -66.04004  4755.59 5076.71 2.55 2.37 -46.7 -0.428    19.05 20.04 03a59734o0050o       0   43.785897
59733.714926 19.766969      NaN     0    15 o    0   1.54 105.04811 -66.04004  4774.20 5115.78 2.48 2.33 -41.9 -0.435    19.16 20.26 03a59734o0061o       0   42.640412
59733.724562 19.384550 0.203576    64    12 o    0   2.54 105.04811 -66.04004  4719.17 5034.55 2.50 2.34 -45.2 -0.440    19.16 20.36 03a59734o0082o       0   41.679788
59733.727296 19.142275      NaN    38    14 o    0   1.67 105.04811 -66.04004  4695.76 5147.66 2.51 2.30 -44.6 -0.428    19.18 20.36 03a59734o0088o       0   42.298992
59743.950999 15.705404      NaN -1047   632 o    0   1.03 105.04811 -66.04004  8545.63 6719.69 2.71 2.46 -44.4 -0.398    15.44 15.15 04a59744o0030o 8388610  633.259192
59743.953875 16.859397      NaN   124   177 o    0   0.83 105.04811 -66.04004  8563.50 6760.50 2.91 2.63 -45.6 -0.363    16.52 16.39 04a59744o0036o 8388610  181.444771
59743.961104 16.632816      NaN  -442   269 o    0   1.07 105.04811 -66.04004  8502.60 6679.37 2.76 2.56 -36.0 -0.398    16.38 16.17 04a59744o0051o 8388610  271.945224
59743.971208 16.212959      NaN  -642   396 o    0   0.95 105.04811 -66.04004  8479.89 6797.15 2.78 2.54 -38.2 -0.372    15.47 15.20 04a59744o0071o 8388610  398.006539
59749.695647 17.430723      NaN   -43   129 o    0   1.23 105.04811 -66.04004  8667.61 1381.95 3.04 2.82  15.9 -0.419    16.98 17.00 03a59750o0031o       2  135.034087
59749.698507 17.288904      NaN  -300   147 o    0   1.06 105.04811 -66.04004  8686.51 1419.79 3.04 2.84  14.7 -0.409    17.15 17.44 03a59750o0037o       2  152.322699
59749.706219 18.666446      NaN    52    24 o    0   1.02 105.04811 -66.04004  8624.39 1331.41 3.06 2.85   9.9 -0.408    18.76 19.78 03a59750o0053o    8192   46.574722
59749.719439 19.569016      NaN   -55    18 o    0   1.92 105.04811 -66.04004  8595.48 1436.93 2.95 2.72   9.8 -0.420    18.96 20.21 03a59750o0079o    8192   43.785897
59778.181605 18.489118      NaN    11    45 o    0   1.04 105.04811 -66.04004  3375.81 9669.85 3.19 2.79 -40.4 -0.368    18.13 18.57 03a59778o1035o    8192   60.151515
59778.184335 18.286218      NaN     8    56 o    0   1.14 105.04811 -66.04004  3354.93 9628.22 3.60 3.26 -35.2 -0.367    17.77 18.19 03a59778o1041o    8192   68.769214
59778.187732 17.866751      NaN    58    67 o    0   1.23 105.04811 -66.04004  3414.96 9709.42 3.28 2.89 -36.2 -0.348    17.59 17.57 03a59778o1048o       2   77.988491
59778.190567 17.181178      NaN   208    93 o    0   1.32 105.04811 -66.04004  3439.60 9592.33 3.14 2.80 -41.2 -0.368    17.22 16.91 03a59778o1054o       2  101.203778
59804.350266 18.944322      NaN   -63    32 o    0   1.03 105.04811 -66.04004   728.73 3382.22 2.62 2.08  42.0 -0.352    18.33 18.95 04a59804o0847o       0   51.158623
59804.353028 19.089302      NaN   -58    28 o    0   1.56 105.04811 -66.04004   709.24 3341.59 2.69 2.09  43.6 -0.352    18.37 18.91 04a59804o0853o       0   48.756587
59804.358190 18.836735      NaN    28    26 o    0   1.69 105.04811 -66.04004   764.14 3423.96 2.45 1.92  42.6 -0.378    18.44 18.93 04a59804o0864o       0   47.636171
59804.381133 19.169763      NaN   -33    26 o    0   1.23 105.04811 -66.04004   782.37 3312.15 2.53 1.95  42.4 -0.372    18.50 19.15 04a59804o0914o       0   47.636171
59804.387140 18.249822      NaN    74    36 o    0   1.02 105.04811 -66.04004  9579.41 3402.54 2.89 2.23 -19.3 -0.386    18.34 19.03 04a59804o0927o       0   53.751323
59804.390870 19.014394      NaN   -73    30 o    0   1.42 105.04811 -66.04004  9559.38 3366.12 3.01 2.21 -21.8 -0.366    18.39 19.03 04a59804o0935o       0   49.932001
59804.395939 18.711133      NaN    32    29 o    0   1.15 105.04811 -66.04004  9616.19 3439.66 2.58 1.92 -21.2 -0.411    18.51 19.10 04a59804o0946o       0   49.337661
59804.414095 19.128787      NaN   -61    27 o    0   1.48 105.04811 -66.04004  9635.32 3324.99 2.63 1.93 -23.4 -0.390    18.58 19.15 04a59804o0985o       0   48.189260
59826.054105 19.922338      NaN     6    11 o    0   1.61 105.04811 -66.04004  4600.07 7595.34 2.68 2.34 -36.8 -0.377    19.39 20.96 03a59826o0734o       0   41.402956
59826.057312 20.009244      NaN   -28    12 o    0   1.35 105.04811 -66.04004  4580.92 7553.96 2.93 2.59 -36.1 -0.366    19.31 20.96 03a59826o0741o       0   41.679788
59826.078817 20.207197      NaN   -32    10 o    0   2.40 105.04811 -66.04004  4635.32 7631.05 2.84 2.50 -35.5 -0.374    19.32 20.91 03a59826o0785o       0   41.148569
59826.091785 20.009244      NaN   -53    12 o    0   1.61 105.04811 -66.04004  4658.37 7511.03 2.72 2.41 -35.2 -0.383    19.35 20.82 03a59826o0812o       0   41.679788
59844.295694 19.841877      NaN     6    12 o    0   2.99 105.04811 -66.04004  6816.11 7547.65 2.25 1.93 -68.1 -0.425    19.42 20.71 04a59844o0695o       0   41.679788
59844.312481 19.922338      NaN   -16    13 o    0   2.76 105.04811 -66.04004  6798.21 7515.77 2.16 1.93 -66.6 -0.423    19.41 20.74 04a59844o0730o       0   41.978623
59844.322569 20.103715      NaN   -75    11 o    0   4.21 105.04811 -66.04004  6860.14 7594.85 2.19 2.00 -60.5 -0.423    19.40 20.71 04a59844o0751o       0   41.402956
59844.328506 19.841877      NaN    -4    14 o    0   3.19 105.04811 -66.04004  6881.84 7476.52 2.19 1.89 -61.1 -0.426    19.38 20.72 04a59844o0763o       0   42.298992
59852.314906 19.922338      NaN     6    11 o    0   2.74 105.04811 -66.04004  5004.34 1775.28 1.92 1.86  13.6 -0.457    19.49 20.78 04a59852o0736o       0   41.402956
59852.317621 20.321591      NaN   -61     9 o    0   6.81 105.04811 -66.04004  4987.74 1736.82 1.91 1.82  -0.7 -0.453    19.51 20.80 04a59852o0742o       0   40.917047
59852.324534 19.719755      NaN    17    10 o    0   4.34 105.04811 -66.04004  5045.65 1816.50 1.93 1.83   2.4 -0.454    19.51 20.91 04a59852o0757o       0   41.148569
59852.347444 20.449472      NaN   -84     8 o    0   4.35 105.04811 -66.04004  5077.53 1703.93 1.91 1.86  37.0 -0.475    19.52 20.91 04a59852o0806o       0   40.708780
59856.347275 20.207197      NaN   -49    10 o    0   3.13 105.04811 -66.04004  5032.25 1788.18 2.34 2.21  22.5 -0.414    19.44 20.99 04a59856o0786o       0   41.148569
59856.350461 19.609992      NaN    19    11 o    0   1.79 105.04811 -66.04004  5016.74 1750.31 2.29 2.15   7.7 -0.426    19.44 20.98 04a59856o0793o       0   41.402956
59856.366211 20.137125      NaN     2    10 o    0   3.14 105.04811 -66.04004  5084.13 1833.55 2.38 2.26  -3.8 -0.412    19.41 20.99 04a59856o0827o       0   41.148569
59856.375946 20.207197      NaN   -51    10 o    0   2.69 105.04811 -66.04004  5111.08 1719.74 2.31 2.19  20.6 -0.409    19.35 20.85 04a59856o0848o       0   41.148569
59856.386718 19.401649      NaN   -46    21 o    0   1.17 105.04811 -66.04004  5086.45 1781.77 2.43 2.30  -8.4 -0.413    18.75 19.63 04a59856o0870o       0   45.102159
59858.027396 19.351140      NaN    -5    22 o    0   1.41 105.04811 -66.04004  5462.40 9643.07 2.83 2.29 -32.4 -0.373    18.60 19.34 03a59858o0631o       0   45.576362
59858.045437 19.510313      NaN   -20    19 o    0   1.73 105.04811 -66.04004  5436.94 9600.06 2.81 2.30 -31.6 -0.373    18.98 19.85 03a59858o0669o       0   44.206388
59858.048606 19.766969      NaN     0    15 o    0   1.74 105.04811 -66.04004  5497.30 9678.63 2.70 2.24 -33.6 -0.381    19.06 19.91 03a59858o0676o       0   42.640412
59858.066732 19.696897      NaN   -37    16 o    0   1.15 105.04811 -66.04004  5515.93 9560.75 2.82 2.38 -34.0 -0.377    19.11 20.16 03a59858o0714o       0   43.002381
59865.990814 19.256669      NaN     6    22 o    0   1.61 105.04811 -66.04004  7589.88 9544.75 2.90 2.28 -37.5 -0.406    18.75 19.48 03a59866o0557o    8192   45.576362
59865.994026 19.351140      NaN    -4    22 o    0   1.31 105.04811 -66.04004  7568.90 9505.44 2.78 2.26 -34.6 -0.403    18.78 19.49 03a59866o0564o    8192   45.576362
59866.004082 19.212347      NaN   -66    25 o    0   1.12 105.04811 -66.04004  7627.53 9586.84 2.92 2.39 -35.1 -0.400    18.73 19.48 03a59866o0584o    8192   47.097821
59866.019104 19.256669      NaN   -19    24 o    0   0.85 105.04811 -66.04004  7645.45 9471.73 2.80 2.25 -37.1 -0.406    18.75 19.46 03a59866o0616o    8192   46.574722
59868.248251 19.696897      NaN   -78    16 o    0   1.60 105.04811 -66.04004  5809.12 3800.79 1.93 1.78 -31.7 -0.442    19.25 20.39 04a59868o0509o       0   43.002381
59868.251455 19.841877      NaN   -23    14 o    0   1.47 105.04811 -66.04004  5790.85 3763.09 1.99 1.81 -41.0 -0.445    19.27 20.39 04a59868o0516o       0   42.298992
59868.254635 20.103715      NaN   -27    11 o    0   2.89 105.04811 -66.04004  5847.90 3840.03 1.90 1.74 -35.3 -0.452    19.29 20.35 04a59868o0523o       0   41.402956
59868.278688 19.922338 0.361912    39    13 o    0   3.25 105.04811 -66.04004  5878.41 3728.36 1.91 1.77 -38.2 -0.446    19.32 20.40 04a59868o0575o       0   41.978623
59870.099093 18.232071      NaN    59    42 o    0   1.07 105.04811 -66.04004  7540.39 9549.42 2.78 2.43 -42.6 -0.401    18.00 18.92 03a59870o0733o       0   57.941391
59870.107194 19.038793      NaN     1    29 o    0   0.94 105.04811 -66.04004  7516.72 9511.45 2.74 2.29 -48.4 -0.420    18.52 19.46 03a59870o0748o       0   49.337661
59870.110125 19.569016      NaN    -4    18 o    0   1.55 105.04811 -66.04004  7580.64 9584.22 2.63 2.25 -42.3 -0.407    19.03 20.04 03a59870o0754o       0   43.785897
59870.113769 19.631075      NaN   -20    17 o    0   1.87 105.04811 -66.04004  7601.04 9472.01 2.64 2.23 -46.7 -0.406    18.99 20.01 03a59870o0762o       0   43.384384
59872.345454 20.449472      NaN   -41     8 o    0   5.02 105.04811 -66.04004  5882.53 3839.03 2.12 1.95 -14.6 -0.414    19.41 20.69 04a59872o0690o    8192   40.708780
59882.089000 20.449472      NaN    -2     8 o    0   3.49 105.04811 -66.04004  4944.18 1689.58 2.37 2.14 -48.1 -0.415    19.35 20.73 03a59882o0746o       0   40.708780
59882.094156 19.569016      NaN   -60    18 o    0   2.05 105.04811 -66.04004  4927.98 1648.99 2.28 2.03 -50.0 -0.414    18.89 20.11 03a59882o0757o       0   43.785897
59882.100786 19.696897      NaN    -2    16 o    0   1.75 105.04811 -66.04004  4980.20 1729.57 2.22 2.07 -47.7 -0.418    18.88 20.06 03a59882o0771o       0   43.002381
59882.109266 19.401649      NaN    15    16 o    0   2.19 105.04811 -66.04004  4999.65 1610.09 2.34 2.01 -52.5 -0.404    18.71 19.60 03a59882o0789o       0   43.002381
59888.279106 19.766969      NaN    -3    15 o    0   1.44 105.04811 -66.04004  2791.22 7731.42 2.28 1.85 -77.6 -0.390    19.01 19.76 04a59888o0620o       0   42.640412
59888.281812 19.569016      NaN   -32    18 o    0   1.54 105.04811 -66.04004  2772.63 7692.33 2.33 1.89 -84.8 -0.390    19.01 19.78 04a59888o0626o       0   43.785897
59888.286809 19.367717      NaN    17    16 o    0   2.07 105.04811 -66.04004  2839.10 7774.61 2.21 1.84 -81.0 -0.400    19.02 19.78 04a59888o0637o       0   43.002381
59888.309163 19.841877      NaN    -3    14 o    0   2.41 105.04811 -66.04004  2881.28 7665.14 2.15 1.78 -81.0 -0.404    19.11 19.90 04a59888o0685o       0   42.298992
59892.303023 14.080420      NaN   615  2618 o    0   0.99 105.04811 -66.04004  1459.05 1828.41 2.77 1.97  48.3 -0.415    15.29 15.17 04a59892o0660o 8388610 2618.304261
59892.305118 14.822660      NaN   171  1368 o    0   1.04 105.04811 -66.04004  1442.67 1788.39 2.68 1.96  47.6 -0.389    14.56 14.22 04a59892o0664o 8388610 1368.582188
59892.307821 15.598596      NaN   634   486 o    0   0.79 105.04811 -66.04004  1499.85 1872.25 2.64 2.03  48.4 -0.426    14.94 14.67 04a59892o0670o 8388610  487.636345
59892.326036 16.593186      NaN  -231   279 o    0   1.51 105.04811 -66.04004  1539.25 1764.84 2.55 1.98  45.1 -0.427    16.11 15.93 04a59892o0707o 8388610  281.840744
59892.335853 17.014129      NaN     7   187 o    0   1.22 105.04811 -66.04004 10064.71 1777.97 3.29 2.47 -17.8 -0.334    16.03 15.94 04a59892o0728o 8388610  191.212460
59892.340616 16.514394      NaN   339   187 o    0   0.91 105.04811 -66.04004 10051.87 1739.50 3.36 2.37 -22.2 -0.327    16.37 16.54 04a59892o0737o 8388610  191.212460
59892.343318 16.881162      NaN   -95   214 o    0   0.99 105.04811 -66.04004 10109.09 1814.31 3.65 2.53 -24.6 -0.298    16.28 16.46 04a59892o0743o 8388610  217.690617
59892.349045 16.678148      NaN  -442   258 o    0   1.17 105.04811 -66.04004 10137.38 1695.82 3.34 2.36 -21.7 -0.319    16.55 16.63 04a59892o0754o 8388610  261.069349
59894.044726 19.302877      NaN   -23    23 o    0   0.90 105.04811 -66.04004  1752.26 5422.52 2.75 2.46 -59.9 -0.403    18.84 19.73 03a59894o0641o       0   46.067394
59894.047436 19.510313      NaN   -17    19 o    0   1.26 105.04811 -66.04004  1733.19 5382.63 2.77 2.54 -65.1 -0.389    18.83 19.73 03a59894o0647o       0   44.206388
59894.070569 19.454622      NaN   -37    20 o    0   1.27 105.04811 -66.04004  1783.86 5463.97 2.90 2.61 -58.8 -0.407    18.80 19.72 03a59894o0695o       0   44.645322
59894.099475 19.128787      NaN   -51    27 o    0   1.36 105.04811 -66.04004  8572.96 5160.95 2.68 2.41 -53.7 -0.391    18.45 18.90 03a59894o0753o       0   48.189260
59896.242823 19.569016      NaN   -24    18 o    0   1.73 105.04811 -66.04004  1410.65 1817.76 2.97 2.27  48.4 -0.395    19.00 20.18 04a59896o0057o       0   43.785897
59896.245564 19.351140      NaN    18    16 o    0   1.96 105.04811 -66.04004  1395.61 1777.39 2.92 2.23  48.9 -0.408    19.00 20.18 04a59896o0063o       0   43.002381
59896.250799 19.631075      NaN   -39    17 o    0   1.96 105.04811 -66.04004  1454.74 1860.78 2.90 2.22  49.2 -0.408    19.02 20.19 04a59896o0074o       0   43.384384
59896.281699 19.183773      NaN    32    15 o    0   1.58 105.04811 -66.04004  1501.26 1753.33 3.08 2.32  51.3 -0.375    19.02 20.26 04a59896o0141o       0   42.640412
59896.290762 19.589310      NaN    11    14 o    0   3.23 105.04811 -66.04004 10031.51 1764.33 3.53 2.24 -28.4 -0.348    19.09 20.19 04a59896o0161o       0   42.298992
59896.293468 19.155932      NaN    25    18 o    0   1.52 105.04811 -66.04004 10016.58 1727.59 3.71 2.32 -29.6 -0.342    19.06 20.20 04a59896o0167o       0   43.785897
59896.299799 19.569016      NaN    -6    18 o    0   1.37 105.04811 -66.04004 10074.51 1802.04 3.49 2.21 -27.3 -0.358    19.10 20.23 04a59896o0181o       0   43.785897
59896.309661 18.776955      NaN    49    21 o    0   1.28 105.04811 -66.04004 10104.89 1685.95 3.59 2.35 -26.2 -0.336    19.09 20.15 04a59896o0202o       0   45.102159
59898.006837 19.841877      NaN   -24    14 o    0   1.84 105.04811 -66.04004  5690.45 3739.59 2.27 2.00 -53.1 -0.419    19.21 20.34 03a59898o0533o       0   42.298992
59898.009998 19.922338      NaN   -87    13 o    0   2.81 105.04811 -66.04004  5672.71 3699.84 2.15 2.01 -37.4 -0.453    19.33 20.46 03a59898o0540o       0   41.978623
59898.015413 19.922338      NaN     3    12 o    0   2.15 105.04811 -66.04004  5725.28 3779.41 2.25 1.97 -52.7 -0.419    19.35 20.51 03a59898o0552o       0   41.679788
59898.028723 20.009244      NaN   -41    12 o    0   2.25 105.04811 -66.04004  5746.80 3662.70 2.20 1.93 -51.5 -0.425    19.38 20.47 03a59898o0580o       0   41.679788
59900.286515 20.321591      NaN   -45     9 o    0   5.68 105.04811 -66.04004  5896.15 5578.74 2.15 1.88 -26.0 -0.413    19.36 20.65 04a59900o0606o       0   40.917047
59900.309824 20.207197      NaN   -32    10 o    0   5.48 105.04811 -66.04004  5903.17 5546.86 1.95 1.72 -22.5 -0.421    19.43 20.66 04a59900o0656o       0   41.148569
59900.312080 20.207197      NaN   -76    10 o    0   5.85 105.04811 -66.04004  5963.72 5627.01 1.98 1.74 -24.5 -0.412    19.44 20.69 04a59900o0661o       0   41.148569
59900.317597 20.207197      NaN   -49    10 o    0   3.38 105.04811 -66.04004  5989.08 5513.05 2.04 1.88 -25.6 -0.419    19.41 20.71 04a59900o0673o       0   41.148569
59904.221304 20.449472      NaN   -61     8 o    0   5.89 105.04811 -66.04004  5847.11 5555.99 2.14 1.89 -42.8 -0.409    19.50 21.06 04a59904o0476o       0   40.708780
59904.224011 19.743105      NaN    16    10 o    0   4.40 105.04811 -66.04004  5831.11 5518.47 2.01 1.80 -42.9 -0.413    19.57 21.06 04a59904o0482o       0   41.148569
59904.246579 20.207197      NaN   -11    10 o    0   4.66 105.04811 -66.04004  5906.61 5606.56 2.12 1.89 -51.8 -0.422    19.55 21.16 04a59904o0531o       0   41.148569
59904.254720 19.549093      NaN    22    11 o    0   2.51 105.04811 -66.04004  5932.24 5496.28 2.13 1.87 -40.5 -0.423    19.57 21.13 04a59904o0549o       0   41.402956
59908.281512 20.207197      NaN   -14    10 o    0   2.69 105.04811 -66.04004  6894.58 1687.72 2.25 1.87 -15.8 -0.427    19.47 20.81 04a59908o0587o       0   41.148569
59908.305264 19.922338      NaN   -82    13 o    0   2.89 105.04811 -66.04004  6902.01 1655.04 2.21 1.91 -15.9 -0.438    19.47 20.79 04a59908o0636o       0   41.978623
59908.310703 20.321591      NaN   -23     9 o    0   4.75 105.04811 -66.04004  6963.17 1733.98 2.15 1.85 -18.8 -0.442    19.51 20.79 04a59908o0648o       0   40.917047
59908.312532 20.103715      NaN    -2    11 o    0   2.86 105.04811 -66.04004  6983.04 1616.59 2.20 1.91 -14.2 -0.428    19.47 20.82 04a59908o0652o       0   41.402956
59908.353538 19.351140      NaN   -61    22 o    0   2.09 105.04811 -66.04004  3882.81 8969.27 2.31 1.69 -73.1 -0.457    18.97 19.62 04a59908o0738o       0   45.576362
59912.277974 20.207197      NaN   -22    10 o    0   1.83 105.04811 -66.04004  6903.73 1689.12 2.45 2.05  -8.0 -0.403    19.49 20.96 04a59912o0583o       0   41.148569
59912.279779 20.207197      NaN   -29    10 o    0   3.10 105.04811 -66.04004  6889.67 1650.47 2.30 1.99 -14.6 -0.416    19.54 20.96 04a59912o0587o       0   41.148569
59912.282932 20.321591      NaN   -97     9 o    0   3.69 105.04811 -66.04004  6945.15 1729.01 2.34 1.99 -15.0 -0.413    19.50 20.99 04a59912o0594o       0   40.917047
59912.295161 20.207197      NaN   -83    10 o    0   4.18 105.04811 -66.04004  3872.81 9069.08 2.45 1.76 -78.1 -0.430    19.51 20.88 04a59912o0620o       0   41.148569
59916.249118 18.816441      NaN    51    19 o    0   1.30 105.04811 -66.04004  2057.71 9353.21 2.56 1.94 -75.7 -0.393    19.12 19.96 04a59916o0511o       0   44.206388
59916.251827 19.226921      NaN    20    18 o    0   1.47 105.04811 -66.04004  2041.52 9313.22 2.53 1.93 -79.3 -0.389    19.08 19.99 04a59916o0517o       0   43.785897
59916.258262 19.212347      NaN    18    19 o    0   1.10 105.04811 -66.04004  2111.31 9397.93 2.54 1.94 -76.7 -0.401    19.17 20.01 04a59916o0530o       0   44.206388
59916.263392 19.436675 0.249185    61    14 o    0   1.95 105.04811 -66.04004  2138.60 9283.81 2.46 1.95 -79.2 -0.389    19.19 20.11 04a59916o0541o       0   42.298992
59920.227512 18.944322      NaN    12    28 o    0   1.17 105.04811 -66.04004  2042.45 9347.24 2.74 2.06 -79.3 -0.365    18.65 19.14 04a59920o0456o       0   48.756587
59920.230711 18.944322      NaN    30    22 o    0   1.85 105.04811 -66.04004  2025.04 9308.15 2.64 1.99 -80.8 -0.369    18.67 19.19 04a59920o0463o       0   45.576362
59920.237071 19.002397      NaN    19    24 o    0   1.49 105.04811 -66.04004  2095.43 9392.32 2.56 1.98 -80.3 -0.381    18.71 19.19 04a59920o0477o       0   46.574722
59920.257373 19.351140 0.361912    66    22 o    0   1.94 105.04811 -66.04004  2140.32 9283.66 2.62 2.16 -84.9 -0.361    18.71 19.20 04a59920o0521o       0   45.576362
59921.966919 19.089302      NaN   -36    28 o    0   1.67 105.04811 -66.04004  1302.94 1576.66 2.73 2.43 -74.2 -0.386    18.28 18.84 03a59922o0437o       0   48.756587
59921.970168 18.504094      NaN    39    35 o    0   1.49 105.04811 -66.04004  1285.24 1535.47 2.91 2.60 -83.3 -0.398    18.32 18.94 03a59922o0444o       0   53.086766
59921.973008 19.038793      NaN    16    24 o    0   1.14 105.04811 -66.04004  1338.07 1620.80 2.60 2.31 -72.6 -0.391    18.60 19.15 03a59922o0450o       0   46.574722
59921.996835 19.351140      NaN  -102    22 o    0   2.09 105.04811 -66.04004  9002.26 8993.41 2.66 2.14 -51.6 -0.401    18.63 19.00 03a59922o0502o       0   45.576362
59922.010410 18.702047      NaN    33    29 o    0   0.94 105.04811 -66.04004  9884.64 1800.67 2.51 2.07 -60.2 -0.379    18.68 19.13 03a59922o0531o    8192   49.337661
59922.015425 16.540028      NaN  -583   293 o    0   1.08 105.04811 -66.04004  9866.83 1764.64 2.65 2.26 -62.6 -0.401    17.66 17.96 03a59922o0542o       2  295.706281
59922.017250 18.163834      NaN    11    62 o    0   1.28 105.04811 -66.04004  9918.55 1838.76 2.51 2.09 -59.1 -0.376    17.37 17.73 03a59922o0546o       2   73.737404
59922.023182 17.949472      NaN  -238    80 o    0   0.99 105.04811 -66.04004  9942.98 1720.60 2.40 2.03 -59.3 -0.399    18.23 18.66 03a59922o0559o       2   89.404724
59924.275880 18.889197      NaN    50    17 o    0   1.99 105.04811 -66.04004  3326.77 4735.77 2.04 1.84 -85.2 -0.406    18.80 19.40 04a59924o0566o       0   43.384384
59924.279042 20.009244      NaN   -64    12 o    0   3.67 105.04811 -66.04004  3344.12 4771.19 2.03 1.82 -83.3 -0.411    18.86 19.49 04a59924o0573o       0   41.679788
59924.288920 19.631075      NaN   -42    17 o    0   2.74 105.04811 -66.04004  3282.04 4689.04 2.07 1.91  86.3 -0.403    18.84 19.47 04a59924o0593o       0   43.384384
59924.299569 19.351140      NaN   -44    22 o    0   1.37 105.04811 -66.04004  3257.08 4798.36 2.25 2.07 -87.9 -0.410    18.72 19.45 04a59924o0615o       0   45.576362
59928.220558 19.287255      NaN    28    14 o    0   3.93 105.04811 -66.04004  7520.82 5922.38 2.18 1.74 -19.0 -0.437    19.33 20.38 04a59928o0429o       0   42.298992
59928.251905 20.103715      NaN   -59    11 o    0   3.04 105.04811 -66.04004  7537.61 5893.98 2.13 1.74 -18.8 -0.446    19.31 20.37 04a59928o0494o       0   41.402956
59928.254751 19.922338      NaN   -39    13 o    0   2.34 105.04811 -66.04004  7597.86 5969.86 2.20 1.77 -17.7 -0.438    19.30 20.33 04a59928o0500o       0   41.978623
59928.257904 19.922338      NaN   -34    13 o    0   2.70 105.04811 -66.04004  7621.66 5854.16 2.17 1.76 -20.1 -0.434    19.30 20.30 04a59928o0507o       0   41.978623
59932.351546 19.256669      NaN   -65    24 o    0   1.46 105.04811 -66.04004 10000.05 2989.47 2.83 1.96 -21.9 -0.382    18.71 19.27 04a59932o0700o    8192   46.574722
59933.950978 20.071303      NaN     4    10 o    0   1.96 105.04811 -66.04004  4401.33 1220.27 2.51 2.20 -69.9 -0.401    19.51 21.12 03a59934o0383o       0   41.148569
59933.952785 20.009244      NaN     6    10 o    0   2.74 105.04811 -66.04004  4384.62 1186.47 2.44 2.21 -73.9 -0.399    19.52 21.09 03a59934o0387o       0   41.148569
59933.958662 20.103715      NaN   -29    11 o    0   1.99 105.04811 -66.04004  4448.09 1283.06 2.38 2.16 -68.1 -0.396    19.51 21.02 03a59934o0400o       0   41.402956
59933.964559 20.321591      NaN   -12     9 o    0   3.39 105.04811 -66.04004  4477.23 1183.51 2.40 2.27 -67.3 -0.397    19.49 21.07 03a59934o0413o       0   40.917047
59938.066442 20.009244      NaN     6    10 o    0   1.89 105.04811 -66.04004  4945.63 4759.34 2.34 2.04 -56.8 -0.404    19.38 20.85 03a59938o0509o       0   41.148569
59938.070099 19.609992 0.313193    52    15 o    0   1.98 105.04811 -66.04004  4965.00 4787.34 2.33 2.01 -59.6 -0.406    18.85 20.22 03a59938o0517o       0   42.640412
59938.082033 19.226921      NaN    20    18 o    0   1.79 105.04811 -66.04004  4922.02 4676.37 2.35 1.99 -59.5 -0.405    18.83 20.12 03a59938o0543o       0   43.785897
59938.087280 18.786693      NaN  -183    37 o    0   1.70 105.04811 -66.04004  4909.42 4782.52 2.47 2.05 -54.9 -0.391    17.82 18.97 03a59938o0554o    4096   54.426140
59941.931607 20.103715      NaN   -34    11 o    0   1.24 105.04811 -66.04004  3069.56 7441.20 2.61 2.29 -56.4 -0.375    19.45 20.95 03a59942o0345o       0   41.402956
59941.933424 20.009244      NaN    -4    12 o    0   1.93 105.04811 -66.04004  3050.30 7406.40 2.47 2.26 -63.4 -0.382    19.45 20.93 03a59942o0349o       0   41.679788
59941.936594 20.207197      NaN    -6    10 o    0   1.97 105.04811 -66.04004  3118.26 7496.13 2.48 2.30 -67.5 -0.376    19.44 20.93 03a59942o0356o       0   41.148569
59941.960611 20.009244      NaN   -20    12 o    0   1.96 105.04811 -66.04004  3170.63 7438.89 2.60 2.30 -69.1 -0.367    19.38 20.74 03a59942o0407o       0   41.679788
59941.973927 19.841877      NaN     6    12 o    0   1.92 105.04811 -66.04004  4893.77 5050.83 2.45 2.27 -58.8 -0.387    19.34 20.77 03a59942o0435o       0   41.679788
59945.972016 19.696897      NaN   -27    16 o    0   0.94 105.04811 -66.04004  7082.77 7453.59 2.45 2.14 -60.1 -0.398    19.24 20.40 03a59946o0430o       0   43.002381
59945.975627 19.922338      NaN   -31    13 o    0   1.74 105.04811 -66.04004  7096.98 7483.84 2.40 2.05 -59.4 -0.402    19.32 20.43 03a59946o0438o       0   41.978623
59945.996381 20.009244      NaN   -14    12 o    0   2.35 105.04811 -66.04004  7041.56 7350.32 2.42 2.04 -60.9 -0.406    19.44 20.76 03a59946o0482o       0   41.679788
59946.004081 19.609992      NaN    19    11 o    0   2.20 105.04811 -66.04004  7023.68 7441.81 2.54 2.14 -58.0 -0.404    19.43 20.91 03a59946o0499o    8192   41.402956
59948.154673 19.241693 0.327208    73    22 o    0   1.88 105.04811 -66.04004  3666.00 9815.37 2.80 2.19 -79.3 -0.365    18.78 19.46 04a59948o0287o       0   45.576362
59948.156475 19.076453      NaN    10    25 o    0   0.85 105.04811 -66.04004  3646.97 9776.47 2.79 2.16 -74.6 -0.376    18.76 19.46 04a59948o0291o       0   47.097821
59948.159628 18.720295      NaN    58    20 o    0   2.07 105.04811 -66.04004  3712.51 9858.31 2.75 2.10 -75.2 -0.379    18.77 19.49 04a59948o0298o       0   44.645322
59952.181481 18.910912      NaN    33    22 o    0   1.56 105.04811 -66.04004  7233.61  882.87 2.35 1.86 -25.5 -0.424    18.69 19.18 04a59952o0344o       0   45.576362
59952.195781 19.183773      NaN    17    20 o    0   1.81 105.04811 -66.04004  7245.68  912.85 2.37 1.93 -22.0 -0.415    18.71 19.20 04a59952o0375o       0   44.645322
59952.199932 19.256669      NaN   -44    24 o    0   1.53 105.04811 -66.04004  7181.17  829.09 2.40 1.98 -21.0 -0.423    18.66 19.21 04a59952o0384o       0   46.574722
59952.205182 19.401649      NaN   -71    21 o    0   1.74 105.04811 -66.04004  7154.09  942.25 2.23 1.85 -21.6 -0.444    18.72 19.20 04a59952o0395o       0   45.102159
59953.903979 19.766969      NaN   -84    15 o    0   2.47 105.04811 -66.04004  6010.37 1668.79 2.34 2.11 -64.8 -0.414    19.05 19.95 03a59954o0270o       0   42.640412
59953.906236 19.674510 0.332368    49    15 o    0   1.60 105.04811 -66.04004  5996.28 1637.36 2.27 2.02 -59.7 -0.422    19.08 19.95 03a59954o0275o       0   42.640412
59953.909409 19.696897      NaN   -40    16 o    0   1.58 105.04811 -66.04004  6055.98 1723.34 2.29 2.07 -64.1 -0.423    19.08 19.94 03a59954o0282o       0   43.002381
59953.914830 19.318728      NaN    23    15 o    0   1.74 105.04811 -66.04004  6085.90 1620.33 2.24 2.03 -58.6 -0.422    19.09 19.91 03a59954o0294o       0   42.640412
59956.195725 18.729535      NaN   -80    39 o    0   1.11 105.04811 -66.04004  6886.89 5029.83 2.58 2.25  29.5 -0.663    18.88 19.95 04a59956o0372o       0   55.805060
59956.198688 18.729535      NaN  -253    39 o    0   1.69 105.04811 -66.04004  6904.66 5066.67 2.45 2.16  48.4 -0.761    18.87 19.91 04a59956o0378o       0   55.805060
59956.227359 19.014394      NaN  -104    30 o    0   1.50 105.04811 -66.04004  6830.21 4970.46 2.75 2.37  32.7 -0.567    18.81 19.94 04a59956o0435o       0   49.932001
59956.232706 18.944322      NaN   -85    32 o    0   2.88 105.04811 -66.04004  6805.29 5081.62 2.54 2.22  40.0 -0.653    18.83 19.89 04a59956o0446o       0   51.158623
59957.927928 14.108076      NaN -3596  2752 o    0   1.05 105.04811 -66.04004  4403.82  717.89 2.23 1.99 -72.6 -0.412    15.19 16.00 03a59958o0324o 8388610 2752.289448
59957.938406 16.023109      NaN    53   454 o    0   1.38 105.04811 -66.04004  4356.66  650.97 2.23 2.01 -60.1 -0.387    15.53 16.41 03a59958o0347o 8388610  455.751253
59957.949344 16.498823      NaN    82   277 o    0   0.84 105.04811 -66.04004  4328.66  738.52 2.29 2.05 -68.7 -0.393    16.06 16.84 03a59958o0371o 8388610  279.861045
59960.163917 19.212347 0.173718    75    12 o    0   6.50 105.04811 -66.04004  6894.15 5033.79 2.22 1.98 -29.9 -0.411    19.49 21.06 04a59960o0303o       0   41.679788
59960.166639 20.449472      NaN   -91     8 o    0   5.20 105.04811 -66.04004  6912.55 5071.17 2.19 1.91 -32.7 -0.412    19.48 21.03 04a59960o0309o       0   40.708780
59960.171600 20.103715 0.296110    33     9 o    0   3.69 105.04811 -66.04004  6851.58 4987.75 2.12 1.83 -32.2 -0.418    19.52 21.05 04a59960o0320o       0   40.917047
59960.181088 20.321591      NaN   -62     9 o    0   2.64 105.04811 -66.04004  6825.43 5095.98 2.18 1.91 -32.5 -0.413    19.50 21.08 04a59960o0341o       0   40.917047
59964.191709 19.529530 0.213270    56    11 o    0   4.06 105.04811 -66.04004   830.30 1258.32 2.85 1.81  42.6 -0.427    19.38 20.75 04a59964o0363o       0   41.402956
59964.194872 20.009244 0.361912    36    12 o    0   2.24 105.04811 -66.04004   849.28 1292.56 2.50 1.74  41.2 -0.470    19.46 20.77 04a59964o0370o       0   41.679788
59964.202124 19.102305      NaN    41    14 o    0   2.21 105.04811 -66.04004   779.18 1213.98 2.77 1.77  44.2 -0.439    19.42 20.78 04a59964o0386o       0   42.298992
59964.216586 20.103715      NaN   -64    11 o    0   2.39 105.04811 -66.04004   747.53 1323.51 2.79 1.78  44.6 -0.423    19.42 20.73 04a59964o0418o       0   41.402956
59968.190698 19.841877      NaN   -11    14 o    0   2.37 105.04811 -66.04004   829.23 1252.09 2.35 1.70  43.4 -0.502    19.37 20.54 04a59968o0305o       0   42.298992
59968.193399 19.894850      NaN     1    13 o    0   3.22 105.04811 -66.04004   848.58 1287.49 2.30 1.78  41.8 -0.505    19.34 20.57 04a59968o0311o       0   41.978623
59968.203762 20.103715      NaN   -63    11 o    0   4.52 105.04811 -66.04004   778.49 1207.17 2.33 1.69  39.8 -0.509    19.36 20.53 04a59968o0334o       0   41.402956
59968.208734 20.103715      NaN   -62    11 o    0   5.84 105.04811 -66.04004   751.98 1323.88 2.30 1.69  41.1 -0.507    19.41 20.57 04a59968o0345o       0   41.402956
59972.154566 20.103715      NaN   -56    11 o    0   4.03 105.04811 -66.04004  1373.99 4926.14 2.08 1.87  67.6 -0.413    19.41 20.63 04a59972o0286o       0   41.402956
59972.157335 20.207197      NaN   -59    10 o    0   2.60 105.04811 -66.04004  1391.53 4961.00 2.06 1.87  71.8 -0.417    19.42 20.63 04a59972o0292o       0   41.148569
59972.190161 19.491430      NaN    16    14 o    0   2.32 105.04811 -66.04004  1316.06 4866.40 2.02 1.80  75.1 -0.426    19.43 20.62 04a59972o0363o       0   42.298992
59972.195594 19.271854      NaN    35    12 o    0   2.51 105.04811 -66.04004  1293.04 4978.72 2.03 1.85  78.6 -0.422    19.39 20.62 04a59972o0375o       0   41.679788
59973.891758 19.841877      NaN   -48    14 o    0   1.38 105.04811 -66.04004  8500.31 6805.30 2.89 2.58 -54.9 -0.393    19.13 20.52 03a59974o0270o       0   42.298992
59973.895369 19.631075      NaN     9    14 o    0   1.49 105.04811 -66.04004  8516.88 6845.83 2.76 2.46 -58.9 -0.392    19.20 20.52 03a59974o0278o       0   42.298992
59973.902162 19.841877      NaN   -23    14 o    0   1.67 105.04811 -66.04004  8463.67 6764.62 2.78 2.57 -58.0 -0.388    19.18 20.54 03a59974o0292o       0   42.298992
59973.914395 19.436675      NaN    25    12 o    0   2.65 105.04811 -66.04004  8439.85 6877.52 2.81 2.49 -56.2 -0.382    19.18 20.57 03a59974o0319o       0   41.679788
59976.170112 19.454622      NaN   -74    20 o    0   1.36 105.04811 -66.04004  1362.40 4904.17 2.37 2.07  66.8 -0.399    18.91 19.89 04a59976o0333o       0   44.645322
59976.173272 19.454622      NaN   -46    20 o    0   1.42 105.04811 -66.04004  1380.04 4939.45 2.23 2.00  72.0 -0.407    18.94 19.85 04a59976o0340o       0   44.645322
59976.178679 19.549093      NaN     4    17 o    0   1.67 105.04811 -66.04004  1318.17 4863.74 2.20 1.94  67.3 -0.408    18.99 19.87 04a59976o0352o       0   43.384384
59976.188608 19.026525      NaN    26    21 o    0   0.97 105.04811 -66.04004  1291.41 4975.61 2.11 1.88  77.0 -0.418    19.02 19.88 04a59976o0374o       0   45.102159
59977.866791 19.142275      NaN    32    16 o    0   1.55 105.04811 -66.04004  7183.60  877.64 2.33 2.10 -53.9 -0.394    18.99 19.77 03a59978o0223o       0   43.002381
59977.870057 19.696897      NaN   -67    16 o    0   1.87 105.04811 -66.04004  7203.17  919.22 2.29 2.05 -55.6 -0.405    18.99 19.77 03a59978o0230o       0   43.002381
59977.901623 19.696897      NaN   -57    16 o    0   1.49 105.04811 -66.04004  7143.36  840.06 2.23 2.05 -47.9 -0.413    19.03 19.77 03a59978o0298o       0   43.002381
59977.907958 19.696897      NaN   -54    16 o    0   2.81 105.04811 -66.04004  7115.42  954.02 2.23 2.00 -57.8 -0.410    19.04 19.78 03a59978o0312o       0   43.002381
59980.130797 19.014394      NaN    -8    30 o    0   1.26 105.04811 -66.04004  7528.75 8823.76 2.85 2.43 -62.3 -0.396    18.46 19.16 04a59980o0245o       0   49.932001
59980.134419 18.748255      NaN    31    28 o    0   1.16 105.04811 -66.04004  7544.72 8861.42 2.86 2.43 -64.0 -0.395    18.47 19.16 04a59980o0253o       0   48.756587
59980.139859 18.776955      NaN    25    29 o    0   1.28 105.04811 -66.04004  7488.56 8776.58 2.83 2.35 -67.4 -0.388    18.51 19.16 04a59980o0265o       0   49.337661
59980.150239 19.128787      NaN   -78    27 o    0   1.46 105.04811 -66.04004  7464.28 8886.41 2.62 2.25 -64.6 -0.415    18.57 19.17 04a59980o0288o       0   48.189260
59981.924664 19.401649      NaN    12    17 o    0   2.97 105.04811 -66.04004  7182.84  887.64 2.19 1.98 -50.1 -0.411    18.91 19.54 03a59982o0186o    8192   43.384384
59981.927830 17.296315      NaN   -51   146 o    0   1.12 105.04811 -66.04004  7201.34  927.52 2.25 2.00 -50.0 -0.410    17.23 18.04 03a59982o0193o       2  151.357870
59981.944409 18.048890      NaN  -153    73 o    0   1.06 105.04811 -66.04004  7112.77  958.08 2.21 1.97 -52.1 -0.427    17.71 18.60 03a59982o0229o       2   83.199788
59984.124761 19.510313      NaN   -12    19 o    0   1.83 105.04811 -66.04004  7534.25 8818.70 2.33 2.03 -39.5 -0.407    18.91 19.81 04a59984o0246o       0   44.206388
59984.133875 19.766969      NaN   -16    15 o    0   2.75 105.04811 -66.04004  7545.19 8853.93 2.51 2.14 -64.4 -0.415    18.93 19.82 04a59984o0265o       0   42.640412
59984.137040 19.142275      NaN    20    20 o    0   1.32 105.04811 -66.04004  7488.79 8771.50 2.51 2.15 -61.5 -0.414    18.93 19.79 04a59984o0272o       0   44.645322
59984.147039 19.401649      NaN   -22    21 o    0   3.39 105.04811 -66.04004  7467.16 8880.94 2.29 2.03 -51.8 -0.432    18.94 19.74 04a59984o0293o       0   45.102159
59986.856095 20.207197      NaN   -53    10 o    0   3.80 105.04811 -66.04004  7955.10 1155.01 2.23 2.17   8.1 -0.444    19.47 20.87 03a59987o0214o       0   41.148569
59986.859260 19.922338 0.278394    39    10 o    0   2.95 105.04811 -66.04004  7970.78 1186.96 2.32 2.13 -64.8 -0.414    19.41 20.82 03a59987o0221o       0   41.148569
59986.866035 20.009244      NaN   -56    12 o    0   2.36 105.04811 -66.04004  7912.38 1086.37 2.22 2.02 -59.5 -0.421    19.44 20.72 03a59987o0236o       0   41.679788
59986.878727 20.009244      NaN   -12    12 o    0   3.95 105.04811 -66.04004  7885.68 1167.80 2.22 1.99 -60.9 -0.416    19.38 20.54 03a59987o0264o       0   41.679788
59994.842010 20.009244      NaN   -26    12 o    0   1.47 105.04811 -66.04004   803.73 1110.03 2.55 2.14 -74.7 -0.425    19.54 21.05 03a59995o0192o       0   41.679788
59994.845178 20.321591      NaN   -17     9 o    0   3.83 105.04811 -66.04004   823.17 1148.80 2.37 2.02 -68.9 -0.431    19.56 21.06 03a59995o0199o       0   40.917047
59994.854721 20.321591      NaN   -85     9 o    0   2.28 105.04811 -66.04004   760.29 1074.02 2.57 2.13 -73.3 -0.425    19.53 21.09 03a59995o0220o       0   40.917047
59994.887909 20.207197      NaN   -10    10 o    0   2.68 105.04811 -66.04004   736.60 1195.78 2.55 2.33 -79.6 -0.411    19.51 21.06 03a59995o0291o       0   41.148569
59998.897959 19.922338 0.278394    39    10 o    0   2.86 105.04811 -66.04004   790.98 1119.54 2.34 2.12 -76.5 -0.426    19.62 21.16 03a59999o0309o       0   41.148569
59998.901112 19.674510      NaN    19    10 o    0   2.79 105.04811 -66.04004   811.52 1157.73 2.31 2.05 -72.8 -0.431    19.62 21.14 03a59999o0316o       0   41.148569
59998.906526 19.791368      NaN    14    10 o    0   3.27 105.04811 -66.04004   747.68 1082.76 2.23 1.99 -60.8 -0.444    19.61 21.12 03a59999o0328o       0   41.148569
59998.919405 19.841877      NaN    15     9 o    0   4.27 105.04811 -66.04004   721.58 1201.53 2.37 2.09 -81.8 -0.428    19.58 21.08 03a59999o0356o       0   40.917047
60002.835831 20.207197      NaN    -2    10 o    0   3.02 105.04811 -66.04004  2430.13  767.87 2.43 2.14 -81.8 -0.389    19.37 20.70 03a60003o0195o       0   41.148569
60002.838990 19.529530      NaN    26    10 o    0   2.63 105.04811 -66.04004  2447.61  797.51 2.41 2.12 -71.8 -0.387    19.38 20.69 03a60003o0202o       0   41.148569
60002.844895 20.449472      NaN   -46     8 o    0   3.62 105.04811 -66.04004  2386.46  705.20 2.40 2.15 -74.4 -0.388    19.39 20.65 03a60003o0215o       0   40.708780
60002.861724 20.207197      NaN    -2    10 o    0   2.27 105.04811 -66.04004  2360.10  776.96 2.40 2.08 -71.9 -0.394    19.40 20.68 03a60003o0252o       0   41.148569
60004.066966 19.674510      NaN     1    16 o    0   1.72 105.04811 -66.04004 10010.48 7271.49 2.68 2.20 -13.4 -0.448    19.14 20.28 04a60004o0152o       0   43.002381
60004.070572 19.922338      NaN   -96    13 o    0   2.62 105.04811 -66.04004 10027.11 7310.15 2.59 2.03  -5.1 -0.442    19.18 20.28 04a60004o0160o       0   41.978623
60004.076413 19.454622      NaN   -64    20 o    0   1.39 105.04811 -66.04004  9968.33 7222.89 2.85 2.29 -12.3 -0.422    19.11 20.29 04a60004o0172o       0   44.645322
60004.088189 19.436675      NaN     4    19 o    0   0.95 105.04811 -66.04004  9943.10 7330.45 2.61 2.16 -10.4 -0.444    19.14 20.33 04a60004o0198o       0   44.206388
60004.091823 19.766969      NaN   -36    15 o    0   1.49 105.04811 -66.04004  1165.08 7149.76 2.70 2.09 -85.5 -0.373    19.11 20.34 04a60004o0206o       0   42.640412
60004.094993 19.841877      NaN   -19    14 o    0   1.65 105.04811 -66.04004  1180.45 7185.62 2.54 2.08 -89.0 -0.375    19.15 20.35 04a60004o0213o       0   42.298992
60004.102216 19.766969      NaN     0    15 o    0   1.75 105.04811 -66.04004  1120.74 7107.92 2.56 2.20 -89.2 -0.371    19.12 20.34 04a60004o0229o       0   42.640412
60004.113504 19.674510      NaN     7    14 o    0   1.99 105.04811 -66.04004  1094.01 7219.40 2.53 2.04 -87.4 -0.381    19.20 20.35 04a60004o0254o       0   42.298992
60006.912171 19.419021      NaN     8    18 o    0   1.50 105.04811 -66.04004  1235.21 4793.22 2.50 2.21 -68.4 -0.390    18.89 19.75 03a60007o0094o       0   43.785897
60006.915358 19.631075      NaN   -13    17 o    0   1.37 105.04811 -66.04004  1252.96 4831.24 2.54 2.22 -65.0 -0.393    18.95 19.81 03a60007o0101o       0   43.384384
60006.945237 19.302877      NaN   -28    23 o    0   1.41 105.04811 -66.04004  1168.66 4874.92 2.47 2.13 -68.1 -0.398    17.99 18.77 03a60007o0166o       0   46.067394
60008.118747 18.693037      NaN    46    25 o    0   1.35 105.04811 -66.04004  9978.04 7240.94 2.51 2.02  -3.1 -0.456    18.90 19.60 04a60008o0164o       0   47.097821
60008.121900 19.212347      NaN   -16    25 o    0   1.15 105.04811 -66.04004  9994.25 7280.27 2.55 2.10  -5.0 -0.462    18.89 19.60 04a60008o0171o       0   47.097821
60008.125964 19.226921      NaN    14    20 o    0   1.00 105.04811 -66.04004  1139.64 7125.77 2.45 2.06 -85.8 -0.377    18.84 19.72 04a60008o0180o       0   44.645322
60008.127330 19.351140      NaN   -62    22 o    0   1.82 105.04811 -66.04004  9934.94 7195.17 2.56 2.07  -7.6 -0.444    18.86 19.59 04a60008o0183o       0   45.576362
60008.129132 19.696897      NaN   -55    16 o    0   1.93 105.04811 -66.04004  1156.72 7161.42 2.45 2.04 -81.8 -0.380    18.85 19.65 04a60008o0187o       0   43.002381
60008.134618 18.933071      NaN    31    22 o    0   1.10 105.04811 -66.04004  1099.06 7085.74 2.39 2.04  87.9 -0.380    18.88 19.60 04a60008o0199o       0   45.576362
60008.137785 19.256669      NaN   -30    24 o    0   1.32 105.04811 -66.04004  9912.36 7306.24 2.46 2.10  -2.5 -0.428    18.82 19.54 04a60008o0206o       0   46.574722
60008.144596 19.510313      NaN    -5    19 o    0   1.64 105.04811 -66.04004  1075.03 7200.10 2.36 2.00 -84.5 -0.384    18.87 19.58 04a60008o0221o       0   44.206388
60012.068322 19.302877      NaN    -4    23 o    0   1.23 105.04811 -66.04004  1935.70 3219.64 2.30 2.06  50.3 -0.416    18.73 19.46 04a60012o0145o       0   46.067394
60012.071027 18.857417      NaN    47    19 o    0   1.91 105.04811 -66.04004  1954.31 3255.69 2.26 2.08  52.1 -0.426    18.74 19.44 04a60012o0151o       0   44.206388
60012.077812 19.089302 0.297285    84    23 o    0   1.44 105.04811 -66.04004  1889.79 3176.73 2.18 1.98  54.1 -0.428    18.78 19.45 04a60012o0166o       0   46.067394
60012.089585 19.454622      NaN   -78    20 o    0   1.57 105.04811 -66.04004  1862.06 3287.29 2.15 1.93  61.3 -0.431    18.75 19.42 04a60012o0191o       0   44.645322
60014.842660 19.510313      NaN   -62    19 o    0   0.98 105.04811 -66.04004  7304.33 8853.15 3.17 2.72 -42.4 -0.384    19.00 20.25 03a60015o0232o       0   44.206388
60014.846343 19.841877      NaN   -21    14 o    0   2.33 105.04811 -66.04004  7322.10 8893.74 2.91 2.34 -45.7 -0.403    19.12 20.23 03a60015o0240o       0   42.298992
60014.852281 19.841877      NaN   -51    14 o    0   1.76 105.04811 -66.04004  7270.23 8812.74 2.87 2.31 -41.8 -0.398    19.10 20.20 03a60015o0253o       0   42.298992
60014.863240 19.696897      NaN   -32    16 o    0   1.44 105.04811 -66.04004  7248.06 8926.00 2.85 2.32 -43.8 -0.402    19.07 20.13 03a60015o0277o       0   43.002381
60016.117607 19.816329 0.353496    43    14 o    0   3.00 105.04811 -66.04004  1910.63 3193.49 2.18 1.85  53.8 -0.430    19.13 20.23 04a60016o0254o       0   42.298992
60016.121305 19.115465      NaN    40    14 o    0   3.06 105.04811 -66.04004  1928.10 3229.61 2.17 1.86  52.5 -0.428    19.13 20.19 04a60016o0262o       0   42.298992
60016.127261 19.696897      NaN   -90    16 o    0   1.96 105.04811 -66.04004  1864.32 3153.98 2.18 1.83  51.4 -0.427    19.09 20.13 04a60016o0275o       0   43.002381
60016.140529 19.696897      NaN   -50    16 o    0   2.13 105.04811 -66.04004  1833.74 3269.20 2.23 1.85  59.6 -0.417    18.96 20.13 04a60016o0303o       0   43.002381
60020.084314 19.922338      NaN   -63    13 o    0   2.51 105.04811 -66.04004  6768.22 6721.22 2.23 2.11 -62.8 -0.426    19.30 20.77 04a60020o0219o       0   41.978623
60020.088021 19.841877      NaN   -11    14 o    0   1.69 105.04811 -66.04004  6786.21 6758.47 2.51 2.25 -69.1 -0.422    19.19 20.75 04a60020o0227o       0   42.298992
60020.100648 19.766969      NaN    15    10 o    0   4.54 105.04811 -66.04004  6725.61 6676.41 2.20 2.07 -64.4 -0.434    19.29 20.71 04a60020o0254o       0   41.148569
60020.108991 19.271854      NaN    32    13 o    0   2.10 105.04811 -66.04004  6699.34 6788.66 2.20 2.12 -69.4 -0.439    19.26 20.75 04a60020o0270o       0   41.978623
60024.084373 18.889197      NaN    47    18 o    0   2.03 105.04811 -66.04004  6762.19 6716.69 2.50 2.26 -71.6 -0.430    18.78 20.24 04a60024o0179o       0   43.785897
60024.087544 18.336727      NaN  -493    56 o    0   1.10 105.04811 -66.04004  6778.46 6755.06 2.63 2.49 -55.3 -0.379    17.61 19.13 04a60024o0186o    4096   68.769214
60024.097806 19.922338      NaN   -16    13 o    0   2.95 105.04811 -66.04004  6716.71 6674.07 2.14 2.02 -65.9 -0.432    19.19 20.50 04a60024o0208o       0   41.978623
60028.070192 19.696897      NaN   -58    16 o    0   1.61 105.04811 -66.04004  5050.42  872.04 2.87 2.65  34.2 -0.399    19.01 20.62 04a60028o0044o       0   43.002381
60028.073398 19.696897      NaN   -16    16 o    0   1.75 105.04811 -66.04004  5068.04  910.73 2.91 2.70  58.7 -0.389    18.98 20.63 04a60028o0051o       0   43.002381
60028.079850 19.609992      NaN     4    16 o    0   1.84 105.04811 -66.04004  5001.30  830.31 2.98 2.81  58.9 -0.389    18.97 20.65 04a60028o0065o       0   43.002381
60028.089729 19.631075      NaN    -6    17 o    0   1.18 105.04811 -66.04004  4972.80  944.87 2.87 2.69  54.8 -0.377    18.97 20.64 04a60028o0086o       0   43.384384
60030.839089 20.207197      NaN   -26    10 o    0   3.51 105.04811 -66.04004  5920.55 2972.25 2.17 1.96 -52.0 -0.449    19.49 20.83 03a60031o0237o       0   41.148569
60030.846852 20.207197      NaN    -5    10 o    0   3.05 105.04811 -66.04004  5937.53 3011.44 2.27 2.01 -55.0 -0.438    19.45 20.86 03a60031o0253o       0   41.148569
60030.849815 20.207197      NaN   -74    10 o    0   3.34 105.04811 -66.04004  5879.92 2932.09 2.26 2.03 -53.4 -0.435    19.46 20.88 03a60031o0259o       0   41.148569
60030.852934 20.171596 0.350237    31    10 o    0   4.18 105.04811 -66.04004  5856.41 3047.60 2.23 1.99 -53.4 -0.439    19.48 20.91 03a60031o0263o       0   41.148569
60032.086098 19.922338      NaN     0    13 o    0   4.77 105.04811 -66.04004  5035.95  865.86 2.08 1.99  45.8 -0.457    19.17 20.33 04a60032o0233o       0   41.978623
60032.088930 19.696897      NaN    -2    16 o    0   1.64 105.04811 -66.04004  5054.78  903.95 2.06 1.97  55.9 -0.463    19.18 20.32 04a60032o0239o       0   43.002381
60032.109502 19.766969      NaN   -24    15 o    0   3.42 105.04811 -66.04004  4980.43  824.52 2.03 1.95  70.5 -0.445    19.17 20.34 04a60032o0282o       0   42.640412
60032.115332 19.922338      NaN   -37    13 o    0   2.06 105.04811 -66.04004  4954.95  941.77 2.00 1.95  82.8 -0.443    19.18 20.33 04a60032o0294o       0   41.978623
60035.015835 19.169763      NaN    21    19 o    0   1.19 105.04811 -66.04004  2946.59 1021.48 2.62 2.06  43.7 -0.453    18.89 19.91 04a60035o0098o       0   44.206388
60035.025680 19.766969      NaN    -7    15 o    0   3.27 105.04811 -66.04004  2962.63 1054.94 2.50 2.04  41.6 -0.462    18.96 19.94 04a60035o0119o       0   42.640412
60035.028932 19.510313      NaN   -20    19 o    0   1.08 105.04811 -66.04004  2896.11  978.03 2.74 2.16  45.2 -0.426    18.87 19.94 04a60035o0126o       0   44.206388
60035.036299 19.063754      NaN    26    20 o    0   1.54 105.04811 -66.04004  2867.53 1092.65 2.73 2.13  45.4 -0.427    18.87 19.96 04a60035o0142o       0   44.645322
60036.839978 19.183773      NaN    14    21 o    0   1.59 105.04811 -66.04004  9802.26 7373.60 3.00 2.26 -53.5 -0.379    18.69 19.44 03a60037o0118o       0   45.102159
60036.841904 14.903297      NaN -1909  1323 o    0   1.53 105.04811 -66.04004   982.26 7034.46 2.83 2.39 -56.7 -0.403    17.75 18.87 03a60037o0122o       2 1323.601981
60036.843337 19.256669      NaN   -48    24 o    0   1.18 105.04811 -66.04004  9819.95 7413.52 3.07 2.32 -55.1 -0.390    18.69 19.49 03a60037o0125o       0   46.574722
60036.845796 19.302877      NaN   -57    23 o    0   1.33 105.04811 -66.04004   998.86 7071.82 2.71 2.31 -63.2 -0.391    18.74 19.40 03a60037o0130o       0   46.067394
60036.848638 19.302877      NaN   -64    23 o    0   0.89 105.04811 -66.04004  9767.18 7329.34 2.66 2.10 -54.3 -0.378    18.76 19.40 03a60037o0136o       0   46.067394
60036.852537 19.351140      NaN   -88    22 o    0   1.40 105.04811 -66.04004   946.40 6999.81 2.62 2.26 -58.8 -0.390    18.80 19.46 03a60037o0144o       0   45.576362
60036.860410 19.169763      NaN   -34    26 o    0   1.15 105.04811 -66.04004  9744.72 7438.37 2.96 2.28 -53.6 -0.379    18.62 19.29 03a60037o0160o       0   47.636171
60039.778921 19.454622      NaN   -43    20 o    0   1.40 105.04811 -66.04004  3682.67 8894.32 2.40 2.05 -52.9 -0.379    18.83 19.21 03a60040o0142o       0   44.645322
60039.782157 19.367717      NaN     8    19 o    0   2.38 105.04811 -66.04004  3699.04 8933.47 2.40 2.05 -52.4 -0.378    18.81 19.21 03a60040o0149o       0   44.206388
60039.795135 19.302877      NaN   -47    23 o    0   1.25 105.04811 -66.04004  3647.21 8856.86 2.46 2.10 -55.2 -0.369    18.77 19.17 03a60040o0176o       0   46.067394
60039.800283 19.302877      NaN    -2    23 o    0   1.33 105.04811 -66.04004  3624.30 8973.64 2.50 2.14 -52.6 -0.375    18.75 19.16 03a60040o0187o       0   46.067394
60041.063480 18.944322      NaN   -86    32 o    0   0.71 105.04811 -66.04004  3866.91 8919.06 2.62 2.02 -80.6 -0.415    18.52 19.16 04a60041o0188o       0   51.158623
60041.066814 19.302877      NaN   -66    23 o    0   1.78 105.04811 -66.04004  3882.21 8956.89 2.64 2.00 -82.5 -0.416    18.49 19.15 04a60041o0195o       0   46.067394
60041.071966 19.089302      NaN   -28    28 o    0   1.20 105.04811 -66.04004  3827.11 8878.66 2.68 1.97 -80.1 -0.410    18.51 19.14 04a60041o0206o       0   48.756587
60041.082912 19.351140      NaN   -31    22 o    0   2.25 105.04811 -66.04004  3801.98 8994.72 2.62 1.95 -83.3 -0.391    18.54 19.13 04a60041o0229o       0   45.576362
60042.795071 19.155932      NaN     1    26 o    0   1.45 105.04811 -66.04004  8778.81 1433.01 3.53 3.11 -56.3 -0.406    18.62 19.76 03a60043o0160o       0   47.636171
60042.797964 19.089302      NaN   -40    28 o    0   1.30 105.04811 -66.04004  8797.53 1473.91 4.43 3.98 -55.9 -0.315    18.27 19.74 03a60043o0166o       0   48.756587
60042.822208 19.128787      NaN  -142    27 o    0   1.14 105.04811 -66.04004  8732.16 1385.94 4.28 3.75 -65.5 -0.303    18.31 19.66 03a60043o0215o       0   48.189260
60042.828617 19.256669      NaN   -31    24 o    0   1.00 105.04811 -66.04004  8705.16 1500.48 2.96 2.59 -53.5 -0.411    18.68 19.62 03a60043o0228o       0   46.574722
60045.785082 19.436675      NaN    28    11 o    0   2.39 105.04811 -66.04004  9978.18 3128.57 2.50 2.10 -62.7 -0.391    19.39 20.80 03a60046o0159o       0   41.402956
60045.800423 20.321591      NaN   -19     9 o    0   4.90 105.04811 -66.04004  9995.82 3170.80 2.50 2.15 -59.6 -0.393    19.45 20.86 03a60046o0190o       0   40.917047
60045.804522 20.321591      NaN   -56     9 o    0   3.79 105.04811 -66.04004  9936.25 3082.14 2.40 2.05 -61.5 -0.398    19.47 20.92 03a60046o0198o       0   40.917047
60045.810024 20.449472      NaN    -3     8 o    0   4.88 105.04811 -66.04004  9908.79 3195.84 2.38 2.05 -61.4 -0.397    19.48 20.92 03a60046o0209o       0   40.708780
60045.824830 19.922338      NaN    12     9 o    0   4.41 105.04811 -66.04004   226.30 2821.61 2.47 2.13 -76.8 -0.386    19.50 20.98 03a60046o0239o       0   40.917047
60045.827960 20.009244      NaN   -25    12 o    0   1.81 105.04811 -66.04004   244.99 2860.97 2.52 2.19 -70.7 -0.390    19.45 20.91 03a60046o0245o       0   41.679788
60045.834974 20.009244      NaN   -58    12 o    0   2.54 105.04811 -66.04004   184.47 2787.07 2.53 2.14 -73.7 -0.379    19.37 20.77 03a60046o0259o       0   41.679788
60045.844928 19.922338      NaN   -18    13 o    0   2.52 105.04811 -66.04004   158.76 2907.38 2.69 2.30 -75.6 -0.367    19.26 20.66 03a60046o0279o       0   41.978623
60048.767719 19.841877      NaN     3    13 o    0   1.44 105.04811 -66.04004  8494.81 6832.16 2.65 2.23 -53.9 -0.408    19.35 20.75 03a60049o0130o       0   41.978623
60048.770685 20.009244      NaN   -44    12 o    0   2.55 105.04811 -66.04004  8512.07 6872.13 2.66 2.24 -52.6 -0.409    19.35 20.74 03a60049o0136o       0   41.679788
60048.776100 19.922338      NaN   -52    13 o    0   2.05 105.04811 -66.04004  8458.04 6786.99 2.84 2.32 -53.5 -0.402    19.33 20.77 03a60049o0147o       0   41.978623
60048.800623 19.816329 0.302996    43    12 o    0   2.25 105.04811 -66.04004  8433.97 6901.59 2.70 2.22 -51.1 -0.393    19.41 20.84 03a60049o0196o       0   41.679788
60051.759257 20.207197      NaN   -20    10 o    0   3.92 105.04811 -66.04004  6740.23 5044.73 2.28 1.96 -58.9 -0.444    19.43 20.60 03a60052o0104o       0   41.148569
60051.762224 19.922338      NaN     0    13 o    0   1.70 105.04811 -66.04004  6757.92 5083.42 2.29 1.99 -59.2 -0.442    19.37 20.58 03a60052o0110o       0   41.978623
60051.767621 19.922338      NaN   -10    13 o    0   1.35 105.04811 -66.04004  6701.84 5001.95 2.29 1.99 -55.0 -0.434    19.39 20.58 03a60052o0121o       0   41.978623
60051.790503 19.436675 0.213587    61    12 o    0   2.24 105.04811 -66.04004  6674.00 5117.45 2.28 1.94 -55.7 -0.437    19.45 20.69 03a60052o0166o       0   41.679788
60060.788181 19.696897      NaN     9    13 o    0   2.30 105.04811 -66.04004  2353.97 8533.91 2.51 2.18 -48.3 -0.394    19.26 20.42 03a60061o0183o       0   41.978623
60060.791704 19.766969      NaN   -12    15 o    0   1.54 105.04811 -66.04004  2371.20 8572.93 2.53 2.17 -50.8 -0.389    19.17 20.31 03a60061o0190o       0   42.640412
60060.806931 18.089294      NaN    55    52 o    0   1.83 105.04811 -66.04004  2318.48 8495.41 2.71 2.27 -51.1 -0.369    18.01 18.92 03a60061o0221o       0   65.553068
60060.816876 17.286444      NaN   127   105 o    0   0.92 105.04811 -66.04004  2297.02 8615.79 2.57 2.21 -48.1 -0.382    17.44 18.25 03a60061o0240o       2  112.330783
60063.777571 19.652575      NaN    14    12 o    0   2.63 105.04811 -66.04004  9804.82 7373.38 2.77 2.21 -52.2 -0.392    19.11 20.20 03a60064o0177o       0   41.679788
60063.780929 19.510313      NaN   -12    19 o    0   1.05 105.04811 -66.04004  9822.09 7410.83 2.98 2.30 -53.7 -0.389    19.06 20.18 03a60064o0184o       0   44.206388
60063.783843 19.766969      NaN   -34    15 o    0   1.31 105.04811 -66.04004   983.56 7037.93 2.69 2.28 -58.6 -0.404    19.18 20.25 03a60064o0190o       0   42.640412
60063.786262 19.841877      NaN   -13    14 o    0   1.67 105.04811 -66.04004  9767.81 7325.04 2.90 2.31 -53.3 -0.387    19.07 20.20 03a60064o0195o       0   42.298992
60063.796412 19.472870      NaN    14    15 o    0   2.47 105.04811 -66.04004  9745.93 7436.67 2.83 2.23 -49.7 -0.382    19.07 20.15 03a60064o0216o       0   42.640412
60063.799799 19.631075      NaN   -29    17 o    0   1.45 105.04811 -66.04004  1000.15 7078.12 2.84 2.52 -53.2 -0.392    19.10 20.24 03a60064o0223o       0   43.384384
60063.803717 19.115465      NaN    28    18 o    0   1.09 105.04811 -66.04004   944.71 7001.43 2.87 2.48 -61.4 -0.390    19.11 20.23 03a60064o0231o       0   43.785897
60063.809173 19.569016      NaN   -17    18 o    0   1.48 105.04811 -66.04004   921.59 7119.67 3.04 2.63 -56.6 -0.372    19.03 20.20 03a60064o0242o       0   43.785897
60066.718733 19.454622      NaN   -46    20 o    0   1.15 105.04811 -66.04004  1856.35 3130.37 2.42 2.25 -68.6 -0.398    18.87 19.62 03a60067o0057o       0   44.645322
60066.721504 19.454622      NaN   -48    20 o    0   1.15 105.04811 -66.04004  1874.31 3168.93 2.44 2.20 -71.3 -0.402    18.91 19.64 03a60067o0063o       0   44.645322
60066.727958 19.569016      NaN   -34    18 o    0   1.36 105.04811 -66.04004  1815.01 3094.34 2.45 2.16 -73.7 -0.404    18.90 19.64 03a60067o0076o       0   43.785897
60066.749319 19.569016      NaN    -8    18 o    0   1.36 105.04811 -66.04004  1784.73 3210.12 2.47 2.11 -69.8 -0.399    18.92 19.65 03a60067o0121o       0   43.785897
60069.765447 15.088685      NaN   526   940 o    0   0.87 105.04811 -66.04004  5059.31  942.20 2.38 2.18 -52.9 -0.429    14.08 13.64 03a60070o0159o 8388610  940.847068
60069.782421 16.802877      NaN   126   188 o    0   0.93 105.04811 -66.04004  4992.58  862.35 2.45 2.27 -51.4 -0.397    16.32 15.93 03a60070o0195o 8388610  192.190543
60071.090287 18.910912      NaN   -13    33 o    0   1.29 105.04811 -66.04004  4969.26  880.66 2.40 2.27 -10.3 -0.393    18.26 18.75 04a60071o0213o       0   51.790006
60071.093756 18.757738      NaN   -96    38 o    0   1.01 105.04811 -66.04004  4988.30  921.19 2.29 2.19   1.3 -0.394    18.25 18.72 04a60071o0220o       0   55.110841
60071.099521 19.089302      NaN    -8    28 o    0   1.64 105.04811 -66.04004  4923.46  846.49 2.29 2.18  47.2 -0.425    18.31 18.71 04a60071o0232o       0   48.756587
60071.113112 18.878500      NaN   -72    34 o    0   1.60 105.04811 -66.04004  4896.04  969.99 2.26 2.17  30.0 -0.420    18.27 18.70 04a60071o0260o       0   52.432860
60072.772813 19.609992      NaN     4    16 o    0   2.10 105.04811 -66.04004  2910.40  980.40 2.25 2.06 -59.3 -0.391    19.01 19.78 03a60073o0178o       0   43.002381
60072.787220 19.318728      NaN    23    15 o    0   2.64 105.04811 -66.04004  2924.84 1017.63 2.27 2.07 -57.0 -0.390    18.95 19.68 03a60073o0208o       0   42.640412
60072.798409 19.256669      NaN   -34    24 o    0   1.30 105.04811 -66.04004  2860.69  942.31 2.32 2.13 -53.3 -0.382    18.75 19.48 03a60073o0231o       0   46.574722