         MJD         m       dm     uJy  duJy F  err   chi/N       RA      Dec        x        y  maj  min   phi  apfit  mag5sig   Sky            Obs    Mask    duJy_new
57307.410168 19.454622      NaN    -4.0    20 c    0    1.01 17.84968 50.57491  2114.14  9149.76 4.44 3.86 -61.3 -0.424    19.45 21.49 02a57307o0191c       0   25.967715
57307.435371 19.696897      NaN   -24.0    16 c    0    1.88 17.84968 50.57491  2121.37  9156.27 4.39 3.81 -61.7 -0.422    19.47 21.49 02a57307o0223c       0   23.028726
57307.470190 19.631075      NaN   -15.0    17 c    0    0.87 17.84968 50.57491  6940.87  2892.81 4.24 3.91   7.2 -0.440    19.49 21.54 02a57307o0265c       0   23.734410
57307.484768 19.510313      NaN   -25.0    19 c    0    0.75 17.84968 50.57491  6934.40  2893.58 4.26 3.89   8.2 -0.449    19.50 21.54 02a57307o0281c       0   25.205599
57344.300840 18.459772      NaN   -35.0    50 c    0    0.92 17.84968 50.57491  2184.74  9192.40 4.03 3.84 -77.9 -0.408    18.34 19.97 02a57344o0191c       0   52.671835
57344.334813 18.550302      NaN   -30.0    46 c    0    6.24 17.84968 50.57491  2195.27  9193.33 3.90 3.75 -73.9 -0.419    18.50 20.13 02a57344o0242c       0   48.890922
57344.349271 18.955691      NaN    40.0    19 c    0    1.05 17.84968 50.57491  8579.40  1506.01 4.00 3.68  23.6 -0.452    19.32 20.99 02a57344o0263c       0   25.205599
57344.378716 19.351140      NaN   -20.0    22 c    0    0.72 17.84968 50.57491  8564.64  1509.00 4.04 3.71  20.8 -0.456    19.41 21.22 02a57344o0306c       0   27.537651
57344.410317 19.401649      NaN    11.0    18 c    0    1.01 17.84968 50.57491  8552.39  1509.18 4.36 3.94  15.0 -0.423    19.44 21.44 02a57344o0353c       0   24.460626
57344.437458 19.419021      NaN     4.0    20 c    0    0.77 17.84968 50.57491  8550.73  1510.00 4.09 3.67  14.4 -0.450    19.48 21.38 02a57344o0393c       0   25.967715
57377.305531 18.702047      NaN   -45.0    40 c    0    0.91 17.84968 50.57491  8964.76  1040.56 4.63 3.99  15.6 -0.441    18.47 19.49 02a57377o0196c       0   43.293443
57377.321562 18.631975      NaN    10.0    40 c    0    1.10 17.84968 50.57491  9251.53  1643.94 4.90 4.36  19.6 -0.412    18.37 19.47 02a57377o0222c       0   43.293443
57377.339454 18.757738      NaN   -26.0    38 c    0    1.25 17.84968 50.57491  5778.07 10170.10 4.14 3.98 -88.0 -0.409    18.45 19.42 02a57377o0251c       0   41.452650
57377.340697 18.438271      NaN   -25.0    51 c    0    1.11 17.84968 50.57491  8335.25   446.23 4.83 3.90  11.3 -0.458    18.44 19.44 02a57377o0253c       0   53.622031
57377.354837 18.403357      NaN    28.0    44 c    0    0.92 17.84968 50.57491  8007.37  2202.29 4.74 4.29  12.8 -0.409    18.32 19.39 02a57377o0276c       0   47.014064
57392.206077 18.640491      NaN    57.0    24 c    0    1.24 17.84968 50.57491   126.59  5386.49 4.34 4.02 -62.3 -0.417    19.03 20.65 02a57392o0034c    8192   29.160285
57396.262909 19.089302      NaN   -16.0    28 c    0    1.22 17.84968 50.57491  8782.69  1055.71 4.36 3.74  19.1 -0.486    19.55 21.56 02a57396o0119c       0   32.531865
57396.277082 18.776955      NaN    24.0    30 c    0    0.89 17.84968 50.57491  9102.01  1667.06 4.24 3.76  25.9 -0.475    19.54 21.55 02a57396o0142c       0   34.268385
57396.285651 19.631075      NaN    -8.0    17 c    0    1.17 17.84968 50.57491  5675.21 10209.51 3.97 3.90  66.3 -0.425    19.55 21.55 02a57396o0156c       0   23.734410
57396.290577 18.526952      NaN   -51.0    47 c    0    0.86 17.84968 50.57491  8225.56   474.80 4.54 3.70  11.4 -0.499    19.51 21.47 02a57396o0164c       0   49.832943
57396.307136 18.878500      NaN    -1.0    34 c    0    0.97 17.84968 50.57491  7936.55  2241.07 4.07 3.77  20.6 -0.454    19.48 21.44 02a57396o0191c       0   37.819601
57424.217800 18.767304      NaN    22.0    31 c    0    0.99 17.84968 50.57491  8152.98  1744.17 4.31 4.04  39.8 -0.448    18.72 20.06 02a57424o0045c       0   35.147151
57424.226427 19.351140      NaN   -11.0    22 c    0    1.14 17.84968 50.57491  7867.61  1158.27 4.34 3.96  15.1 -0.460    19.19 20.96 02a57424o0059c       0   27.537651
57424.235766 19.351140      NaN   -14.0    22 c    0    1.07 17.84968 50.57491  6476.41 10352.51 4.09 3.89  33.1 -0.423    19.30 21.12 02a57424o0073c       0   27.537651
57424.241911 19.183773      NaN     4.0    25 c    0    1.06 17.84968 50.57491  9137.03   624.07 4.50 3.94  23.2 -0.466    19.31 21.14 02a57424o0083c       0   29.988701
57424.251155 19.401649      NaN    -1.0    21 c    0    1.14 17.84968 50.57491  6558.97 10270.79 3.98 3.87  39.1 -0.435    19.34 21.18 02a57424o0098c       0   26.745508
57424.258546 19.089302      NaN   -29.0    28 c    0    1.01 17.84968 50.57491  9230.27   545.48 4.61 3.93  20.4 -0.467    19.34 21.22 02a57424o0110c       0   32.531865
57449.220033 17.574501      NaN    41.0   100 c    0    1.12 17.84968 50.57491  8174.45  1718.00 4.21 3.95  25.5 -0.472    17.81 18.31 02a57449o0048c       2  101.362331
57449.224901 18.459772      NaN  -140.0    50 c    0    0.83 17.84968 50.57491  7875.43  1121.60 4.40 3.90  11.0 -0.474    18.47 19.54 02a57449o0058c       0   52.671835
57449.236017 18.816441      NaN    -2.0    36 c    0    1.18 17.84968 50.57491  9119.81   581.45 4.93 4.11  19.3 -0.478    19.08 20.81 02a57449o0079c       0   39.627291
57449.249254 18.944322      NaN   -28.0    32 c    0    1.70 17.84968 50.57491  9136.51   638.67 5.06 4.18  22.0 -0.482    19.10 20.85 02a57449o0106c       0   36.032238
57581.571997 19.401649      NaN     8.0    19 c    0    2.17 17.84968 50.57491  3693.88  1102.22 4.83 3.66  -9.8 -0.474    19.54 21.58 02a57581o0645c    8192   25.205599
57605.540771 19.491430      NaN    12.0    16 c    0    1.55 17.84968 50.57491  3433.51   993.22 4.44 3.67  -9.9 -0.459    19.66 21.74 02a57605o0591c       0   23.028726
57605.549862 19.696897      NaN     2.0    16 c    0    1.42 17.84968 50.57491  3440.83  1034.75 4.38 3.58  -8.7 -0.471    19.67 21.75 02a57605o0608c       0   23.028726
57605.558016 19.510313 0.323816    59.0    17 c    0    1.58 17.84968 50.57491  3396.89   953.76 4.48 3.75 -10.0 -0.448    19.66 21.75 02a57605o0624c       0   23.734410
57605.576645 19.766969      NaN    -7.0    15 c    0    1.26 17.84968 50.57491  3373.15  1071.03 4.34 3.63 -10.2 -0.461    19.71 21.78 02a57605o0660c       0   22.345519
57605.589097 19.631075      NaN    -6.0    17 c    0    1.36 17.84968 50.57491  3404.68  1016.46 4.48 3.74 -10.1 -0.451    19.69 21.82 02a57605o0684c       0   23.734410
57609.541579 18.019544      NaN   -61.0    75 c    0    2.55 17.84968 50.57491  3628.35  7740.58 3.85 3.51 -57.0 -0.449    17.69 19.51 02a57609o0590c       2   76.807045
57609.556150 19.367717      NaN    13.0    18 c    0    1.02 17.84968 50.57491  3648.60  7781.35 3.94 3.59 -57.6 -0.441    19.53 21.61 02a57609o0614c       0   24.460626
57609.568639 19.696897      NaN    -7.0    16 c    0    1.02 17.84968 50.57491  3596.49  7701.86 3.89 3.58 -60.9 -0.437    19.64 21.76 02a57609o0638c       0   23.028726
57609.581382 19.696897      NaN    -6.0    16 c    0    1.65 17.84968 50.57491  3583.61  7818.15 3.87 3.59 -56.4 -0.439    19.53 21.62 02a57609o0662c       0   23.028726
57609.593720 19.631075      NaN   -19.0    17 c    0    0.80 17.84968 50.57491  3619.11  7761.38 3.83 3.53 -55.2 -0.444    19.63 21.72 02a57609o0686c       0   23.734410
57625.512512 18.786693      NaN    35.0    26 c    0    0.98 17.84968 50.57491 10210.29  7794.11 4.57 3.47  83.1 -0.468    19.28 20.96 02a57625o0455c       0   30.827297
57625.535269 19.454622      NaN   -18.0    20 c    0    1.10 17.84968 50.57491   111.64  7825.78 4.12 3.65 -54.4 -0.408    19.26 20.91 02a57625o0494c       0   25.967715
57625.545176 19.351140      NaN   -10.0    22 c    0    1.52 17.84968 50.57491 10237.29  7832.83 4.60 3.47  84.1 -0.463    19.29 20.98 02a57625o0511c       0   27.537651
57625.546870 19.155932      NaN     6.0    25 c    0    0.91 17.84968 50.57491 10174.89  7758.43 4.49 3.51  82.4 -0.467    19.28 20.97 02a57625o0514c       0   29.988701
57625.555963 19.510313      NaN    -5.0    19 c    0    1.38 17.84968 50.57491   127.82  7863.71 4.28 3.72 -52.4 -0.404    19.23 20.91 02a57625o0529c       0   25.205599
57625.560367 19.401649      NaN     5.0    20 c    0    1.23 17.84968 50.57491   349.74  2573.80 4.24 3.60 -32.5 -0.437    19.27 20.96 02a57625o0536c       0   25.967715
57625.563016 19.089302      NaN   -79.0    28 c    0    2.31 17.84968 50.57491    62.59  7784.51 4.20 3.67 -52.7 -0.405    19.25 20.91 02a57625o0540c       0   32.531865
57625.575767 18.649074 0.198190   128.0    23 c    0    1.23 17.84968 50.57491   298.50  2633.03 4.20 3.59 -35.1 -0.441    19.26 21.02 02a57625o0558c    4096   28.342939
57625.577594 18.729535      NaN    -4.0    39 c    0    1.15 17.84968 50.57491    46.78  7896.95 4.20 3.70 -50.9 -0.398    19.25 20.90 02a57625o0561c       0   42.371243
57625.591928 19.051202      NaN   -73.0    29 c    0    0.76 17.84968 50.57491 10409.09  2595.77 4.51 3.62  63.0 -0.495    19.26 20.89 02a57625o0583c       0   33.396440
57660.470376 19.510313      NaN    20.0    13 c    0    1.40 17.84968 50.57491  6814.46  2609.62 3.86 3.50 -73.9 -0.419    19.62 21.61 02a57660o0234c       0   21.055218
57660.488955 19.334813      NaN    24.0    15 c    0    1.03 17.84968 50.57491  6801.14  2570.11 3.88 3.60 -81.7 -0.391    19.62 21.61 02a57660o0271c       0   22.345519
57660.500537 19.696897      NaN   -10.0    16 c    0    0.76 17.84968 50.57491  6862.63  2628.45 3.88 3.61 -82.5 -0.389    19.59 21.55 02a57660o0294c       0   23.028726
57660.517482 19.841877      NaN   -16.0    14 c    0    1.32 17.84968 50.57491  6874.54  2513.33 3.92 3.67 -83.8 -0.384    19.55 21.49 02a57660o0327c       0   21.686913
57660.523004 19.454622      NaN    20.0    14 c    0    1.17 17.84968 50.57491  6838.25  2590.31 3.92 3.68 -83.3 -0.385    19.55 21.49 02a57660o0338c       0   21.686913
57668.424118 18.955691      NaN    43.0    18 c    0    1.38 17.84968 50.57491  1461.41 10104.78 3.82 3.30  15.0 -0.445    19.51 21.43 02a57668o0440c       0   24.460626
57668.424606 19.631075      NaN   -11.0    17 c    0    1.21 17.84968 50.57491  4128.78   377.59 3.84 3.75 -41.9 -0.425    19.57 21.52 02a57668o0441c       0   23.734410
57668.426586 19.384550      NaN    15.0    17 c    0    1.34 17.84968 50.57491  1491.38 10139.85 3.71 3.22   7.1 -0.436    19.53 21.45 02a57668o0445c       0   23.734410
57668.436064 19.155932      NaN    27.0    18 c    0    0.90 17.84968 50.57491  6366.46 10032.73 3.60 3.52   1.3 -0.430    19.59 21.50 02a57668o0464c       0   24.460626
57668.438781 19.696897      NaN   -28.0    16 c    0    1.45 17.84968 50.57491  6423.65 10112.84 3.63 3.56 -14.9 -0.418    19.58 21.50 02a57668o0469c       0   23.028726
57668.455730 19.549093      NaN     6.0    17 c    0    1.40 17.84968 50.57491  1426.05 10057.75 3.65 3.16   6.9 -0.473    19.59 21.51 02a57668o0502c       0   23.734410
57668.459817 19.472870      NaN     7.0    18 c    0    1.11 17.84968 50.57491  9105.27   268.65 3.86 3.63  88.6 -0.432    19.56 21.48 02a57668o0510c       0   24.460626
57668.462110 19.696897      NaN   -20.0    16 c    0    1.34 17.84968 50.57491  6439.03  9998.80 3.54 3.38 -28.4 -0.412    19.61 21.54 02a57668o0514c       0   23.028726
57668.471669 19.569016      NaN    -6.0    18 c    0    0.94 17.84968 50.57491  6401.86 10053.35 3.48 3.23 -22.2 -0.416    19.60 21.51 02a57668o0533c       0   24.460626
57668.473778 18.944322      NaN    29.0    23 c    0    0.97 17.84968 50.57491  9058.32   326.75 3.83 3.63  85.4 -0.432    19.55 21.45 02a57668o0536c       0   28.342939
57686.376676 19.491430      NaN    15.0    15 c    0    1.56 17.84968 50.57491  3165.74  7768.92 3.44 3.31  -5.3 -0.417    19.60 21.54 02a57686o0398c       0   22.345519
57686.386014 19.743105      NaN     6.0    14 c    0    1.15 17.84968 50.57491  7318.02  2633.74 3.79 3.53 -82.4 -0.398    19.60 21.56 02a57686o0416c       0   21.686913
57686.404638 19.569016      NaN    14.0    14 c    0    1.09 17.84968 50.57491  7378.90  2717.75 3.85 3.56 -83.4 -0.395    19.59 21.57 02a57686o0452c       0   21.686913
57686.409393 19.419021      NaN    19.0    15 c    0    1.13 17.84968 50.57491  7399.38  2600.41 3.81 3.53 -84.4 -0.396    19.58 21.55 02a57686o0461c       0   22.345519
57686.421819 19.743105      NaN     3.0    15 c    0    1.27 17.84968 50.57491  7357.81  2657.99 3.81 3.53 -83.3 -0.395    19.58 21.55 02a57686o0485c       0   22.345519
57690.379276 19.401649      NaN    11.0    18 c    0    0.74 17.84968 50.57491  8039.66  3058.42 3.88 3.61  87.6 -0.389    19.59 21.50 02a57690o0388c       0   24.460626
57690.391291 19.454622      NaN    17.0    15 c    0    0.98 17.84968 50.57491  8016.72  3029.88 3.85 3.56  86.8 -0.393    19.62 21.53 02a57690o0411c       0   22.345519
57690.410763 19.197966      NaN    30.0    16 c    0    1.07 17.84968 50.57491  8075.13  3102.63 3.92 3.63  86.6 -0.387    19.63 21.60 02a57690o0448c       0   23.028726
57690.416870 19.529530      NaN    10.0    16 c    0    0.99 17.84968 50.57491  8084.87  2988.38 3.96 3.82  80.3 -0.378    19.60 21.60 02a57690o0459c       0   23.028726
57690.428802 19.589310      NaN     4.0    17 c    0    1.05 17.84968 50.57491  8051.20  3043.78 4.01 3.86  77.2 -0.372    19.56 21.56 02a57690o0482c       0   23.734410
57694.392229 19.529530      NaN    10.0    16 c    0    0.99 17.84968 50.57491  7452.02  2562.49 3.91 3.65 -84.4 -0.385    19.56 21.44 02a57694o0385c       0   23.028726
57694.421574 19.569016      NaN     5.0    17 c    0    0.96 17.84968 50.57491  7441.10  2521.76 3.91 3.72 -84.1 -0.383    19.51 21.38 02a57694o0442c       0   23.734410
57694.424158 19.212347      NaN    23.0    18 c    0    0.96 17.84968 50.57491  7503.48  2602.29 3.95 3.86 -77.4 -0.374    19.48 21.35 02a57694o0447c       0   24.460626
57694.439071 19.367717      NaN    19.0    16 c    0    1.16 17.84968 50.57491  7514.99  2481.82 3.91 3.64 -83.7 -0.388    19.48 21.27 02a57694o0476c       0   23.028726
57694.447257 19.318728      NaN    19.0    17 c    0    1.16 17.84968 50.57491  7478.81  2541.20 3.86 3.70 -84.7 -0.387    19.46 21.24 02a57694o0492c       0   23.734410
57698.361288 19.155932      NaN     3.0    26 c    0    0.87 17.84968 50.57491  5917.73 10473.62 3.68 3.50  -4.1 -0.390    19.61 21.50 02a57698o0356c       0   30.827297
57698.362317 19.510313      NaN     0.0    19 c    0    1.21 17.84968 50.57491  8519.70   756.76 3.91 3.69  89.8 -0.419    19.56 21.44 02a57698o0358c       0   25.205599
57698.372221 19.367717      NaN    13.0    18 c    0    0.89 17.84968 50.57491  8495.27   717.12 3.91 3.69 -89.5 -0.416    19.62 21.55 02a57698o0377c       0   24.460626
57698.372730 19.454622      NaN     0.0    20 c    0    1.04 17.84968 50.57491  5904.70 10435.32 3.63 3.41  -5.7 -0.400    19.68 21.63 02a57698o0378c       0   25.967715
57698.389894 16.470651      NaN   447.0   164 c    0    0.45 17.84968 50.57491  5950.03 10518.02 3.78 3.67  11.2 -0.426    19.68 21.68 02a57698o0411c       2  164.834226
57698.391433 18.967180      NaN    42.0    18 c    0    0.85 17.84968 50.57491  8556.46   803.66 3.88 3.65 -85.3 -0.417    19.65 21.61 02a57698o0414c       0   24.460626
57698.396700 19.766969      NaN    -9.0    15 c    0    1.41 17.84968 50.57491  5978.05 10402.21 3.77 3.59   6.3 -0.402    19.67 21.66 02a57698o0424c       0   22.345519
57698.406212 18.836735      NaN    45.0    21 c    0    1.06 17.84968 50.57491  5935.19 10458.69 3.76 3.60   2.8 -0.388    19.69 21.69 02a57698o0442c       0   26.745508
57698.409321 19.454622      NaN   -24.0    20 c    0    0.83 17.84968 50.57491  8582.66   684.99 3.99 3.78 -89.0 -0.413    19.62 21.60 02a57698o0448c       0   25.967715
57698.418185 19.510313      NaN   -10.0    19 c    0    1.05 17.84968 50.57491  8532.35   738.49 3.88 3.64 -85.9 -0.425    19.64 21.60 02a57698o0465c       0   25.205599
57718.339102 19.128787      NaN    -1.0    27 c    0    1.05 17.84968 50.57491  8373.27   373.63 4.45 4.40 -51.3 -0.367    19.41 21.47 02a57718o0288c       0   31.675262
57718.339612 19.510313      NaN   -11.0    19 c    0    1.32 17.84968 50.57491  5791.15 10094.55 4.93 4.35   0.0 -0.371    19.37 21.51 02a57718o0289c       0   25.205599
57718.348524 19.367717      NaN    10.0    19 c    0    1.25 17.84968 50.57491  5765.61 10054.34 4.54 4.47  65.0 -0.373    19.48 21.58 02a57718o0306c       0   25.205599
57718.350582 18.675237      NaN    38.0    29 c    0    1.00 17.84968 50.57491  8363.28   335.83 4.70 4.37   3.3 -0.353    19.42 21.51 02a57718o0310c       0   33.396440
57718.352649 19.212347      NaN    -7.0    25 c    0    0.87 17.84968 50.57491  8425.53   417.73 4.62 4.26   2.1 -0.359    19.45 21.51 02a57718o0314c       0   29.988701
57718.354194 19.351140      NaN     8.0    20 c    0    1.14 17.84968 50.57491  5828.51 10136.25 5.23 4.47   2.7 -0.365    19.37 21.56 02a57718o0317c       0   25.967715
57718.366881 19.569016      NaN     1.0    18 c    0    1.07 17.84968 50.57491  5838.53 10017.30 4.48 4.31   3.0 -0.375    19.49 21.58 02a57718o0341c       0   24.460626
57718.368989 19.169763      NaN    -7.0    26 c    0    1.26 17.84968 50.57491  8437.05   296.09 4.70 4.39  -4.3 -0.354    19.44 21.52 02a57718o0345c       0   30.827297
57718.376735 18.684100      NaN    43.0    27 c    0    1.21 17.84968 50.57491  8400.61   355.91 4.55 4.41   1.5 -0.358    19.43 21.50 02a57718o0360c       0   31.675262
57718.378270 19.454622      NaN    -7.0    20 c    0    1.08 17.84968 50.57491  5801.24 10075.73 4.49 4.42  22.6 -0.379    19.47 21.56 02a57718o0363c       0   25.967715
57746.281340 19.212347      NaN   -14.0    25 c    0    1.32 17.84968 50.57491  4064.46 10461.76 4.34 3.76   5.5 -0.352    19.58 21.66 02a57746o0187c       0   29.988701
57746.281847 19.334813      NaN    18.0    17 c    0    0.91 17.84968 50.57491  6445.37   696.36 4.38 4.05   0.3 -0.379    19.52 21.58 02a57746o0188c       0   23.734410
57746.291262 19.766969      NaN   -35.0    15 c    0    1.46 17.84968 50.57491  6435.27   656.75 4.25 4.19 -70.2 -0.379    19.54 21.59 02a57746o0206c       0   22.345519
57746.292799 19.197966      NaN    15.0    21 c    0    1.78 17.84968 50.57491  4040.45 10421.22 4.61 4.32  16.1 -0.376    19.51 21.65 02a57746o0209c       0   26.745508
57746.308385 18.640491      NaN    24.0    35 c    0    1.21 17.84968 50.57491  4100.61 10496.91 4.81 4.42  12.0 -0.369    19.50 21.62 02a57746o0239c       0   38.721082
57746.309926 19.696897      NaN   -16.0    16 c    0    1.34 17.84968 50.57491  6496.23   732.46 4.28 4.16 -73.5 -0.381    19.50 21.54 02a57746o0242c       0   23.028726
57746.316097 19.367717      NaN    16.0    17 c    0    1.21 17.84968 50.57491  4114.48 10379.00 3.73 3.47   5.1 -0.391    19.64 21.60 02a57746o0254c       0   23.734410
57746.325577 19.302877      NaN   -34.0    23 c    0    1.26 17.84968 50.57491  4076.98 10436.56 4.23 4.09  30.0 -0.403    19.51 21.56 02a57746o0272c       0   28.342939
57746.327647 19.569016      NaN   -29.0    18 c    0    1.35 17.84968 50.57491  6510.46   613.22 4.49 4.35 -66.2 -0.360    19.42 21.49 02a57746o0276c       0   24.460626
57746.337406 19.569016      NaN    -6.0    18 c    0    0.90 17.84968 50.57491  6473.85   668.98 4.19 4.05 -72.6 -0.386    19.49 21.47 02a57746o0295c       0   24.460626
57750.299676 12.559456      NaN 12715.0  7220 c    0    1.10 17.84968 50.57491  8646.70  2506.26 3.93 3.59 -88.9 -0.395    14.20 16.21 02a57750o0042c       2 7220.018997
57750.301166 17.654224      NaN  -303.0   105 c    0    1.06 17.84968 50.57491  8707.58  2585.87 3.98 3.64  89.4 -0.398    16.73 19.47 02a57750o0045c       2  106.298270
57750.316867 19.569016      NaN   -16.0    18 c    0    1.05 17.84968 50.57491  8732.81  2468.10 3.96 3.67  88.3 -0.403    19.44 21.36 02a57750o0076c    8192   24.460626
57750.335057 19.631075      NaN   -18.0    17 c    0    0.99 17.84968 50.57491  8682.71  2522.12 4.33 4.13 -89.8 -0.372    19.47 21.54 02a57750o0112c    8192   23.734410
57758.247244 14.605824 0.004160  5222.0    20 c    0 1564.58 17.84968 50.57491    78.84  3469.28 4.10 3.75  77.4 -0.362    19.22 20.73 02a57758o0108c 8392704   25.967715
57758.266855 19.351140      NaN    -3.0    22 c    0    0.98 17.84968 50.57491 10178.50  3413.30 4.07 3.65  81.2 -0.421    19.20 20.74 02a57758o0147c 8388608   27.537651
57758.274951 15.072261 0.005114  3399.0    16 c    0 1143.88 17.84968 50.57491    70.27  3425.88 4.12 3.87  75.9 -0.363    19.14 20.67 02a57758o0163c 8392704   23.028726
57758.276943 19.334813      NaN     3.0    22 c    0    1.10 17.84968 50.57491 10154.66  3372.36 4.08 3.63  83.0 -0.420    19.19 20.72 02a57758o0167c 8388608   27.537651
57758.278933 19.334813      NaN     3.0    22 c    0    0.87 17.84968 50.57491   121.25  3499.46 4.06 3.75  76.4 -0.368    19.17 20.66 02a57758o0171c 8388608   27.537651
57758.292890 18.944322      NaN    32.0    22 c    0    0.93 17.84968 50.57491   145.71  3379.42 4.04 3.74  76.5 -0.372    19.14 20.61 02a57758o0197c 8388608   27.537651
57758.294878 19.302877      NaN     2.0    23 c    0    1.02 17.84968 50.57491 10217.22  3451.82 4.07 3.55  83.1 -0.435    19.17 20.67 02a57758o0201c 8388608   28.342939
57778.293395 19.014394      NaN    38.0    18 c    0    0.98 17.84968 50.57491  8385.25  2721.13 4.17 3.86  83.8 -0.393    19.37 21.29 02a57778o0025c    8192   24.460626
57778.311961 19.454622      NaN   -14.0    20 c    0    0.94 17.84968 50.57491  8344.30  2772.28 4.03 3.71  84.0 -0.406    19.39 21.27 02a57778o0063c    8192   25.967715
57782.250578 19.631075      NaN     0.0    17 c    0    0.94 17.84968 50.57491  7847.79  1768.79 3.94 3.67 -89.6 -0.399    19.57 21.48 02a57782o0101c       0   23.734410
57782.262297 19.569016      NaN     1.0    18 c    0    1.05 17.84968 50.57491  7823.41  1726.65 3.93 3.71  86.4 -0.402    19.54 21.45 02a57782o0124c       0   24.460626
57782.275526 19.510313      NaN   -25.0    19 c    0    0.86 17.84968 50.57491  7884.07  1803.66 3.87 3.68  85.8 -0.403    19.52 21.39 02a57782o0150c       0   25.205599
57782.287634 19.569016      NaN   -27.0    18 c    0    1.17 17.84968 50.57491  7909.85  1688.65 3.82 3.66  86.0 -0.412    19.49 21.31 02a57782o0174c       0   24.460626
57782.298700 19.569016      NaN   -26.0    18 c    0    0.97 17.84968 50.57491  7860.26  1743.39 3.89 3.72  82.8 -0.408    19.46 21.29 02a57782o0197c       0   24.460626
57786.275791 18.776955      NaN    48.0    22 c    0    1.28 17.84968 50.57491  8147.51  3099.00 3.89 3.61  84.3 -0.396    19.14 20.70 02a57786o0006c    8192   27.537651
57806.233701 19.183773      NaN    13.0    22 c    0    1.31 17.84968 50.57491  6873.18  1746.83 4.08 3.90  86.8 -0.423    19.15 20.90 02a57806o0004c    8192   27.537651
57806.241781 17.714459      NaN    54.0    82 c    0    1.04 17.84968 50.57491  6935.08  1823.42 4.05 3.89  86.0 -0.414    17.54 19.08 02a57806o0020c       2   83.655975
57806.263218 18.748255      NaN    51.0    22 c    0    1.24 17.84968 50.57491  6909.69  1765.63 4.00 3.96  72.8 -0.420    19.20 21.00 02a57806o0062c    8192   27.537651
57988.538024 17.326476      NaN  -394.0   142 c    0    0.37 17.84968 50.57491    81.24  2871.78 2.46 2.24  39.8 -0.428    19.74 21.51 02a57988o0619c       2  142.962660
57988.548243 19.922338      NaN    -4.0    13 c    0    0.78 17.84968 50.57491    67.16  2828.80 2.48 2.27  40.6 -0.430    19.74 21.50 02a57988o0637c       0   21.055218
57988.556102 19.950541 0.257148    40.0     9 c    0    1.15 17.84968 50.57491   279.34  7624.65 2.57 2.36  13.2 -0.404    19.72 21.47 02a57988o0651c       0   18.849992
57988.557724 20.207197      NaN     0.0    10 c    0    0.76 17.84968 50.57491   121.37  2910.73 2.45 2.27  45.5 -0.425    19.74 21.50 02a57988o0654c       0   19.347408
57988.567163 20.137125      NaN     7.0     9 c    0    1.40 17.84968 50.57491   305.11  7656.89 2.53 2.32   6.0 -0.407    19.76 21.49 02a57988o0669c       0   18.849992
57988.568810 20.009244      NaN    14.0     8 c    0    1.14 17.84968 50.57491   139.14  2787.56 2.40 2.26  33.7 -0.431    19.71 21.49 02a57988o0672c       0   18.393537
57988.576886 19.841877      NaN    14.0    10 c    0    0.77 17.84968 50.57491 10221.36  2847.39 2.70 2.56 -87.9 -0.427    19.74 21.49 02a57988o0686c       0   19.347408
57988.586681 20.321591      NaN    -2.0     9 c    0    1.33 17.84968 50.57491 10248.71  2728.45 2.64 2.54  86.5 -0.431    19.74 21.50 02a57988o0704c       0   18.849992
58012.476805 20.207197      NaN    -8.0    10 c    0    0.70 17.84968 50.57491  5415.78  5495.33 2.78 2.68 -81.8 -0.391    19.72 21.73 02a58012o0565c       0   19.347408
58012.491246 20.321591      NaN     1.0     9 c    0    0.85 17.84968 50.57491  5430.22  5538.44 2.68 2.63 -66.0 -0.401    19.72 21.73 02a58012o0593c       0   18.849992
58012.498766 20.449472      NaN   -18.0     8 c    0    1.26 17.84968 50.57491  5102.02  4974.99 2.53 2.43 -41.6 -0.403    19.81 21.72 02a58012o0608c       0   18.393537
58044.474614 20.207197      NaN   -22.0    10 c    0    1.03 17.84968 50.57491  6909.20  7759.18 2.85 2.66  47.1 -0.437    19.62 21.44 02a58044o0115c       0   19.347408
58044.481041 20.207197      NaN    -6.0    10 c    0    0.92 17.84968 50.57491  6895.35  7719.78 2.99 2.81  46.5 -0.432    19.54 21.42 02a58044o0129c       0   19.347408
58044.500386 19.922338      NaN    -7.0    13 c    0    0.88 17.84968 50.57491  6945.85  7798.38 3.50 3.25  56.6 -0.381    19.36 21.40 02a58044o0170c       0   21.055218
58044.510421 19.454622      NaN    26.0    12 c    0    0.87 17.84968 50.57491  6972.58  7682.28 3.15 2.93  49.5 -0.423    19.48 21.40 02a58044o0191c       0   20.452927
58076.410986 18.806434      NaN    36.0    25 c    0    1.28 17.84968 50.57491  7398.74  7991.90 2.52 2.39  43.9 -0.448    18.69 20.33 02a58076o0437c    8192   29.988701
58076.424843 17.976960      NaN   -78.0    78 c    0    1.39 17.84968 50.57491  7376.90  7951.11 2.48 2.35  40.3 -0.450    17.36 18.71 02a58076o0466c       2   79.739088
58076.430884 15.406889      NaN  -611.0   832 c    0    0.68 17.84968 50.57491  7436.09  8029.55 2.47 2.32  36.8 -0.490    15.10 16.40 02a58076o0479c       2  832.164841
58340.597808 20.321591      NaN   -20.0     9 c    0    1.43 17.84968 50.57491  7468.25  6701.68 2.63 2.44 -44.1 -0.383    19.63 21.62 02a58340o0090c       0   18.849992
58340.606887 20.009244      NaN   -22.0    12 c    0    0.71 17.84968 50.57491  7438.98  6662.11 2.65 2.47 -42.6 -0.385    19.58 21.59 02a58340o0109c       0   20.452927
58340.616392 20.449472      NaN    -8.0     8 c    0    1.30 17.84968 50.57491  7491.11  6744.91 2.56 2.44 -48.3 -0.391    19.78 21.77 02a58340o0128c       0   18.393537
58340.626076 20.207197      NaN    -3.0    10 c    0    1.62 17.84968 50.57491  7499.79  6622.64 2.48 2.41 -60.5 -0.402    19.63 21.14 02a58340o0147c       0   19.347408
58344.573392 18.243872      NaN   -58.0    61 c    0    0.73 17.84968 50.57491  3910.65  5439.05 2.77 2.55 -56.3 -0.382    17.71 19.43 02a58344o0728c       2   63.208561
58344.583337 19.569016      NaN   -20.0    18 c    0    0.89 17.84968 50.57491  6689.38  5097.86 2.74 2.46 -48.0 -0.400    19.11 20.94 02a58344o0747c       0   24.460626
58344.593655 19.841877      NaN    -5.0    14 c    0    1.17 17.84968 50.57491  6731.74  5178.81 2.71 2.44 -49.0 -0.400    19.19 21.02 02a58344o0766c       0   21.686913
58344.603728 19.841877      NaN   -15.0    14 c    0    1.41 17.84968 50.57491  6750.37  5059.73 2.74 2.46 -50.7 -0.403    19.23 21.07 02a58344o0785c       0   21.686913
58396.475765 19.894850      NaN     9.0    11 c    0    1.22 17.84968 50.57491  6872.26  7642.05 2.50 2.43 -23.3 -0.419    19.54 21.32 02a58396o0593c       0   19.882711
58396.482205 19.841877      NaN   -10.0    14 c    0    0.80 17.84968 50.57491  6846.81  7604.70 2.50 2.43 -29.6 -0.415    19.44 21.17 02a58396o0607c       0   21.686913
58396.491629 19.719755      NaN     4.0    15 c    0    1.16 17.84968 50.57491  6908.64  7683.28 2.52 2.45 -27.4 -0.419    19.25 20.99 02a58396o0627c       0   22.345519
58396.501899 18.317510      NaN    47.0    42 c    0    0.98 17.84968 50.57491  6931.45  7569.01 2.53 2.46 -22.4 -0.411    18.13 19.65 02a58396o0649c       0   45.147782
58400.469932 19.674510      NaN    21.0    10 c    0    0.89 17.84968 50.57491  8086.78  5490.34 2.54 2.49  82.3 -0.412    19.74 21.60 02a58400o0411c       0   19.347408
58400.482190 19.922338      NaN    11.0    10 c    0    1.06 17.84968 50.57491  8062.50  5448.25 2.52 2.47 -83.3 -0.412    19.78 21.57 02a58400o0437c       0   19.347408
58400.490095 19.791368      NaN    19.0     9 c    0    0.94 17.84968 50.57491  8121.14  5527.27 2.53 2.48  76.2 -0.413    19.75 21.55 02a58400o0454c       0   18.849992
58400.499638 20.207197      NaN    -1.0    10 c    0    0.73 17.84968 50.57491  8146.80  5412.53 2.65 2.53  55.6 -0.413    19.67 21.55 02a58400o0474c       0   19.347408
58424.450207 20.103715      NaN    -7.0    11 c    0    0.98 17.84968 50.57491  4961.26  6283.61 2.53 2.45 -33.9 -0.408    19.67 21.46 02a58424o0536c       0   19.882711
58424.457237 19.950541      NaN     0.0    11 c    0    0.81 17.84968 50.57491  4934.24  6250.89 3.05 2.71 -53.0 -0.370    19.54 21.43 02a58424o0551c       0   19.882711
58424.466682 20.009244      NaN    -9.0    12 c    0    0.91 17.84968 50.57491  4999.39  6319.71 2.63 2.60  16.4 -0.416    19.60 21.39 02a58424o0571c       0   20.452927
58424.476332 19.454622      NaN    22.0    11 c    0    0.96 17.84968 50.57491  5009.19  6201.18 2.56 2.49 -35.6 -0.414    19.60 21.35 02a58424o0592c       0   19.882711
58428.410782 19.696897      NaN     7.0    12 c    0    0.71 17.84968 50.57491  7437.46  4463.23 2.50 2.44  72.7 -0.411    19.78 21.61 02a58428o0375c       0   20.452927
58428.423682 20.321591      NaN    -6.0     9 c    0    1.09 17.84968 50.57491  7407.86  4422.19 2.70 2.52 -47.5 -0.393    19.68 21.60 02a58428o0402c       0   18.849992
58428.431087 19.894850      NaN     8.0     9 c    0    1.47 17.84968 50.57491  7472.69  4501.85 2.54 2.47  49.9 -0.415    19.73 21.60 02a58428o0418c       0   18.849992
58428.439490 19.950541      NaN     6.0     9 c    0    1.18 17.84968 50.57491  7497.93  4384.15 2.51 2.41  63.4 -0.419    19.75 21.60 02a58428o0436c       0   18.849992
58432.409481 19.696897      NaN   -25.0    16 c    0    1.56 17.84968 50.57491  6265.76  7708.98 2.44 2.40   0.5 -0.425    18.93 20.48 02a58432o0482c       0   23.028726
58432.414982 19.894850      NaN     5.0    10 c    0    1.11 17.84968 50.57491  6254.14  7669.34 2.49 2.39   8.5 -0.441    19.64 21.45 02a58432o0494c       0   19.347408
58432.426436 19.631075      NaN    10.0    12 c    0    0.86 17.84968 50.57491  6314.56  7747.64 2.44 2.37  23.7 -0.438    19.66 21.42 02a58432o0518c       0   20.452927
58432.436080 19.609992      NaN    14.0    11 c    0    0.90 17.84968 50.57491  6326.90  7629.59 2.47 2.38  15.0 -0.438    19.72 21.48 02a58432o0539c       0   19.882711
58436.390431 19.589310      NaN     9.0    13 c    0    1.25 17.84968 50.57491  7120.58  5149.62 2.74 2.65 -40.8 -0.398    19.41 21.25 02a58436o0444c       0   21.055218
58436.401753 20.321591      NaN   -18.0     9 c    0    1.63 17.84968 50.57491  7106.71  5109.83 2.55 2.49 -70.0 -0.405    19.66 21.45 02a58436o0468c       0   18.849992
58436.410613 19.155932      NaN    -4.0    26 c    0    0.77 17.84968 50.57491  7168.60  5187.37 2.58 2.53 -59.3 -0.410    18.67 20.28 02a58436o0487c       0   30.827297
58436.419702 20.207197      NaN   -11.0    10 c    0    1.01 17.84968 50.57491  7178.85  5071.07 2.47 2.45 -68.7 -0.414    19.57 21.32 02a58436o0506c       0   19.347408
58456.395021 20.207197      NaN   -17.0    10 c    0    0.78 17.84968 50.57491  3863.96  2932.94 2.64 2.48 -73.3 -0.389    19.67 21.59 02a58456o0447c       0   19.347408
58456.406820 20.244005      NaN    -3.0     9 c    0    1.43 17.84968 50.57491  3839.82  2895.96 2.62 2.57  54.7 -0.388    19.66 21.57 02a58456o0472c       0   18.849992
58456.424702 20.207197      NaN    -2.0     9 c    0    1.23 17.84968 50.57491  3899.25  2969.03 2.72 2.67  54.8 -0.387    19.55 21.53 02a58456o0510c       0   18.849992
58456.433950 19.894850      NaN     5.0    10 c    0    0.86 17.84968 50.57491  3909.78  2849.06 2.64 2.57  41.7 -0.387    19.59 21.49 02a58456o0530c       0   19.347408
58460.383888 20.009244      NaN   -24.0    12 c    0    1.10 17.84968 50.57491  6522.74 10299.12 3.09 2.84  26.6 -0.424    19.60 21.54 02a58460o0426c       0   20.452927
58460.384807 19.922338      NaN    -8.0    13 c    0    1.18 17.84968 50.57491  8733.34   637.82 3.03 2.82  45.9 -0.386    19.59 21.49 02a58460o0428c       0   21.055218
58460.390292 19.719755      NaN    -3.0    15 c    0    1.21 17.84968 50.57491  8707.23   595.92 3.36 3.13  48.2 -0.372    19.46 21.46 02a58460o0440c       0   22.345519
58460.391664 19.979496      NaN    -4.0    12 c    0    0.98 17.84968 50.57491  6496.17 10258.43 3.06 2.81  30.5 -0.432    19.57 21.51 02a58460o0443c       0   20.452927
58460.401173 19.351140      NaN    22.0    13 c    0    1.28 17.84968 50.57491  6558.20 10338.28 3.58 3.30  29.0 -0.403    19.38 21.47 02a58460o0463c       0   21.055218
58460.402543 19.922338      NaN    -5.0    13 c    0    1.17 17.84968 50.57491  8768.50   679.28 3.19 2.96  45.5 -0.376    19.49 21.42 02a58460o0466c       0   21.055218
58460.410319 18.978793      NaN    37.0    17 c    0    0.84 17.84968 50.57491  8793.09   557.93 3.29 2.93  41.7 -0.373    19.47 21.40 02a58460o0483c       0   23.734410
58460.410776 20.009244      NaN   -14.0    12 c    0    1.31 17.84968 50.57491  6566.90 10218.77 3.26 3.00  29.6 -0.415    19.48 21.44 02a58460o0484c       0   20.452927
58488.310506 20.103715      NaN   -13.0    11 c    0    1.47 17.84968 50.57491   986.77  8420.13 2.68 2.48   7.7 -0.441    19.45 21.33 02a58488o0250c       0   19.882711
58488.320853 20.009244      NaN   -15.0    12 c    0    1.11 17.84968 50.57491   974.72  8379.73 2.72 2.55  12.4 -0.439    19.47 21.30 02a58488o0272c       0   20.452927
58488.329134 19.979496      NaN    -4.0    12 c    0    1.14 17.84968 50.57491  9877.50  8475.58 3.20 2.95  43.4 -0.402    19.38 21.34 02a58488o0290c       0   20.452927
58488.330048 19.841877      NaN   -39.0    14 c    0    1.07 17.84968 50.57491  1033.89  8452.73 2.84 2.69  10.6 -0.430    19.42 21.27 02a58488o0292c       0   21.686913
58488.337641 19.384550      NaN     8.0    17 c    0    1.04 17.84968 50.57491  1049.19  8334.47 3.21 3.08  11.9 -0.405    19.26 21.25 02a58488o0308c       0   23.734410
58488.338556 19.743105      NaN    -1.0    14 c    0    1.10 17.84968 50.57491  9865.31  8435.70 3.15 2.90  45.4 -0.414    19.44 21.32 02a58488o0310c       0   21.686913
58488.349647 19.766969      NaN   -13.0    15 c    0    0.78 17.84968 50.57491  9923.74  8515.90 3.35 3.11  42.6 -0.398    19.32 21.26 02a58488o0334c       0   22.345519
58488.355910 19.841877      NaN   -26.0    14 c    0    1.16 17.84968 50.57491  9938.12  8401.10 3.66 3.34  46.2 -0.391    19.22 21.22 02a58488o0347c       0   21.686913
58492.323351 19.950541 0.342864    33.0    12 c    0    0.80 17.84968 50.57491  1755.25  4503.38 2.59 2.45 -51.0 -0.393    19.49 21.34 02a58492o0270c       0   20.452927
58492.331071 20.207197      NaN    -8.0    10 c    0    1.01 17.84968 50.57491  1742.93  4467.53 2.58 2.46 -35.1 -0.408    19.44 21.32 02a58492o0286c       0   19.347408
58492.341080 19.922338      NaN     4.0    10 c    0    1.30 17.84968 50.57491  1805.15  4540.92 2.59 2.55 -20.0 -0.408    19.44 21.31 02a58492o0307c       0   19.347408
58492.351147 19.922338      NaN    -7.0    13 c    0    1.04 17.84968 50.57491  1817.44  4421.08 2.62 2.58 -32.2 -0.410    19.37 21.27 02a58492o0329c       0   21.055218
58664.603844 19.868040      NaN     0.0    12 c    0    0.93 17.84968 50.57491  5979.78  6483.27 2.90 2.51  46.0 -0.387    19.56 21.54 02a58664o0777c       0   20.452927
58664.607597 19.841877      NaN     7.0    10 c    0    1.62 17.84968 50.57491  5999.86  6521.52 2.80 2.44  43.9 -0.388    19.55 21.35 02a58664o0785c       0   19.347408
58664.614057 19.454622      NaN     4.0    17 c    0    0.69 17.84968 50.57491  5944.22  6447.13 2.75 2.42  43.7 -0.390    19.22 20.55 02a58664o0798c       0   23.734410
58664.619538 18.598565      NaN    49.0    26 c    0    1.31 17.84968 50.57491  5924.06  6563.07 2.84 2.39  42.7 -0.384    18.51 19.46 02a58664o0809c       0   30.827297
58668.579020 19.510313      NaN    -9.0    19 c    0    0.66 17.84968 50.57491 10501.91  2761.46 2.63 2.29 -50.6 -0.436    19.69 21.54 02a58668o0722c       0   25.205599
58668.581947 17.341877      NaN   -34.0   140 c    0    0.03 17.84968 50.57491 10520.71  2799.21 2.61 2.28 -49.7 -0.436    19.68 21.53 02a58668o0728c       2  140.976318
58668.588044 19.652575      NaN     6.0    13 c    0    0.86 17.84968 50.57491 10464.08  2723.52 2.65 2.33 -52.2 -0.431    19.66 21.54 02a58668o0741c       0   21.055218
58668.597896 20.103715      NaN    -2.0    10 c    0    1.10 17.84968 50.57491 10443.96  2843.32 2.76 2.39 -54.3 -0.425    19.64 21.56 02a58668o0762c       0   19.347408
58668.602738 19.979496      NaN     2.0    10 c    0    0.60 17.84968 50.57491  1043.45  2798.46 2.40 2.32 -82.2 -0.428    19.65 21.46 02a58668o0772c       0   19.347408
58668.606013 20.321591      NaN    -7.0     9 c    0    0.84 17.84968 50.57491  1062.12  2839.14 2.43 2.33 -86.7 -0.430    19.63 21.41 02a58668o0779c       0   18.849992
58668.609983 20.071303      NaN     2.0     9 c    0    1.32 17.84968 50.57491   997.68  2757.47 2.49 2.29  57.4 -0.420    19.52 21.20 02a58668o0787c       0   18.849992
58668.612857 20.103715      NaN   -19.0    11 c    0    1.14 17.84968 50.57491   979.23  2873.11 2.67 2.30  46.4 -0.406    19.37 20.90 02a58668o0793c       0   19.882711
58700.607006 19.569016      NaN    19.0    10 c    0    0.96 17.84968 50.57491  1666.39 10076.08 2.63 2.06 -50.2 -0.449    19.80 21.77 02a58700o0742c       0   19.347408
58700.610305 19.841877      NaN     4.0    11 c    0    0.89 17.84968 50.57491  1646.61 10037.17 2.67 2.12 -51.6 -0.447    19.76 21.78 02a58700o0749c       0   19.882711
58700.617269 19.950541      NaN     6.0     9 c    0    1.49 17.84968 50.57491  1698.62 10112.52 2.72 2.12 -51.7 -0.441    19.79 21.72 02a58700o0764c       0   18.849992
58700.624393 20.171596      NaN    -4.0    10 c    0    1.52 17.84968 50.57491  1715.81  9991.96 2.66 2.11 -50.7 -0.448    19.65 21.19 02a58700o0779c       0   19.347408
58700.635143 18.058851      NaN    68.0    48 c    0    1.11 17.84968 50.57491  1671.96 10051.09 2.37 2.26 -57.5 -0.483    18.02 18.91 02a58700o0802c       0   50.777182
58708.564500 19.401649      NaN     7.0    17 c    0    1.29 17.84968 50.57491  8308.26  4418.29 2.62 2.40  46.5 -0.376    18.91 19.91 02a58708o0727c       0   23.734410
58708.567616 18.967180      NaN    29.0    20 c    0    1.11 17.84968 50.57491  8324.76  4458.48 2.70 2.48  46.0 -0.366    18.91 19.94 02a58708o0733c       0   25.967715
58708.574815 19.089302      NaN    19.0    20 c    0    0.77 17.84968 50.57491  8269.61  4382.62 2.73 2.48  42.8 -0.368    18.97 20.04 02a58708o0748c       0   25.967715
58708.584763 19.589310      NaN     0.0    16 c    0    1.38 17.84968 50.57491  2362.80  6085.54 2.43 2.35  16.1 -0.387    19.15 20.21 02a58708o0769c       0   23.028726
58724.550110 20.449472      NaN    -6.0     8 c    0    1.47 17.84968 50.57491  2971.22  2777.68 2.43 2.29 -65.2 -0.410    19.81 21.85 02a58724o0712c       0   18.393537
58724.553286 20.594452      NaN    -9.0     7 c    0    1.63 17.84968 50.57491  2990.81  2816.32 2.50 2.42 -21.2 -0.398    19.77 21.86 02a58724o0718c       0   17.981163
58724.558598 20.137125      NaN    -3.0    10 c    0    0.91 17.84968 50.57491  7679.87  7845.41 2.54 2.40 -69.9 -0.411    19.84 21.88 02a58724o0729c       0   19.347408
58724.569423 20.207197      NaN    -2.0     9 c    0    1.21 17.84968 50.57491  7696.69  7728.40 2.55 2.41 -68.5 -0.412    19.79 21.88 02a58724o0751c       0   18.849992
58728.540140 20.594452      NaN    -9.0     7 c    0    1.48 17.84968 50.57491  2964.28  2780.66 2.50 2.43 -59.2 -0.397    19.73 21.90 02a58728o0674c       0   17.981163
58728.543357 20.207197      NaN    -2.0     9 c    0    1.26 17.84968 50.57491  2983.30  2817.97 2.45 2.39 -84.4 -0.399    19.77 21.88 02a58728o0681c       0   18.849992
58728.550018 20.171596      NaN     2.0     8 c    0    0.92 17.84968 50.57491  2927.35  2737.28 2.43 2.39 -88.7 -0.400    19.78 21.88 02a58728o0695c       0   18.393537
58728.564617 20.321591      NaN   -17.0     9 c    0    0.81 17.84968 50.57491  7691.53  7730.16 2.55 2.49  57.3 -0.396    19.83 21.88 02a58728o0726c       0   18.849992
58752.469409 20.103715      NaN     1.0     9 c    0    0.83 17.84968 50.57491  6562.35  4005.40 2.84 2.34  33.6 -0.377    19.72 21.77 02a58752o0535c       0   18.849992
58752.472517 20.449472      NaN    -9.0     8 c    0    1.31 17.84968 50.57491  4071.79  6612.85 2.76 2.29  39.4 -0.380    19.76 21.76 02a58752o0541c       0   18.393537
58752.477714 20.321591      NaN   -11.0     9 c    0    1.11 17.84968 50.57491  6603.80  4043.96 2.45 2.32  38.8 -0.391    19.77 21.76 02a58752o0552c       0   18.849992
58752.495469 20.039830      NaN     0.0    10 c    0    0.76 17.84968 50.57491  6613.34  3926.69 2.39 2.33  31.9 -0.393    19.79 21.69 02a58752o0589c       0   19.347408
58756.601320 19.922338      NaN     1.0    11 c    0    1.12 17.84968 50.57491  2596.06  4202.22 2.55 2.53  27.2 -0.389    19.49 21.38 02a58756o0563c       0   19.882711
58756.604532 19.696897      NaN    16.0     9 c    0    1.26 17.84968 50.57491  2576.58  4161.26 2.49 2.46  14.5 -0.393    19.51 21.36 02a58756o0570c       0   18.849992
58756.610070 20.009244      NaN     1.0    10 c    0    0.88 17.84968 50.57491  2635.74  4237.94 2.51 2.35 -50.7 -0.398    19.49 21.34 02a58756o0582c       0   19.347408
58756.619856 19.791368      NaN     9.0    10 c    0    0.96 17.84968 50.57491  2654.33  4117.43 2.43 2.37 -52.3 -0.398    19.51 21.27 02a58756o0603c       0   19.347408
58780.411680 20.449472      NaN   -16.0     8 c    0    1.54 17.84968 50.57491  9092.04  9720.36 2.87 2.49 -63.0 -0.379    19.76 21.61 02a58780o0489c       0   18.393537
58780.414519 19.979496      NaN     2.0    10 c    0    1.12 17.84968 50.57491  9072.52  9680.71 2.92 2.54 -61.6 -0.374    19.76 21.61 02a58780o0495c       0   19.347408
58780.420593 20.207197      NaN   -16.0    10 c    0    1.35 17.84968 50.57491  9125.81  9761.76 2.89 2.50 -58.8 -0.381    19.76 21.63 02a58780o0508c       0   19.347408
58780.430848 19.696897      NaN    10.0    11 c    0    1.22 17.84968 50.57491  9138.82  9642.43 2.78 2.54 -62.8 -0.380    19.76 21.59 02a58780o0530c       0   19.882711
58784.415052 19.696897      NaN    10.0    11 c    0    0.79 17.84968 50.57491  9087.33  9717.67 2.81 2.57 -70.3 -0.374    19.73 21.47 02a58784o0395c       0   19.882711
58784.418261 19.979496      NaN     2.0    10 c    0    0.94 17.84968 50.57491  9067.76  9679.58 2.82 2.61 -71.8 -0.370    19.74 21.48 02a58784o0402c       0   19.347408
58784.423777 19.950541      NaN     0.0    11 c    0    1.02 17.84968 50.57491  9120.92  9758.06 2.78 2.64 -78.7 -0.374    19.71 21.48 02a58784o0414c       0   19.882711
58784.433886 19.868040      NaN     9.0     9 c    0    1.54 17.84968 50.57491  9133.30  9641.40 2.79 2.60  58.6 -0.373    19.65 21.47 02a58784o0436c       0   18.849992
58788.398737 20.009244      NaN     1.0    10 c    0    1.20 17.84968 50.57491  4210.57  6020.66 2.27 2.25 -34.9 -0.402    19.72 21.47 02a58788o0469c       0   19.347408
58788.401949 20.103715      NaN   -25.0    11 c    0    0.72 17.84968 50.57491  4193.02  5981.42 2.27 2.22 -48.7 -0.400    19.71 21.46 02a58788o0476c       0   19.882711
58788.407484 20.321591      NaN    -2.0     8 c    0    1.30 17.84968 50.57491  4247.65  6057.02 2.30 2.25  26.6 -0.397    19.68 21.42 02a58788o0488c       0   18.393537
58788.418098 20.103715      NaN   -11.0    11 c    0    0.83 17.84968 50.57491  4266.82  5940.59 2.24 2.21 -33.7 -0.404    19.68 21.37 02a58788o0511c       0   19.882711
58790.599616 19.419021      NaN     6.0    17 c    0    1.01 17.84968 50.57491  6778.34  7666.40 2.86 2.53  32.7 -0.379    19.13 20.56 02a58790o0874c    8192   23.734410
58808.338095 19.674510      NaN    14.0    10 c    0    0.73 17.84968 50.57491  7522.51  1594.12 2.60 2.56 -81.0 -0.381    19.62 21.62 02a58808o0345c       0   19.347408
58808.341305 20.071303      NaN    -1.0    10 c    0    0.94 17.84968 50.57491  7502.29  1554.27 2.52 2.48 -85.0 -0.386    19.66 21.60 02a58808o0352c       0   19.347408
58808.347723 20.207197      NaN   -16.0    10 c    0    0.88 17.84968 50.57491  7561.06  1633.08 2.59 2.55  49.1 -0.381    19.64 21.57 02a58808o0366c       0   19.347408
58808.358766 20.207197      NaN    -7.0    10 c    0    0.89 17.84968 50.57491  7580.10  1514.46 2.53 2.48 -79.1 -0.385    19.66 21.61 02a58808o0390c       0   19.347408
58816.309522 20.103715      NaN    -2.0    10 c    0    0.98 17.84968 50.57491  7247.74  9746.57 2.73 2.53  54.3 -0.388    19.75 21.82 02a58816o0271c       0   19.347408
58816.312740 20.103715      NaN     1.0     9 c    0    1.35 17.84968 50.57491  7228.04  9706.42 2.75 2.53  52.0 -0.389    19.75 21.83 02a58816o0278c       0   18.849992
58816.319166 19.894850      NaN     5.0    10 c    0    0.89 17.84968 50.57491  7280.56  9784.30 2.78 2.56 -64.4 -0.392    19.77 21.84 02a58816o0292c       0   19.347408
58816.329718 20.207197      NaN   -16.0    10 c    0    1.20 17.84968 50.57491  7297.75  9667.83 2.88 2.62 -63.6 -0.388    19.75 21.78 02a58816o0315c       0   19.347408
58868.285614 19.436675      NaN     8.0    16 c    0    1.20 17.84968 50.57491    40.66  7804.87 2.49 2.12 -47.4 -0.368    19.64 21.41 02a58868o0195c       0   23.028726
58868.294909 19.894850      NaN    -4.0    13 c    0    0.65 17.84968 50.57491    78.90  7839.94 2.58 2.24 -49.2 -0.371    19.58 21.39 02a58868o0215c       0   21.055218
58868.302891 19.791368      NaN     6.0    11 c    0    1.09 17.84968 50.57491  9496.74  7786.38 2.82 2.68 -61.4 -0.385    19.65 21.47 02a58868o0232c       0   19.882711
58868.304771 19.569016      NaN    16.0    11 c    0    1.09 17.84968 50.57491    98.39  7719.11 2.57 2.25 -47.3 -0.355    19.57 21.35 02a58868o0236c       0   19.882711
58868.306187 19.841877      NaN     7.0    10 c    0    1.02 17.84968 50.57491  9478.43  7747.08 2.75 2.66 -62.9 -0.392    19.62 21.45 02a58868o0239c       0   19.347408
58868.311713 20.103715      NaN   -19.0    11 c    0    1.02 17.84968 50.57491  9536.63  7827.25 2.81 2.69 -63.2 -0.387    19.57 21.41 02a58868o0251c       0   19.882711
58868.323409 19.950541      NaN     0.0    11 c    0    1.52 17.84968 50.57491  9554.66  7709.59 3.34 3.28  86.9 -0.353    19.38 21.30 02a58868o0276c       0   19.882711
58872.214438 19.401649      NaN   -31.0    21 c    0    0.89 17.84968 50.57491    50.77  7819.27 2.47 2.02 -44.3 -0.364    19.41 20.69 02a58872o0039c       0   26.745508
58872.217676 16.884550      NaN   182.0   151 c    0    0.31 17.84968 50.57491    31.07  7780.85 2.47 2.03 -43.4 -0.372    19.62 21.14 02a58872o0046c       2  151.905636
58872.225056 19.743105      NaN     5.0    12 c    0    0.65 17.84968 50.57491    88.31  7852.25 2.47 2.01 -46.1 -0.387    19.75 21.49 02a58872o0062c       0   20.452927
58872.233815 19.894850      NaN     8.0     9 c    0    1.14 17.84968 50.57491  9507.26  7796.21 2.58 2.48  89.2 -0.402    19.75 21.57 02a58872o0081c       0   18.849992
58872.235203 19.743105      NaN     8.0    11 c    0    0.77 17.84968 50.57491   107.73  7731.26 2.46 2.05 -47.9 -0.384    19.73 21.53 02a58872o0084c       0   19.882711
58872.237063 20.207197      NaN     1.0     8 c    0    2.32 17.84968 50.57491  9484.99  7754.59 2.69 2.37  35.3 -0.397    19.75 21.58 02a58872o0088c       0   18.393537
58872.242624 19.979496      NaN     2.0    10 c    0    0.93 17.84968 50.57491  9545.04  7835.35 2.65 2.46 -68.5 -0.406    19.81 21.57 02a58872o0100c       0   19.347408
58872.253249 20.103715      NaN     1.0     9 c    0    1.34 17.84968 50.57491  9561.79  7719.17 2.61 2.47 -69.2 -0.407    19.76 21.55 02a58872o0123c       0   18.849992
58876.295008 20.009244      NaN   -37.0    12 c    0    1.02 17.84968 50.57491 10480.28  3956.22 2.48 2.37 -39.8 -0.414    19.71 21.48 02a58876o0199c    8192   20.452927
58876.298292 19.979496      NaN    -1.0    11 c    0    1.07 17.84968 50.57491 10461.16  3914.93 2.56 2.36 -48.9 -0.417    19.68 21.46 02a58876o0206c    8192   19.882711
58876.303430 17.174510      NaN    20.0   155 c    0    0.03 17.84968 50.57491 10519.40  3991.88 2.52 2.41 -13.2 -0.416    19.65 21.40 02a58876o0217c       2  155.882399
58900.229262 19.334813      NaN    24.5    14 c    0    0.89 17.84968 50.57491  1628.27 10076.30 2.88 2.41 -52.2 -0.430    19.31 20.88 02a58900o0045c       0   21.686913
58900.231556 19.922338      NaN    -6.5    13 c    0    0.90 17.84968 50.57491  1610.40 10038.10 2.82 2.39 -52.0 -0.435    19.37 20.97 02a58900o0050c       0   21.055218
58900.235300 19.454622      NaN    17.5    14 c    0    0.86 17.84968 50.57491  1666.75 10114.59 2.89 2.45 -50.9 -0.427    19.37 21.03 02a58900o0057c       0   21.686913
58900.244279 19.922338      NaN    -5.5    13 c    0    1.02 17.84968 50.57491  1685.21  9992.70 2.90 2.45 -49.7 -0.425    19.34 21.03 02a58900o0075c       0   21.055218
58992.594494 19.922338      NaN   -31.5    13 c    0    0.85 17.84968 50.57491  6351.18  4552.71 2.89 2.47  39.7 -0.375    19.30 20.89 02a58992o0776c       0   21.055218
58992.598722 19.766969      NaN   -15.5    15 c    0    0.66 17.84968 50.57491  6371.93  4591.03 2.96 2.50  37.8 -0.373    19.26 20.89 02a58992o0785c       0   22.345519
58992.606146 19.696897      NaN    -5.5    16 c    0    0.93 17.84968 50.57491  6312.23  4513.36 2.93 2.45  36.7 -0.379    19.21 20.61 02a58992o0801c       0   23.028726
58992.615332 18.806434      NaN    15.5    31 c    0    1.44 17.84968 50.57491  6294.54  4629.43 2.93 2.45  39.6 -0.364    18.25 19.11 02a58992o0821c       0   35.147151
59048.595921 19.743105      NaN    18.5     9 c    0    1.06 17.84968 50.57491  2528.40  4703.49 2.51 2.31  50.6 -0.398    19.71 21.78 02a59048o0760c       0   18.849992
59048.606631 19.979496      NaN     9.5     9 c    0    0.96 17.84968 50.57491  2549.70  4742.73 2.57 2.37  48.9 -0.392    19.66 21.74 02a59048o0783c       0   18.849992
59048.613100 20.207197      NaN    -3.5    10 c    0    0.86 17.84968 50.57491  2493.79  4662.76 2.55 2.35  48.0 -0.397    19.61 21.52 02a59048o0797c       0   19.347408
59048.623359 18.806434      NaN    45.5    21 c    0    0.80 17.84968 50.57491  2480.36  4778.67 2.54 2.33  50.0 -0.395    18.78 19.93 02a59048o0818c       0   26.745508
59060.582105 19.841877      NaN    11.5    10 c    0    0.92 17.84968 50.57491  6015.07  6487.26 2.95 2.60  45.2 -0.390    19.64 21.94 02a59060o0730c       0   19.347408
59060.585780 20.449472      NaN   -18.5     8 c    0    2.04 17.84968 50.57491  6036.02  6525.44 2.75 2.40  44.9 -0.397    19.75 21.94 02a59060o0738c       0   18.393537
59060.607562 20.321591      NaN   -17.5     9 c    0    1.24 17.84968 50.57491  5981.91  6450.77 2.76 2.42  44.2 -0.393    19.72 21.88 02a59060o0784c       0   18.849992
59060.618146 20.321591      NaN   -10.5     9 c    0    1.55 17.84968 50.57491  5962.08  6568.08 2.77 2.40  40.1 -0.395    19.62 21.59 02a59060o0807c       0   18.849992
59080.519632 20.207197      NaN   -14.5    10 c    0    0.94 17.84968 50.57491  9974.63  6672.47 2.80 2.53  44.6 -0.392    19.71 21.82 02a59080o0625c       0   19.347408
59080.523792 20.207197      NaN   -12.5    10 c    0    0.91 17.84968 50.57491  9993.61  6709.65 2.70 2.57  61.0 -0.401    19.73 21.83 02a59080o0634c       0   19.347408
59080.539412 19.922338      NaN     5.5    11 c    0    0.95 17.84968 50.57491  9934.91  6637.71 3.01 2.57  43.6 -0.382    19.63 21.83 02a59080o0667c       0   19.882711
59080.546422 20.207197      NaN    -7.5    10 c    0    1.12 17.84968 50.57491  9916.45  6756.75 2.77 2.64  59.2 -0.399    19.71 21.83 02a59080o0682c       0   19.347408
59080.546879 20.039830      NaN     4.5    10 c    0    1.06 17.84968 50.57491   100.82  6619.45 2.43 2.31 -65.7 -0.368    19.69 21.80 02a59080o0683c       0   19.347408
59080.548707 19.454622      NaN    20.5    13 c    0    0.46 17.84968 50.57491   120.97  6660.48 2.42 2.33 -65.6 -0.382    19.70 21.80 02a59080o0687c       0   21.055218
59080.555637 19.922338      NaN   -15.5    13 c    0    1.26 17.84968 50.57491    60.30  6579.31 2.49 2.33  42.4 -0.359    19.63 21.79 02a59080o0702c       0   21.055218
59080.567206 19.128787      NaN    17.5    21 c    0    0.82 17.84968 50.57491    40.83  6696.96 2.39 2.36  -4.1 -0.362    19.68 21.78 02a59080o0726c       0   26.745508
59084.503257 20.207197      NaN   -10.5    10 c    0    1.07 17.84968 50.57491  9133.69  9141.07 2.80 2.67  75.5 -0.380    19.73 21.85 02a59084o0595c       0   19.347408
59084.506024 20.103715      NaN   -15.5    11 c    0    0.95 17.84968 50.57491  9150.05  9180.18 2.73 2.62  73.9 -0.383    19.70 21.86 02a59084o0601c       0   19.882711
59084.508768 20.207197      NaN    -6.5    10 c    0    1.19 17.84968 50.57491  9093.05  9102.85 2.80 2.68  81.2 -0.381    19.70 21.86 02a59084o0607c       0   19.347408
59084.533756 20.207197      NaN    -8.5    10 c    0    0.89 17.84968 50.57491  9075.51  9224.62 2.94 2.56  48.3 -0.381    19.67 21.85 02a59084o0661c       0   19.347408
59088.552674 19.979496      NaN     9.5     9 c    0    1.28 17.84968 50.57491  1447.42  1429.16 2.37 2.33  68.7 -0.418    19.74 21.88 02a59088o0699c       0   18.849992
59088.581213 20.449472      NaN    -3.5     8 c    0    1.16 17.84968 50.57491  1426.23  1384.82 2.35 2.30  72.2 -0.417    19.76 21.87 02a59088o0760c       0   18.393537
59088.609550 19.950541      NaN     7.5    10 c    0    0.85 17.84968 50.57491  1481.59  1458.61 2.38 2.31  71.7 -0.415    19.67 21.82 02a59088o0821c       0   19.347408
59088.634651 19.510313      NaN   -17.5    19 c    0    0.98 17.84968 50.57491  1507.41  1344.13 2.47 2.27  50.8 -0.414    18.90 20.16 02a59088o0874c       0   25.205599
59108.464284 19.791368      NaN    16.5     9 c    0    1.04 17.84968 50.57491  8313.87  4412.94 2.55 2.45  88.9 -0.386    19.72 21.88 02a59108o0530c       0   18.849992
59108.469789 20.071303      NaN     6.5     9 c    0    1.18 17.84968 50.57491  8335.96  4452.99 2.53 2.43 -84.0 -0.389    19.76 21.86 02a59108o0542c       0   18.849992
59108.471625 20.039830      NaN     4.5    10 c    0    0.74 17.84968 50.57491  8279.13  4377.96 2.53 2.44 -84.9 -0.388    19.75 21.87 02a59108o0546c       0   19.347408
59108.477178 20.207197      NaN    -9.5    10 c    0    1.12 17.84968 50.57491  8260.97  4496.87 2.55 2.47  87.0 -0.384    19.70 21.87 02a59108o0558c       0   19.347408
59112.571716 20.009244      NaN    -3.5    12 c    0    0.70 17.84968 50.57491  2262.04  6147.78 2.32 2.28  20.2 -0.398    19.63 21.41 02a59112o0153c    8192   20.452927
59112.575918 20.207197      NaN   -18.5    10 c    0    1.15 17.84968 50.57491  2242.22  6108.49 2.40 2.38   6.0 -0.393    19.60 21.41 02a59112o0162c    8192   19.347408
59136.428710 20.207197      NaN    -6.5    10 c    0    0.88 17.84968 50.57491  9528.91  1572.14 2.51 2.22 -58.1 -0.415    19.76 21.68 02a59136o0574c       0   19.347408
59136.462477 19.841877      NaN    17.5     8 c    0    1.41 17.84968 50.57491  9505.85  1529.10 2.44 2.20 -58.1 -0.411    19.76 21.63 02a59136o0646c       0   18.393537
59136.465677 19.868040      NaN    13.5     9 c    0    0.93 17.84968 50.57491  9568.57  1609.92 2.47 2.19 -57.7 -0.415    19.75 21.62 02a59136o0653c       0   18.849992
59136.471203 20.207197      NaN    -1.5    10 c    0    0.76 17.84968 50.57491  9591.85  1492.75 2.48 2.12 -58.1 -0.420    19.73 21.62 02a59136o0665c       0   19.347408
59140.428121 20.171596      NaN     0.5    10 c    0    1.41 17.84968 50.57491  3835.40  7971.54 2.39 2.31  26.0 -0.397    19.66 21.61 02a59140o0516c       0   19.347408
59140.431322 20.321591      NaN   -17.5     9 c    0    1.32 17.84968 50.57491  3817.97  7932.12 2.41 2.32   5.1 -0.393    19.67 21.58 02a59140o0523c       0   18.849992
59140.437290 20.103715      NaN   -20.5    11 c    0    1.34 17.84968 50.57491  3872.34  8008.45 2.53 2.29  31.9 -0.380    19.64 21.55 02a59140o0536c       0   19.882711
59140.447827 19.589310      NaN     7.5    15 c    0    1.11 17.84968 50.57491  3894.42  7891.23 2.47 2.31  30.6 -0.387    19.16 20.89 02a59140o0559c       0   22.345519
59144.400574 20.321591      NaN    -7.5     9 c    0    1.24 17.84968 50.57491  3839.55  7973.62 2.24 2.24  48.5 -0.401    19.86 21.73 02a59144o0410c       0   18.849992
59144.403826 20.009244      NaN     8.5     9 c    0    0.88 17.84968 50.57491  3820.55  7934.32 2.25 2.25 -10.5 -0.400    19.79 21.73 02a59144o0417c       0   18.849992
59144.435180 20.321591      NaN    -2.5     9 c    0    1.18 17.84968 50.57491  3871.99  8007.16 2.35 2.29  26.1 -0.394    19.78 21.72 02a59144o0484c       0   18.849992
59144.440668 19.922338      NaN     5.5    11 c    0    0.79 17.84968 50.57491  3892.83  7889.62 2.38 2.31  19.8 -0.395    19.77 21.72 02a59144o0496c       0   19.882711
59192.279290 19.894850      NaN    12.5     9 c    0    1.20 17.84968 50.57491  4197.67  6035.28 2.38 2.36  26.8 -0.395    19.73 21.79 02a59192o0209c       0   18.849992
59192.282532 20.207197      NaN    -8.5    10 c    0    0.87 17.84968 50.57491  4178.13  5994.78 2.44 2.40  42.8 -0.392    19.76 21.77 02a59192o0216c       0   19.347408
59192.288030 20.137125      NaN    10.5     7 c    0    1.65 17.84968 50.57491  4234.08  6071.63 2.35 2.28  25.1 -0.401    19.81 21.80 02a59192o0228c       0   17.981163
59192.300864 20.207197      NaN   -12.5    10 c    0    0.58 17.84968 50.57491  4254.85  5953.85 2.40 2.37  -3.5 -0.395    19.77 21.77 02a59192o0256c       0   19.347408
59194.328556 20.207197      NaN   -11.5    10 c    0    1.10 17.84968 50.57491  8847.25   423.88 2.79 2.55 -52.9 -0.377    19.78 23.08 01a59194o0316c       0   19.347408
59194.331782 20.207197      NaN    -3.5    10 c    0    1.13 17.84968 50.57491  8867.02   462.26 2.79 2.65 -56.7 -0.376    19.76 23.10 01a59194o0323c       0   19.347408
59194.338375 20.207197      NaN   -21.5    10 c    0    0.97 17.84968 50.57491  8815.93   389.12 2.87 2.61 -47.9 -0.370    19.76 23.08 01a59194o0337c       0   19.347408
59194.350891 19.719755      NaN    13.5    11 c    0    0.88 17.84968 50.57491  8800.07   509.32 2.80 2.58 -57.9 -0.375    19.73 23.05 01a59194o0364c       0   19.882711
59200.286025 20.321591      NaN   -12.5     9 c    0    1.17 17.84968 50.57491  5463.42  1669.75 2.36 2.20 -56.7 -0.404    19.68 21.54 02a59200o0219c       0   18.849992
59200.289237 20.321591      NaN    -2.5     9 c    0    1.19 17.84968 50.57491  5443.80  1632.24 2.39 2.19 -55.5 -0.409    19.71 21.56 02a59200o0226c       0   18.849992
59200.296101 20.171596      NaN     3.5     9 c    0    1.16 17.84968 50.57491  5502.27  1707.71 2.49 2.29 -57.8 -0.401    19.64 21.53 02a59200o0241c       0   18.849992
59200.306166 20.321591      NaN   -21.5     9 c    0    0.79 17.84968 50.57491  5521.10  1589.94 2.43 2.27 -59.5 -0.405    19.71 21.59 02a59200o0263c       0   18.849992
59218.293592 20.282105      NaN     3.5     8 c    0    1.81 17.84968 50.57491  2901.65  2771.69 2.45 2.43  18.8 -0.389    19.71 21.64 01a59218o0222c       0   18.393537
59218.298698 19.816329      NaN    12.5    10 c    0    0.63 17.84968 50.57491  2922.61  2811.82 2.35 2.28  38.2 -0.399    19.73 21.64 01a59218o0233c       0   19.347408
59218.308869 20.321591      NaN    -3.5     9 c    0    1.19 17.84968 50.57491  2867.85  2731.85 2.35 2.31  49.7 -0.403    19.77 21.65 01a59218o0255c       0   18.849992
59218.313036 20.449472      NaN    -5.5     8 c    0    1.34 17.84968 50.57491  2851.19  2849.39 2.32 2.29  55.8 -0.405    19.76 21.65 01a59218o0264c       0   18.393537
59220.286479 19.652575      NaN    19.5    10 c    0    0.81 17.84968 50.57491  8496.34  3965.32 2.41 2.37 -87.4 -0.392    19.75 21.59 02a59220o0205c       0   19.347408
59220.289718 20.449472      NaN    -0.5     8 c    0    1.44 17.84968 50.57491  8475.19  3924.02 2.37 2.32  79.1 -0.394    19.74 21.57 02a59220o0212c       0   18.393537
59220.296164 19.719755      NaN    16.5    10 c    0    0.93 17.84968 50.57491  8537.15  4004.28 2.38 2.30 -80.5 -0.395    19.73 21.55 02a59220o0226c       0   19.347408
59220.310430 19.743105      NaN    15.5    10 c    0    1.10 17.84968 50.57491  8561.93  3887.62 2.39 2.35  87.9 -0.394    19.70 21.49 02a59220o0257c       0   19.347408
59222.244719 20.103715      NaN    14.5     6 c    0    2.35 17.84968 50.57491  2895.46  2773.59 2.25 2.17  38.5 -0.409    19.89 21.84 01a59222o0113c       0   17.615965
59222.248414 20.594452      NaN   -15.5     7 c    0    1.68 17.84968 50.57491  2917.78  2813.11 2.46 2.32  22.5 -0.377    19.75 21.82 01a59222o0121c       0   17.981163
59222.253951 20.171596      NaN     6.5     8 c    0    1.40 17.84968 50.57491  2860.32  2733.61 2.34 2.22  31.0 -0.400    19.81 21.81 01a59222o0133c       0   18.393537
59222.265036 19.743105      NaN    21.5     8 c    0    1.91 17.84968 50.57491  2846.44  2850.51 2.36 2.25  52.9 -0.396    19.82 21.80 01a59222o0157c       0   18.393537
59226.278373 20.362567      NaN     1.5     8 c    0    1.39 17.84968 50.57491  1069.26  9031.81 2.51 2.21 -69.0 -0.384    19.79 21.88 01a59226o0143c       0   18.393537
59226.282097 19.609992      NaN    21.5    10 c    0    0.78 17.84968 50.57491  1089.83  9071.43 2.61 2.36 -65.1 -0.376    19.74 21.87 01a59226o0151c       0   19.347408
59226.288548 20.207197      NaN    -0.5    10 c    0    0.91 17.84968 50.57491  1029.26  8991.03 2.61 2.37 -69.6 -0.371    19.75 21.85 01a59226o0165c       0   19.347408
59226.298709 19.766969      NaN    14.5    10 c    0    1.26 17.84968 50.57491  1007.37  9105.19 3.14 2.92 -58.2 -0.341    19.56 21.83 01a59226o0187c       0   19.347408
59228.319921 20.103715      NaN    -1.5    11 c    0    0.93 17.84968 50.57491  5715.10  7865.07 2.83 2.73  38.3 -0.385    19.52 21.44 02a59228o0191c       0   19.882711
59228.323128 19.589310      NaN    16.5    12 c    0    0.90 17.84968 50.57491  5696.79  7825.71 2.76 2.69  33.7 -0.390    19.54 21.43 02a59228o0198c       0   20.452927
59228.330947 19.950541      NaN     1.5    12 c    0    0.99 17.84968 50.57491  5751.10  7902.42 2.87 2.84  37.3 -0.379    19.45 21.39 02a59228o0215c       0   20.452927
59228.341073 19.922338      NaN   -33.5    13 c    0    0.94 17.84968 50.57491  5770.47  7787.43 2.95 2.89  21.2 -0.387    19.39 21.34 02a59228o0237c       0   21.055218
59230.232393 20.244005      NaN     1.5     9 c    0    1.42 17.84968 50.57491  1058.93  9029.65 2.40 2.09 -80.2 -0.408    19.85 21.76 01a59230o0079c       0   18.849992
59230.236539 20.449472      NaN   -17.5     8 c    0    1.31 17.84968 50.57491  1080.99  9070.07 2.48 2.15 -77.2 -0.402    19.81 21.76 01a59230o0088c       0   18.393537
59230.242534 19.631075      NaN    23.5     9 c    0    1.32 17.84968 50.57491  1019.64  8989.51 2.63 2.31 -78.6 -0.388    19.77 21.76 01a59230o0101c       0   18.849992
59230.252688 20.207197      NaN    -5.5    10 c    0    0.83 17.84968 50.57491  1001.41  9105.03 2.65 2.34 -78.8 -0.392    19.68 21.75 01a59230o0123c       0   19.347408
59248.214668 19.026525      NaN     7.5    27 c    0    0.99 17.84968 50.57491  8049.98  5884.13 2.45 2.29  36.0 -0.393    18.66 19.63 02a59248o0025c       0   31.675262
59248.217881 19.436675      NaN    15.5    15 c    0    0.99 17.84968 50.57491  8031.16  5843.50 2.49 2.30  37.1 -0.388    19.18 20.37 02a59248o0032c       0   22.345519
59248.225229 20.103715      NaN    -2.5    11 c    0    1.13 17.84968 50.57491  8088.55  5922.00 2.63 2.50  41.0 -0.396    19.50 21.29 02a59248o0048c       0   19.882711
59248.235814 18.757738      NaN    47.5    22 c    0    1.20 17.84968 50.57491  8107.14  5804.68 2.62 2.47  43.1 -0.396    18.77 20.39 02a59248o0071c       0   27.537651
59250.213814 18.967180      NaN    18.5    25 c    0    1.18 17.84968 50.57491  7948.43  6298.28 2.52 2.27 -80.4 -0.386    18.66 19.35 01a59250o0024c       0   29.988701
59250.217523 19.631075      NaN    -2.5    17 c    0    0.76 17.84968 50.57491  7969.13  6337.65 2.56 2.27 -84.3 -0.389    19.26 20.31 01a59250o0032c       0   23.734410
59250.224922 19.894850      NaN     9.5    10 c    0    1.10 17.84968 50.57491  7908.02  6262.41 2.58 2.28 -84.4 -0.402    19.67 21.40 01a59250o0048c       0   19.347408
59250.236011 20.449472      NaN   -22.5     8 c    0    1.49 17.84968 50.57491  7888.39  6381.11 2.64 2.32 -81.4 -0.397    19.70 21.60 01a59250o0072c       0   18.393537
59252.256595 19.841877      NaN   -24.5    14 c    0    0.84 17.84968 50.57491  3491.16  9921.59 2.50 2.20 -45.2 -0.412    19.59 21.30 02a59252o0111c       0   21.686913
59252.259801 19.271854      NaN    31.5    13 c    0    1.18 17.84968 50.57491  3472.89  9882.50 2.51 2.24 -44.6 -0.407    19.58 21.29 02a59252o0118c       0   21.055218
59252.265773 19.454622      NaN    20.5    13 c    0    0.83 17.84968 50.57491  3529.31  9958.13 2.50 2.17 -45.5 -0.417    19.58 21.28 02a59252o0131c       0   21.055218
59252.277269 19.652575      NaN    10.5    13 c    0    1.35 17.84968 50.57491  3547.65  9837.22 2.51 2.19 -46.1 -0.415    19.56 21.22 02a59252o0156c       0   21.055218
59258.240341 20.009244      NaN     5.5    10 c    0    1.25 17.84968 50.57491  5153.84   752.53 2.37 2.32 -39.9 -0.393    19.66 21.39 01a59258o0075c       0   19.347408
59258.243575 20.321591      NaN    -9.5     9 c    0    1.41 17.84968 50.57491  5174.22   793.94 2.37 2.35 -49.1 -0.391    19.62 21.39 01a59258o0082c       0   18.849992
59258.249140 20.009244      NaN     5.5    10 c    0    1.32 17.84968 50.57491  5121.59   714.81 2.34 2.30 -25.7 -0.393    19.66 21.39 01a59258o0094c       0   19.347408
59258.261166 20.207197      NaN    -7.5    10 c    0    1.17 17.84968 50.57491  5103.60   834.06 2.35 2.30  31.1 -0.395    19.60 21.38 01a59258o0120c       0   19.347408
59404.587545 19.922338 0.334073    38.5    12 c    0    0.77 17.84968 50.57491  3080.23  8986.34 2.40 2.33 -83.6 -0.404    19.69 21.60 02a59404o0739c       0   20.452927
59404.607330 20.009244      NaN     8.5     9 c    0    1.54 17.84968 50.57491  3102.03  9027.29 2.46 2.38 -84.9 -0.394    19.68 21.50 02a59404o0781c       0   18.849992
59404.611521 19.674510      NaN    12.5    12 c    0    1.47 17.84968 50.57491  3042.61  8946.04 2.48 2.40 -75.0 -0.397    19.55 21.27 02a59404o0790c       0   20.452927
59404.621155 18.967180 0.323411    93.5    28 c    0    1.35 17.84968 50.57491  3021.02  9064.54 2.47 2.40  89.1 -0.393    18.57 19.54 02a59404o0811c       0   32.531865
59408.554372 19.302877 0.173088    68.5    11 c    0    1.19 17.84968 50.57491  3071.96  8987.43 2.45 2.37 -75.2 -0.398    19.58 21.36 02a59408o0662c       0   19.882711
59408.564960 19.014394 0.156829    89.5    13 c    0    1.01 17.84968 50.57491  3094.20  9026.28 2.47 2.44 -81.9 -0.396    19.62 21.39 02a59408o0685c       0   21.055218
59408.577658 19.026525 0.158591    88.5    13 c    0    0.71 17.84968 50.57491  3035.08  8947.69 2.50 2.42 -73.1 -0.392    19.63 21.46 02a59408o0712c       0   21.055218
59408.581479 19.241693 0.178477    72.5    12 c    0    1.18 17.84968 50.57491  3007.71  9068.18 2.50 2.40 -51.9 -0.408    19.58 21.47 02a59408o0720c       0   20.452927
59412.593313 18.847027 0.093063   104.5     9 c    0    1.15 17.84968 50.57491  3363.10   842.82 2.42 2.24 -67.9 -0.434    19.76 21.72 02a59412o0750c       0   18.849992
59412.609135 19.169763 0.250555    77.5    18 c    0    1.20 17.84968 50.57491  3388.66   884.12 2.41 2.24 -68.5 -0.434    19.11 20.94 02a59412o0784c       0   24.460626
59412.618781 18.796518 0.138185   109.5    14 c    0    1.06 17.84968 50.57491  3335.22   804.43 2.47 2.28 -66.0 -0.431    19.33 20.75 02a59412o0805c       0   21.686913
59412.622903 18.748255 0.188824   114.5    20 c    0    0.91 17.84968 50.57491  3316.88   923.26 2.45 2.29 -73.0 -0.438    18.83 19.94 02a59412o0814c       0   25.967715
59434.552924 19.549093 0.197407    54.5    10 c    0    0.73 17.84968 50.57491  3854.27  7955.09 2.49 2.35 -70.5 -0.373    19.79 21.83 01a59434o0688c       0   19.347408
59434.554767 19.454622 0.144765    59.5     8 c    0    1.59 17.84968 50.57491  3836.05  7916.54 2.43 2.29 -65.2 -0.375    19.83 21.83 01a59434o0692c       0   18.393537
59434.557547 19.766969 0.193020    44.5     8 c    0    1.21 17.84968 50.57491  3893.64  7992.51 2.35 2.26 -51.7 -0.378    19.86 21.83 01a59434o0698c       0   18.393537
59434.563087 19.589310 0.163885    52.5     8 c    0    1.19 17.84968 50.57491  3912.37  7875.34 2.60 2.50 -26.0 -0.332    19.72 21.85 01a59434o0710c       0   18.393537
59438.531787 20.137125 0.271434    31.5     8 c    0    1.50 17.84968 50.57491  3857.67  7956.09 2.27 2.12 -62.8 -0.380    19.99 21.84 01a59438o0502c       0   18.393537
59438.533629 19.979496 0.264098    36.5     9 c    0    0.90 17.84968 50.57491  3838.82  7917.40 2.31 2.14 -63.2 -0.378    19.96 21.85 01a59438o0506c       0   18.849992
59438.536391 19.922338 0.194876    38.5     7 c    0    1.13 17.84968 50.57491  3895.57  7994.33 2.28 2.10 -59.3 -0.384    19.96 21.85 01a59438o0512c       0   17.981163
59438.541475 19.979496      NaN     9.5     9 c    0    1.04 17.84968 50.57491  3913.87  7878.89 2.27 2.14 -59.4 -0.382    19.99 21.89 01a59438o0523c       0   18.849992
59442.588331 19.922338 0.222715    38.5     8 c    0    0.90 17.84968 50.57491  4018.69  6598.16 2.27 2.10 -44.3 -0.394    20.04 22.12 01a59442o0703c       0   18.393537
59442.593642 20.362567 0.334073    25.5     8 c    0    1.19 17.84968 50.57491  4041.05  6632.78 2.44 2.22 -40.1 -0.392    19.93 22.12 01a59442o0714c       0   18.393537
59442.629598 19.841877 0.310210    41.5    12 c    0    0.70 17.84968 50.57491  3990.31  6552.64 2.34 2.18 -32.5 -0.381    19.54 20.73 01a59442o0791c       0   20.452927
59442.632391 19.529530 0.290822    55.5    15 c    0    0.90 17.84968 50.57491  3972.83  6668.79 2.34 2.18 -36.4 -0.386    19.16 20.00 01a59442o0797c       0   22.345519
59464.486465 19.674510      NaN    12.5    12 c    0    0.72 17.84968 50.57491  6022.18  6491.45 2.71 2.44  44.5 -0.383    19.65 21.61 02a59464o0526c       0   20.452927
59464.489301 19.743105      NaN    12.5    11 c    0    1.05 17.84968 50.57491  6041.84  6532.58 2.65 2.38  45.4 -0.392    19.68 21.61 02a59464o0532c       0   19.882711
59464.493436 19.696897      NaN    14.5    11 c    0    1.03 17.84968 50.57491  5983.67  6454.50 2.74 2.42  43.8 -0.383    19.66 21.60 02a59464o0541c       0   19.882711
59464.500513 20.449472      NaN    -2.5     8 c    0    1.26 17.84968 50.57491  5964.62  6572.22 2.61 2.33  44.9 -0.392    19.70 21.61 02a59464o0556c       0   18.393537
59468.440935 17.518329      NaN    41.5   105 c    0    0.49 17.84968 50.57491 10528.27  2755.96 2.52 2.25 -49.0 -0.419    19.69 21.59 02a59468o0485c       2  106.298270
59468.449651 19.436675      NaN    15.5    15 c    0    0.77 17.84968 50.57491 10494.78  2721.00 2.60 2.25 -56.1 -0.419    19.70 21.62 02a59468o0504c       0   22.345519
59468.484990 20.009244      NaN    -3.5    12 c    0    0.65 17.84968 50.57491   106.94  7723.99 2.29 2.09 -37.1 -0.390    19.71 21.65 02a59468o0580c       0   20.452927
59468.488776 19.652575      NaN    19.5    10 c    0    0.92 17.84968 50.57491  1081.61  2792.72 2.32 2.27 -81.0 -0.429    19.72 21.65 02a59468o0588c       0   19.347408
59468.490605 19.589310      NaN    22.5    10 c    0    0.89 17.84968 50.57491  1099.10  2832.85 2.48 2.20  42.8 -0.413    19.68 21.65 02a59468o0592c       0   19.347408
59468.493808 19.589310      NaN    22.5    10 c    0    0.84 17.84968 50.57491  1043.32  2751.63 2.32 2.26  63.3 -0.425    19.72 21.63 02a59468o0599c       0   19.347408
59468.499304 19.631075      NaN    23.5     9 c    0    1.12 17.84968 50.57491  1026.13  2868.63 2.31 2.28  80.1 -0.425    19.73 21.62 02a59468o0611c       0   18.849992
59468.639089 18.550302      NaN    44.5    31 c    0    1.03 17.84968 50.57491  9504.26  7760.71 2.61 2.59  66.5 -0.403    18.73 19.88 02a59468o0911c       0   35.147151
59472.501389 17.976960      NaN    50.5    61 c    0    1.22 17.84968 50.57491    35.67  7807.93 2.34 1.99 -48.4 -0.390    19.79 21.72 02a59472o0323c       2   63.208561
59472.510087 20.009244      NaN     2.5    11 c    0    1.01 17.84968 50.57491    75.94  7845.87 2.47 1.99 -50.7 -0.396    19.76 21.72 02a59472o0342c       0   19.882711
59472.511001 20.321591      NaN    -5.5     9 c    0    0.83 17.84968 50.57491  9501.09  7781.70 2.59 2.45 -74.7 -0.401    19.81 21.72 02a59472o0344c       0   18.849992
59472.543004 19.609992      NaN    18.5    11 c    0    1.16 17.84968 50.57491    93.31  7724.40 2.53 2.01 -49.8 -0.397    19.74 21.59 02a59472o0413c       0   19.882711
59472.543919 19.791368      NaN     7.5    12 c    0    0.94 17.84968 50.57491  9475.31  7741.42 2.52 2.46  80.9 -0.407    19.76 21.60 02a59472o0415c       0   20.452927
59472.547132 19.743105      NaN    21.5     8 c    0    1.49 17.84968 50.57491  9533.08  7822.58 2.54 2.50  65.9 -0.403    19.76 21.59 02a59472o0422c       0   18.393537
59472.554026 20.103715      NaN    -1.5    11 c    0    0.97 17.84968 50.57491  9553.13  7705.90 2.55 2.51  89.1 -0.404    19.76 21.57 02a59472o0437c       0   19.882711
59516.392801 19.569016      NaN    14.5    13 c    0    0.71 17.84968 50.57491  3440.02  1784.13 2.31 2.27  56.6 -0.411    19.29 21.08 02a59516o0459c       0   21.055218
59516.396002 19.979496      NaN     6.5    10 c    0    1.10 17.84968 50.57491  3415.37  1740.92 2.40 2.26  47.6 -0.408    19.61 21.46 02a59516o0466c       0   19.347408
59516.401517 19.569016      NaN    20.5    11 c    0    1.14 17.84968 50.57491  3475.10  1817.63 2.32 2.26  37.8 -0.406    19.59 21.42 02a59516o0478c       0   19.882711
59516.413886 19.256669      NaN   -28.5    24 c    0    1.23 17.84968 50.57491  3501.64  1703.66 2.40 2.34  72.8 -0.407    18.48 20.10 02a59516o0505c       0   29.160285
59516.437279 19.652575      NaN    13.5    12 c    0    0.74 17.84968 50.57491  3454.66  1754.86 2.59 2.26  39.4 -0.398    19.56 21.46 02a59516o0556c       0   20.452927
59524.408021 19.979496      NaN     0.5    12 c    0    0.77 17.84968 50.57491  7593.80  7803.68 2.78 2.52  38.2 -0.378    19.58 21.35 02a59524o0498c       0   20.452927
59524.411226 20.009244      NaN   -17.5    12 c    0    0.90 17.84968 50.57491  7574.08  7764.00 2.80 2.49  38.3 -0.373    19.61 21.34 02a59524o0505c       0   20.452927
59524.416721 19.922338      NaN   -15.5    13 c    0    0.67 17.84968 50.57491  7629.55  7842.99 2.60 2.57 -83.8 -0.395    19.59 21.33 02a59524o0517c       0   21.055218
59524.427243 19.743105      NaN     9.5    12 c    0    0.91 17.84968 50.57491  7647.67  7726.01 2.82 2.58  39.3 -0.376    19.57 21.31 02a59524o0540c       0   20.452927
59528.372821 13.889734      NaN -6806.5  3365 c    0    1.16 17.84968 50.57491  7601.35  7810.71 3.06 2.52  33.9 -0.386    15.52 17.14 02a59528o0415c       2 3365.040761
59528.407950 14.405793      NaN -4644.5  2092 c    0    1.40 17.84968 50.57491  7576.16  7768.38 2.91 2.41  36.4 -0.404    15.03 16.50 02a59528o0489c       2 2092.065564
59528.412753 15.664937      NaN -1211.5   656 c    0    0.53 17.84968 50.57491  7637.40  7846.37 2.66 2.42  37.8 -0.386    15.60 16.91 02a59528o0498c       2  656.209054
59528.420321 18.910912      NaN   -60.5    33 c    0    1.07 17.84968 50.57491  7655.75  7729.24 2.51 2.39  42.5 -0.398    18.50 20.00 02a59528o0513c    8192   36.923193
59635.233680 19.472870      NaN    13.5    15 c    0    1.28 17.84968 50.57491  6121.55  5925.20 3.06 2.86  38.3 -0.374    19.13 20.76 02a59635o0059c       0   22.345519
59635.237379 19.142275      NaN    31.5    16 c    0    1.24 17.84968 50.57491  6102.22  5883.89 3.09 2.99  31.3 -0.371    19.07 20.82 02a59635o0067c       0   23.028726
59635.242878 19.841877      NaN   -11.5    14 c    0    1.56 17.84968 50.57491  6160.26  5964.48 3.07 2.95  25.4 -0.370    19.12 20.84 02a59635o0079c       0   21.686913
59635.254314 19.766969      NaN    -2.5    15 c    0    1.32 17.84968 50.57491  6179.40  5845.74 2.90 2.86 -17.0 -0.379    19.14 20.82 02a59635o0104c       0   22.345519
59643.222964 18.336727      NaN   -19.5    56 c    0    1.54 17.84968 50.57491  8051.94  5876.84 2.97 2.57  26.6 -0.379    17.81 18.88 02a59643o0032c       0   58.397964
59643.225944 18.867907      NaN     0.5    34 c    0    1.05 17.84968 50.57491  8033.67  5838.93 2.85 2.46  27.7 -0.387    18.38 19.63 02a59643o0038c       0   37.819601
59643.233822 18.867907      NaN    45.5    19 c    0    1.13 17.84968 50.57491  8091.62  5919.11 2.67 2.49  33.2 -0.404    18.93 20.64 02a59643o0054c       0   25.205599
59643.244308 19.351140      NaN    -3.5    22 c    0    1.09 17.84968 50.57491  8108.07  5811.03 2.58 2.43  71.0 -0.415    18.86 21.00 02a59643o0075c       0   27.537651
59727.612135 16.093641      NaN  -705.5   442 c    0    0.94 17.84968 50.57491  2907.87  2758.46 2.76 2.44  40.5 -0.395    16.10 17.22 02a59727o0815c 8388610  442.310210
59727.616268 14.416222      NaN -3875.5  2072 c    0    1.24 17.84968 50.57491  2889.09  2873.13 2.69 2.46  40.6 -0.401    13.67 14.72 02a59727o0824c 8388610 2072.066196
59735.586640 19.454622      NaN    11.5    16 c    0    1.26 17.84968 50.57491  1041.20  9040.40 2.33 2.20 -44.6 -0.478    19.30 20.64 02a59735o0750c       0   23.028726
59735.596712 19.766969      NaN   -24.5    15 c    0    0.84 17.84968 50.57491  1059.00  9077.39 2.39 2.30   4.5 -0.463    19.23 20.64 02a59735o0772c       0   22.345519
59735.602209 19.631075      NaN   -13.5    17 c    0    0.92 17.84968 50.57491   999.26  8996.67 2.37 2.31 -21.9 -0.467    19.20 20.51 02a59735o0784c       0   23.734410
59735.606392 19.696897      NaN   -18.5    16 c    0    1.25 17.84968 50.57491   976.02  9112.67 2.47 2.33  17.8 -0.458    18.96 20.20 02a59735o0793c       0   23.028726
59767.579314 17.845990      NaN   -32.5    88 c    0    1.20 17.84968 50.57491  5227.66   818.46 2.49 2.30 -71.5 -0.421    17.20 18.57 02a59767o0707c       2   89.545085
59767.583853 16.154256      NaN  -141.5   418 c    0    0.90 17.84968 50.57491  5171.27   739.45 2.50 2.28 -74.0 -0.430    15.42 16.72 02a59767o0717c       2  418.328008
59767.603547 19.631075      NaN   -26.5    17 c    0    1.43 17.84968 50.57491  5158.08   856.25 2.51 2.32 -78.9 -0.420    18.96 20.41 02a59767o0760c    8192   23.734410
59787.531056 19.674510      NaN    12.5    12 c    0    0.95 17.84968 50.57491  6370.31  4561.75 2.57 2.37  38.4 -0.396    19.60 21.30 02a59787o0639c       0   20.452927
59787.532865 19.841877      NaN     5.5    12 c    0    1.10 17.84968 50.57491  6389.37  4600.19 2.71 2.47  39.9 -0.397    19.57 21.31 02a59787o0643c       0   20.452927
59787.536498 20.171596      NaN     3.5     9 c    0    1.50 17.84968 50.57491  6331.58  4523.72 2.67 2.43  39.8 -0.390    19.57 21.31 02a59787o0651c       0   18.849992
59787.554071 20.009244      NaN    -0.5    12 c    0    0.74 17.84968 50.57491  6315.32  4641.46 2.91 2.68  45.2 -0.387    19.48 21.33 02a59787o0689c       0   20.452927
59791.530127 20.207197      NaN   -10.5    10 c    0    1.11 17.84968 50.57491  6363.40  4561.32 2.73 2.58  42.6 -0.389    19.53 21.38 02a59791o0574c       0   19.347408
59791.531936 20.071303      NaN     3.5    10 c    0    1.24 17.84968 50.57491  6382.80  4599.21 2.84 2.68  31.8 -0.377    19.50 21.38 02a59791o0578c       0   19.347408
59791.535100 19.609992      NaN    18.5    11 c    0    0.97 17.84968 50.57491  6325.97  4522.55 2.79 2.58  36.4 -0.386    19.46 21.33 02a59791o0585c       0   19.882711
59791.546144 20.103715      NaN    -3.5    11 c    0    1.05 17.84968 50.57491  6310.90  4639.80 2.84 2.70  41.0 -0.383    19.53 21.43 02a59791o0609c       0   19.882711
59819.522421 19.271854      NaN    34.5    12 c    0    0.84 17.84968 50.57491  2081.88  6629.84 2.73 2.30  33.6 -0.395    19.53 21.57 02a59819o0654c       0   20.452927
59819.524687 19.894850      NaN     3.5    12 c    0    0.93 17.84968 50.57491  2102.49  6669.43 2.85 2.33  32.1 -0.382    19.59 21.59 02a59819o0659c       0   20.452927
59819.527858 19.589310      NaN    16.5    12 c    0    1.06 17.84968 50.57491  2044.30  6589.68 2.52 2.26  34.4 -0.412    19.63 21.58 02a59819o0666c       0   20.452927
59819.533747 20.009244      NaN    -0.5    12 c    0    0.95 17.84968 50.57491  2024.73  6705.40 2.52 2.26  32.6 -0.409    19.64 21.60 02a59819o0679c       0   20.452927
59823.471983 20.207197      NaN    -5.5    10 c    0    1.31 17.84968 50.57491  2073.69  6625.45 2.73 2.45  33.9 -0.387    19.54 21.39 02a59823o0547c       0   19.347408
59823.482912 20.103715      NaN    -7.5    11 c    0    1.22 17.84968 50.57491  2093.35  6663.41 2.79 2.45  31.5 -0.384    19.53 21.41 02a59823o0570c       0   19.882711
59823.486552 19.549093      NaN    21.5    11 c    0    0.82 17.84968 50.57491  2037.09  6586.08 2.60 2.33  36.0 -0.396    19.58 21.45 02a59823o0578c       0   19.882711
59823.490735 19.472870      NaN    25.5    11 c    0    0.83 17.84968 50.57491  2014.73  6701.54 2.56 2.33  34.6 -0.402    19.59 21.44 02a59823o0587c       0   19.882711
59845.393189 19.652575      NaN    19.5    10 c    0    1.05 17.84968 50.57491  5555.08  4079.84 3.49 2.96  44.6 -0.273    19.45 21.44 01a59845o0319c       0   19.347408
59845.398338 19.719755      NaN    13.5    11 c    0    1.02 17.84968 50.57491  5535.76  4040.82 3.16 2.90  45.7 -0.315    19.37 21.28 01a59845o0330c       0   19.882711
59845.422220 19.950541      NaN     4.5    11 c    0    1.18 17.84968 50.57491  5593.22  4114.85 3.10 2.85  48.0 -0.320    19.46 21.39 01a59845o0381c       0   19.882711
59845.425455 19.436675      NaN    24.5    12 c    0    1.00 17.84968 50.57491  5616.55  3998.07 3.46 3.02  44.7 -0.278    19.22 21.17 01a59845o0388c       0   20.452927
59849.425115 20.137125      NaN     7.5     8 c    0    1.10 17.84968 50.57491  1616.46  4325.46 3.21 2.78  48.0 -0.314    19.74 21.75 01a59849o0176c       0   18.393537
59849.427424 20.449472      NaN   -14.5     8 c    0    1.02 17.84968 50.57491  1596.21  4286.83 3.09 2.70  50.4 -0.328    19.73 21.75 01a59849o0181c       0   18.393537
59849.430198 20.362567      NaN     1.5     8 c    0    1.20 17.84968 50.57491  1655.17  4362.42 3.56 3.02  48.6 -0.272    19.66 21.75 01a59849o0187c       0   18.393537
59849.437593 20.405150      NaN     0.5     8 c    0    1.30 17.84968 50.57491  1676.51  4245.68 3.16 2.78  46.7 -0.327    19.73 21.74 01a59849o0203c       0   18.393537
59853.476312 20.103715      NaN     5.5     9 c    0    1.05 17.84968 50.57491  8954.08  6360.90 3.41 2.98  25.8 -0.324    19.60 21.63 01a59853o0594c       0   18.849992
59853.479110 19.816329      NaN    18.5     8 c    0    1.78 17.84968 50.57491  8974.77  6400.39 3.21 2.92  28.0 -0.355    19.63 21.62 01a59853o0600c       0   18.393537
59853.514332 20.009244      NaN    -4.5    12 c    0    1.10 17.84968 50.57491  8922.72  6330.80 3.30 2.99  28.9 -0.342    19.42 21.32 01a59853o0675c       0   20.452927
59853.542465 20.207197      NaN   -11.5    10 c    0    1.36 17.84968 50.57491  8913.57  6453.36 3.63 3.18  30.2 -0.299    19.45 21.46 01a59853o0735c       0   19.347408
59857.517674 20.071303      NaN     3.5    10 c    0    0.88 17.84968 50.57491  6168.17   828.32 2.87 2.80  41.3 -0.377    19.69 21.48 01a59857o0251c       0   19.347408
59857.521410 20.103715      NaN     2.5    10 c    0    0.93 17.84968 50.57491  6186.92   867.55 2.84 2.77  44.7 -0.387    19.69 21.50 01a59857o0259c       0   19.347408
59857.527417 19.868040      NaN    10.5    10 c    0    0.89 17.84968 50.57491  6134.61   793.15 2.93 2.82  36.6 -0.367    19.68 21.54 01a59857o0272c       0   19.347408
59857.539520 20.449472      NaN   -17.5     8 c    0    1.50 17.84968 50.57491  6118.09   911.55 2.86 2.74  34.5 -0.376    19.68 21.47 01a59857o0298c       0   18.393537
59871.419237 18.590371      NaN    12.5    40 c    0    0.16 17.84968 50.57491    39.37  7820.19 2.36 2.15 -32.6 -0.402    19.67 21.52 02a59871o0499c       0   43.293443
59871.428757 19.766969      NaN   -25.5    15 c    0    0.91 17.84968 50.57491    77.05  7856.63 2.38 2.15 -38.0 -0.407    19.47 21.27 02a59871o0520c       0   22.345519
59871.432836 19.719755      NaN     7.5    13 c    0    0.78 17.84968 50.57491  9498.90  7793.43 2.64 2.48  44.2 -0.409    19.54 21.34 02a59871o0529c       0   21.055218
59871.436008 19.743105      NaN     3.5    14 c    0    0.85 17.84968 50.57491  9479.66  7753.32 2.71 2.50  35.2 -0.405    19.41 21.17 02a59871o0536c       0   21.686913
59871.439623 20.039830      NaN     4.5    10 c    0    1.06 17.84968 50.57491    97.00  7736.85 2.33 2.11 -31.2 -0.400    19.64 21.47 02a59871o0544c       0   19.347408
59871.442790 20.009244      NaN   -28.5    12 c    0    0.85 17.84968 50.57491  9534.08  7835.63 2.63 2.51  40.1 -0.411    19.64 21.45 02a59871o0551c       0   20.452927
59871.453665 20.009244      NaN    -7.5    12 c    0    1.02 17.84968 50.57491  9557.37  7720.72 2.61 2.47  40.8 -0.410    19.61 21.37 02a59871o0575c       0   20.452927
59875.416448 20.171596      NaN     0.5    10 c    0    0.90 17.84968 50.57491   600.88  3901.32 2.48 2.34  17.2 -0.406    19.52 21.24 02a59875o0493c       0   19.347408
59875.419616 19.868040      NaN    10.5    10 c    0    1.35 17.84968 50.57491   581.30  3863.06 2.47 2.35  14.7 -0.405    19.53 21.24 02a59875o0500c       0   19.347408
59875.425074 20.103715      NaN    -7.5    11 c    0    1.30 17.84968 50.57491   640.72  3937.24 2.88 2.37  24.6 -0.387    19.47 21.25 02a59875o0512c       0   19.882711
59875.430058 19.766969      NaN   -34.5    15 c    0    0.66 17.84968 50.57491 10476.34  3958.89 2.58 2.53 -24.9 -0.421    19.54 21.27 02a59875o0523c       0   22.345519
59875.433225 19.894850      NaN     3.5    12 c    0    1.09 17.84968 50.57491 10456.66  3918.93 2.55 2.50 -22.2 -0.420    19.57 21.26 02a59875o0530c       0   20.452927
59875.435503 19.841877      NaN     8.5    11 c    0    1.05 17.84968 50.57491   661.17  3818.16 2.53 2.38  17.7 -0.411    19.48 21.24 02a59875o0535c       0   19.882711
59875.439121 18.847027      NaN   -64.5    35 c    0    0.35 17.84968 50.57491 10515.64  3999.53 2.52 2.48 -42.5 -0.430    19.53 21.26 02a59875o0543c       0   38.721082
59883.407914 20.321591      NaN    -8.5     9 c    0    1.63 17.84968 50.57491  1440.58  1437.15 2.35 2.29  66.8 -0.437    19.51 21.19 02a59883o0485c       0   18.849992
59883.411078 19.589310      NaN    10.5    14 c    0    0.71 17.84968 50.57491  1420.37  1398.39 2.38 2.28  47.6 -0.435    19.52 21.18 02a59883o0492c       0   21.686913
59883.417433 20.009244      NaN    -5.5    12 c    0    0.80 17.84968 50.57491  1479.81  1471.10 2.41 2.34  85.2 -0.434    19.54 21.18 02a59883o0506c       0   20.452927
59883.427424 19.609992      NaN    18.5    11 c    0    1.05 17.84968 50.57491  1504.58  1354.36 2.34 2.25  48.5 -0.436    19.51 21.16 02a59883o0528c       0   19.882711
59901.402118 19.868040      NaN    10.5    10 c    0    1.61 17.84968 50.57491  3069.81  9076.23 3.08 2.96  66.3 -0.327    19.65 21.59 01a59901o0428c       0   19.347408
59901.404889 20.103715      NaN     2.5    10 c    0    1.23 17.84968 50.57491  3093.29  9115.70 3.86 3.35  54.1 -0.233    19.50 21.58 01a59901o0434c       0   19.347408
59901.410436 20.321591      NaN    -7.5     9 c    0    1.25 17.84968 50.57491  3031.02  9037.23 3.50 3.18  53.4 -0.282    19.55 21.59 01a59901o0446c       0   18.849992
59901.445286 19.609992      NaN    21.5    10 c    0    1.21 17.84968 50.57491  3017.92  9159.00 3.20 3.04  64.8 -0.324    19.58 21.50 01a59901o0520c       0   19.347408
59905.386668 20.207197      NaN    -6.5    10 c    0    1.22 17.84968 50.57491  3295.41   968.57 3.51 3.28  48.7 -0.323    19.51 21.56 01a59905o0388c       0   19.347408
59905.392669 19.841877      NaN     5.5    12 c    0    1.38 17.84968 50.57491  3240.38   889.65 3.43 3.25  51.5 -0.338    19.36 21.36 01a59905o0401c       0   20.452927
59905.403776 19.922338      NaN   -18.5    13 c    0    1.17 17.84968 50.57491  3226.76  1008.38 3.13 2.91  44.6 -0.364    19.26 21.09 01a59905o0425c       0   21.055218
59909.325670 20.071303      NaN     3.5    10 c    0    1.12 17.84968 50.57491  3265.10   914.99 3.00 2.82  53.8 -0.391    19.70 21.51 01a59909o0303c       0   19.347408
59909.331224 20.171596      NaN     3.5     9 c    0    1.34 17.84968 50.57491  3285.71   956.15 3.03 2.83  49.2 -0.389    19.67 21.52 01a59909o0315c       0   18.849992
59909.335407 20.103715      NaN    -4.5    11 c    0    0.99 17.84968 50.57491  3230.70   877.91 3.07 2.87  46.1 -0.382    19.64 21.50 01a59909o0324c       0   19.882711
59909.370483 20.207197      NaN   -14.5    10 c    0    1.09 17.84968 50.57491  3222.51  1000.35 3.17 2.89  47.5 -0.372    19.60 21.44 01a59909o0399c       0   19.347408
59927.292507 19.979496      NaN     0.5    12 c    0    0.89 17.84968 50.57491  7607.60  7825.08 2.80 2.46  33.0 -0.403    19.57 21.43 02a59927o0234c       0   20.452927
59927.295685 19.894850      NaN     9.5    10 c    0    1.37 17.84968 50.57491  7590.39  7787.31 2.73 2.42  32.0 -0.404    19.58 21.44 02a59927o0241c       0   19.347408
59927.301130 19.841877      NaN    11.5    10 c    0    1.58 17.84968 50.57491  7644.49  7864.24 2.72 2.48  32.7 -0.401    19.59 21.44 02a59927o0253c       0   19.347408
59927.311086 19.631075      NaN    14.5    12 c    0    1.07 17.84968 50.57491  7663.38  7748.79 2.69 2.45  33.1 -0.405    19.58 21.39 02a59927o0275c       0   20.452927