         MJD         m       dm  uJy  duJy F  err  chi/N        RA      Dec        x        y  maj  min   phi  apfit  mag5sig   Sky            Obs  Mask   duJy_new
57396.598947 19.841877      NaN    3    14 c    0   1.25 208.49258 50.04176  4658.08  9995.32 3.75 3.69  63.5 -0.397    19.60 21.58 02a57396o0625c     0  24.195048
57396.601396 18.944322      NaN   47    19 c    0   1.11 208.49258 50.04176  3931.43   676.90 4.78 3.72 -12.8 -0.466    19.60 21.59 02a57396o0629c     0  27.393437
57396.607507 19.454622      NaN  -38    20 c    0   1.42 208.49258 50.04176  3644.02    81.83 4.96 3.64 -13.8 -0.497    19.61 21.58 02a57396o0639c     0  28.096270
57396.620973 19.569016      NaN    6    18 c    0   1.24 208.49258 50.04176  4462.71  1274.99 4.49 3.71 -12.7 -0.447    19.60 21.58 02a57396o0661c     0  26.709556
57396.627717 19.696897      NaN   -4    16 c    0   1.06 208.49258 50.04176  5832.26  9416.88 3.74 3.66  78.2 -0.413    19.59 21.57 02a57396o0672c     0  25.404731
57424.598946 19.696897      NaN   14    14 c    0   1.33 208.49258 50.04176  5512.31  9921.04 3.79 3.72  58.0 -0.404    19.70 21.79 02a57424o0633c     0  24.195048
57424.604067 18.163834 0.303124  205    55 c    0   0.85 208.49258 50.04176  5806.06 10505.97 3.94 3.84  30.3 -0.405    19.68 21.79 02a57424o0641c     0  58.432871
57424.609333 19.631075      NaN  -48    17 c    0   1.11 208.49258 50.04176  4684.34   606.90 4.85 3.80  -9.5 -0.465    19.72 21.82 02a57424o0649c  4096  26.046120
57424.621949 19.169763      NaN   41    15 c    0   1.48 208.49258 50.04176  3564.34  1167.47 4.79 3.75 -15.4 -0.453    19.72 21.81 02a57424o0668c     0  24.787101
57424.634868 19.026525      NaN   52    15 c    0   1.31 208.49258 50.04176  3494.42  1257.66 4.69 3.71 -14.9 -0.459    19.73 21.83 02a57424o0687c     0  24.787101
57448.521048 19.183773      NaN   25    20 c    0   1.31 208.49258 50.04176  5151.55 10101.86 3.71 3.60   8.3 -0.409    19.26 20.81 02a57448o0458c     0  28.096270
57448.535357 19.454622      NaN  -12    20 c    0   1.74 208.49258 50.04176  4100.81   207.25 4.86 3.72  -8.8 -0.468    19.22 20.81 02a57448o0482c     0  28.096270
57448.548692 19.212347      NaN  -44    25 c    0   1.13 208.49258 50.04176  4377.06   810.82 4.88 3.78  -7.5 -0.449    19.17 20.78 02a57448o0506c     0  31.849653
57448.571262 19.256669      NaN   32    16 c    0   1.67 208.49258 50.04176  7413.21  9321.50 4.09 3.78  79.6 -0.408    19.18 20.79 02a57448o0546c     0  25.404731
57448.594228 19.631075      NaN  -31    17 c    0   1.43 208.49258 50.04176  7159.76  9417.26 4.15 3.85  77.4 -0.401    19.17 20.82 02a57448o0588c     0  26.046120
57449.515332 19.256669      NaN   26    18 c    0   1.05 208.49258 50.04176  5411.78 10061.32 3.71 3.63   9.9 -0.400    19.45 21.19 02a57449o0610c     0  26.709556
57449.522593 19.302877      NaN    3    23 c    0   1.24 208.49258 50.04176  4333.17   175.30 4.94 3.55  -4.5 -0.456    19.43 21.19 02a57449o0623c     0  30.305121
57449.541798 19.569016      NaN  -35    18 c    0   1.33 208.49258 50.04176  4630.49   762.87 4.45 3.49  -7.7 -0.489    19.43 21.13 02a57449o0657c     0  26.709556
57449.562944 19.510313      NaN  -55    19 c    0   1.30 208.49258 50.04176  3512.21  1340.35 4.54 3.54 -14.2 -0.468    19.39 21.10 02a57449o0696c     0  27.393437
57449.588275 19.766969      NaN    7    15 c    0   1.40 208.49258 50.04176  7164.47  9414.69 3.86 3.58  80.4 -0.425    19.39 21.08 02a57449o0741c     0  24.787101
57458.509881 19.589310      NaN   13    16 c    0   1.24 208.49258 50.04176  5499.22  9915.72 3.86 3.81  30.5 -0.420    19.65 21.70 02a57458o0606c     0  25.404731
57458.513259 18.120615      NaN   87    42 c    0   1.18 208.49258 50.04176  5815.92 10500.06 4.08 4.01  29.8 -0.401    19.61 21.68 02a57458o0613c     0  46.404745
57458.531580 19.696897      NaN  -19    16 c    0   1.45 208.49258 50.04176  4703.54   619.13 4.76 3.69  -5.1 -0.460    19.65 21.70 02a57458o0644c     0  25.404731
57458.543365 19.454622      NaN  -16    20 c    0   1.42 208.49258 50.04176  3589.99  1186.48 4.17 3.93 -15.1 -0.440    19.50 21.61 02a57458o0665c     0  28.096270
57458.565209 19.791368      NaN   10    14 c    0   1.63 208.49258 50.04176  7158.56  9411.05 3.98 3.70  78.2 -0.410    19.67 21.72 02a57458o0704c     0  24.195048
57488.426551 19.674510      NaN    9    16 c    0   1.11 208.49258 50.04176  5646.52  9994.28 3.93 3.76 -76.2 -0.425    19.60 21.59 02a57488o0373c     0  25.404731
57488.433156 19.401649      NaN  -29    21 c    0   1.18 208.49258 50.04176  4543.43   110.03 5.17 3.77  -5.2 -0.500    19.60 21.63 02a57488o0385c     0  28.816668
57488.438039 19.569016      NaN  -20    18 c    0   1.09 208.49258 50.04176  4819.87   701.19 4.92 3.72  -4.0 -0.486    19.60 21.63 02a57488o0394c     0  26.709556
57488.461777 19.076453      NaN   42    17 c    0   1.38 208.49258 50.04176  3725.62  1274.87 4.81 3.65 -12.9 -0.479    19.57 21.60 02a57488o0436c     0  26.046120
57488.477423 19.766969      NaN  -13    15 c    0   1.29 208.49258 50.04176  7139.24  9408.57 4.14 3.73  87.2 -0.429    19.57 21.58 02a57488o0464c     0  24.787101
57512.372532 19.569016      NaN  -14    18 c    0   1.19 208.49258 50.04176  5734.06  1229.19 4.64 3.85  -1.9 -0.475    19.58 21.63 02a57512o0325c     0  26.709556
57512.384841 19.696897      NaN   -4    16 c    0   1.13 208.49258 50.04176  5743.78  1265.47 4.66 3.88  -2.3 -0.460    19.58 21.64 02a57512o0350c     0  25.404731
57512.397513 19.696897      NaN  -10    16 c    0   1.52 208.49258 50.04176  4835.18  9362.22 4.42 4.21 -23.5 -0.391    19.49 21.64 02a57512o0375c     0  25.404731
57512.398969 19.696897      NaN   -2    16 c    0   1.16 208.49258 50.04176  4860.72  9225.96 4.26 3.96 -79.2 -0.402    19.54 21.66 02a57512o0378c     0  25.404731
57512.416365 19.841877      NaN   -4    14 c    0   1.40 208.49258 50.04176  7424.26 10255.19 4.45 4.29   9.3 -0.371    19.50 21.63 02a57512o0413c     0  24.195048
57512.416849 19.529530      NaN   10    18 c    0   1.58 208.49258 50.04176  6472.89   350.27 4.91 3.87   3.8 -0.460    19.52 21.58 02a57512o0414c     0  26.709556
57515.372987 19.696897      NaN    6    16 c    0   1.12 208.49258 50.04176  4560.39  8578.47 3.97 3.69 -69.1 -0.439    19.61 21.70 02a57515o0323c     0  25.404731
57515.383262 19.569016      NaN   14    16 c    0   1.36 208.49258 50.04176  5912.46  1941.56 4.43 3.71   2.9 -0.467    19.61 21.73 02a57515o0344c     0  25.404731
57515.386824 19.652575      NaN   10    16 c    0   1.24 208.49258 50.04176  5970.75  2027.30 4.40 3.75   2.1 -0.461    19.61 21.70 02a57515o0350c     0  25.404731
57515.400161 19.696897      NaN  -24    16 c    0   1.13 208.49258 50.04176  6008.58  1909.88 4.39 3.68   2.2 -0.458    19.61 21.69 02a57515o0376c     0  25.404731
57515.410533 19.696897      NaN  -11    16 c    0   0.98 208.49258 50.04176  5964.97  1971.63 4.30 3.65   1.7 -0.460    19.61 21.65 02a57515o0396c     0  25.404731
57545.328428 19.510313      NaN  -24    19 c    0   1.03 208.49258 50.04176  4962.27  9621.52 4.26 4.06 -82.8 -0.404    19.59 21.76 02a57545o0188c     0  27.393437
57545.338614 19.436675      NaN   15    18 c    0   1.08 208.49258 50.04176  4937.08  9584.28 4.14 3.95 -79.6 -0.408    19.65 21.80 02a57545o0209c     0  26.709556
57545.353174 19.569016      NaN  -12    18 c    0   1.30 208.49258 50.04176  5000.83  9662.61 4.21 3.94 -72.0 -0.408    19.62 21.77 02a57545o0239c     0  26.709556
57545.370124 19.569016      NaN  -56    18 c    0   1.50 208.49258 50.04176  5016.52  9547.41 4.30 3.97 -74.1 -0.415    19.56 21.71 02a57545o0274c     0  26.709556
57545.382235 19.454622      NaN  -42    20 c    0   0.97 208.49258 50.04176  4978.11  9605.54 4.26 3.99 -75.1 -0.410    19.51 21.64 02a57545o0299c     0  28.096270
57549.332077 19.569016      NaN    6    18 c    0   1.42 208.49258 50.04176  5151.15  1338.07 4.40 3.67  -1.2 -0.483    19.44 21.31 02a57549o0078c     0  26.709556
57549.342782 19.589310 0.327769   61    16 c    0   1.67 208.49258 50.04176  5140.71  1298.11 4.48 3.70  -2.0 -0.480    19.44 21.33 02a57549o0100c     0  25.404731
57549.359807 19.454622      NaN  -15    20 c    0   1.28 208.49258 50.04176  5204.30  1375.85 4.52 3.65  -3.0 -0.482    19.46 21.36 02a57549o0135c     0  28.096270
57549.367069 19.241693 0.267716   81    18 c    0   1.30 208.49258 50.04176  5217.95  1260.31 4.56 3.72  -1.2 -0.488    19.47 21.39 02a57549o0150c     0  26.709556
57549.375839 19.569016      NaN  -20    18 c    0   1.22 208.49258 50.04176  5184.36  1322.50 4.62 3.71  -2.5 -0.483    19.49 21.47 02a57549o0168c     0  26.709556
57581.288672 19.212347      NaN  -17    25 c    0   1.15 208.49258 50.04176  7536.62  8524.73 4.48 3.91  85.3 -0.434    19.01 20.64 02a57581o0079c     0  31.849653
57581.304149 19.351140      NaN   -6    22 c    0   1.35 208.49258 50.04176  7509.15  8483.47 4.42 3.81 -89.6 -0.446    19.02 20.64 02a57581o0110c     0  29.553348
57581.308024 19.256669      NaN    4    24 c    0   1.17 208.49258 50.04176  7573.17  8562.26 4.40 3.85  85.0 -0.448    19.01 20.63 02a57581o0118c     0  31.070893
57581.319303 19.256669      NaN  -22    24 c    0   1.35 208.49258 50.04176  7595.70  8446.12 4.41 3.77  85.4 -0.440    19.01 20.60 02a57581o0141c     0  31.070893
57581.337909 19.256669      NaN  -49    24 c    0   1.36 208.49258 50.04176  7548.68  8502.78 4.36 3.80  85.2 -0.449    18.95 20.52 02a57581o0179c     0  31.070893
57605.253127 18.757738      NaN  -40    38 c    0   1.05 208.49258 50.04176  7790.84  8594.49 4.73 4.12  32.2 -0.349    18.62 21.56 02a57605o0044c     0  42.818225
57605.270775 18.816441      NaN  -76    36 c    0   1.10 208.49258 50.04176  7829.29  8632.44 5.51 5.23  38.9 -0.318    18.74 21.75 02a57605o0074c     0  41.053628
57605.283492 18.796518      NaN   46    24 c    0   1.10 208.49258 50.04176  7853.73  8515.14 6.46 6.15  82.4 -0.267    19.08 21.46 02a57605o0095c     0  31.070893
57605.288307 19.510313      NaN  -21    19 c    0   1.18 208.49258 50.04176  7802.63  8574.97 4.75 4.36  85.5 -0.372    19.28 21.44 02a57605o0104c     0  27.393437
57609.251150 19.128787      NaN  -43    27 c    0   1.20 208.49258 50.04176  3948.38  1735.75 4.19 3.53  -9.8 -0.496    19.04 20.57 02a57609o0045c     0  33.442493
57609.260345 19.212347      NaN  -36    25 c    0   1.17 208.49258 50.04176  3922.63  1693.85 4.41 3.59  -6.1 -0.475    19.15 20.84 02a57609o0061c     0  31.849653
57609.274446 19.212347      NaN  -31    25 c    0   1.30 208.49258 50.04176  3983.97  1771.28 4.47 3.57  -4.0 -0.458    19.15 20.86 02a57609o0086c     0  31.849653
57609.283416 18.474346      NaN   78    26 c    0   1.30 208.49258 50.04176  3995.93  1650.44 4.44 3.62  -7.9 -0.471    19.11 20.83 02a57609o0102c  4096  32.640471
57609.293767 19.302877      NaN    8    23 c    0   1.28 208.49258 50.04176  3957.37  1712.51 4.54 3.74  -8.5 -0.466    19.06 20.79 02a57609o0120c     0  30.305121
57746.619131 19.631075      NaN  -34    17 c    0   1.08 208.49258 50.04176  5770.20   907.54 4.26 4.22 -47.2 -0.401    19.55 21.63 02a57746o0829c     0  26.046120
57746.630663 19.569016      NaN  -24    18 c    0   1.16 208.49258 50.04176  5794.23   947.76 4.73 4.59 -86.4 -0.368    19.46 21.64 02a57746o0851c     0  26.709556
57746.642121 19.766969      NaN   -4    15 c    0   1.04 208.49258 50.04176  5732.64   871.03 4.05 3.98  -7.5 -0.398    19.63 21.66 02a57746o0873c     0  24.787101
57746.653478 19.351140      NaN   26    16 c    0   1.00 208.49258 50.04176  5718.32   988.84 4.06 4.01 -11.6 -0.400    19.62 21.63 02a57746o0895c     0  25.404731
57746.663754 19.351140      NaN    3    22 c    0   0.97 208.49258 50.04176  5756.98   930.84 4.07 4.01 -13.1 -0.394    19.25 20.89 02a57746o0915c     0  29.553348
57778.576629 19.241693      NaN   36    15 c    0   1.13 208.49258 50.04176  5120.87  8733.68 3.74 3.67 -80.6 -0.430    19.75 21.80 02a57778o0578c     0  24.787101
57778.589437 19.401649      NaN   26    15 c    0   1.45 208.49258 50.04176  5133.01  8774.24 3.72 3.65 -83.6 -0.433    19.77 21.82 02a57778o0602c     0  24.787101
57778.602290 19.841877      NaN    5    14 c    0   1.54 208.49258 50.04176  5084.45  8697.33 3.70 3.63 -82.5 -0.436    19.79 21.85 02a57778o0626c     0  24.195048
57778.615190 19.696897 0.361912   56    16 c    0   1.20 208.49258 50.04176  5061.11  8818.74 3.62 3.60  71.4 -0.444    19.81 21.88 02a57778o0650c     0  25.404731
57778.628048 19.631075      NaN   17    14 c    0   1.49 208.49258 50.04176  5096.68  8761.05 3.75 3.70  70.5 -0.438    19.77 21.86 02a57778o0674c     0  24.195048
57782.565439 19.334813      NaN   33    14 c    0   1.59 208.49258 50.04176  5604.84  9747.80 3.72 3.61   2.3 -0.428    19.82 21.96 02a57782o0717c     0  24.195048
57782.579866 19.791368      NaN   10    14 c    0   1.30 208.49258 50.04176  5627.55  9788.22 3.64 3.48  -3.4 -0.425    19.84 21.99 02a57782o0743c     0  24.195048
57782.593858 19.841877      NaN  -17    14 c    0   1.40 208.49258 50.04176  5563.80  9712.28 3.52 3.30 -11.3 -0.412    19.88 22.03 02a57782o0769c     0  24.195048
57782.607900 19.419021      NaN   25    15 c    0   1.33 208.49258 50.04176  5537.78  9834.93 3.79 3.65  16.7 -0.429    19.81 21.96 02a57782o0795c     0  24.787101
57782.621826 19.841877      NaN  -32    14 c    0   1.31 208.49258 50.04176  5588.93  9777.98 3.62 3.47  -2.0 -0.408    19.84 21.99 02a57782o0821c     0  24.195048
57786.566299 19.367717      NaN   31    14 c    0   1.57 208.49258 50.04176  5345.64  8465.12 3.63 3.58  88.4 -0.432    19.82 21.92 02a57786o0512c     0  24.195048
57786.579012 19.142275      NaN   46    14 c    0   1.41 208.49258 50.04176  5357.84  8505.22 3.61 3.57  80.3 -0.435    19.85 21.96 02a57786o0536c     0  24.195048
57786.591848 19.142275      NaN   34    18 c    0   1.07 208.49258 50.04176  5294.91  8427.72 3.64 3.57  73.6 -0.432    19.68 21.79 02a57786o0560c     0  26.709556
57786.604786 19.454622      NaN   23    15 c    0   1.56 208.49258 50.04176  5281.86  8546.65 3.71 3.61  61.0 -0.426    19.84 21.98 02a57786o0584c     0  24.787101
57786.617646 19.226921      NaN   40    14 c    0   1.32 208.49258 50.04176  5317.70  8491.63 3.73 3.62  62.7 -0.429    19.84 21.99 02a57786o0608c     0  24.195048
57806.543426 19.696897      NaN   14    14 c    0   1.39 208.49258 50.04176  6557.81  9685.53 3.75 3.66 -87.2 -0.431    19.76 21.82 02a57806o0606c     0  24.195048
57806.546470 19.271854      NaN   34    15 c    0   1.30 208.49258 50.04176  6586.23  9723.61 3.89 3.80  83.1 -0.417    19.74 21.83 02a57806o0612c     0  24.787101
57806.563479 19.589310      NaN   16    15 c    0   1.36 208.49258 50.04176  6520.92  9647.97 3.95 3.84  84.8 -0.411    19.76 21.89 02a57806o0643c     0  24.787101
57806.577726 19.696897      NaN  -10    16 c    0   1.15 208.49258 50.04176  6498.20  9765.89 3.88 3.77  68.1 -0.420    19.76 21.84 02a57806o0669c     0  25.404731
57806.591596 19.609992      NaN   12    16 c    0   1.23 208.49258 50.04176  6550.50  9706.67 3.78 3.70  68.3 -0.432    19.72 21.75 02a57806o0695c     0  25.404731
57834.493408 19.510313      NaN   20    15 c    0   1.20 208.49258 50.04176  4279.03  1824.27 4.03 3.88  84.0 -0.374    19.07 21.18 02a57834o0444c     0  24.787101
57834.503847 19.401649      NaN   17    18 c    0   1.43 208.49258 50.04176  6201.13  8583.07 3.62 3.56 -32.9 -0.456    19.13 21.21 02a57834o0464c     0  26.709556
57834.521844 19.454622      NaN  -18    20 c    0   1.06 208.49258 50.04176  6250.61  8661.57 3.58 3.51 -41.1 -0.460    19.09 21.12 02a57834o0497c     0  28.096270
57834.541567 19.696897      NaN  -10    16 c    0   1.62 208.49258 50.04176  6273.94  8546.77 3.64 3.57 -50.8 -0.460    18.99 20.89 02a57834o0533c     0  25.404731
57834.551915 19.076453      NaN   39    18 c    0   1.47 208.49258 50.04176  6229.04  8609.23 3.74 3.63   6.1 -0.453    18.94 20.81 02a57834o0552c     0  26.709556
57838.492735 19.696897      NaN  -25    16 c    0   1.02 208.49258 50.04176  4154.35  2014.12 4.06 3.98 -82.5 -0.375    19.04 21.20 02a57838o0455c     0  25.404731
57838.494486 19.569016      NaN  -14    18 c    0   1.29 208.49258 50.04176  6348.34  8470.85 4.02 3.89  74.9 -0.395    19.06 21.21 02a57838o0458c     0  26.709556
57838.506746 19.510313      NaN  -26    19 c    0   1.19 208.49258 50.04176  6284.36  8394.25 3.88 3.77  73.0 -0.411    19.08 21.20 02a57838o0481c     0  27.393437
57838.528687 19.569016      NaN   -5    18 c    0   0.97 208.49258 50.04176  4211.02  1933.34 4.03 3.97 -60.7 -0.371    19.04 21.15 02a57838o0522c     0  26.709556
57838.541835 19.256669      NaN   32    16 c    0   1.24 208.49258 50.04176  4181.87  1994.04 4.08 3.82  -3.2 -0.375    19.03 21.12 02a57838o0547c     0  25.404731
57842.524867 19.569016      NaN  -49    18 c    0   1.38 208.49258 50.04176  7616.48  8317.28 4.34 4.26  44.6 -0.388    18.93 21.08 02a57842o0445c     0  26.709556
57842.527479 19.241693      NaN   30    17 c    0   1.33 208.49258 50.04176  7680.97  8398.36 4.13 3.92  72.3 -0.406    19.00 21.08 02a57842o0450c     0  26.046120
57842.543481 19.510313      NaN    0    19 c    0   1.11 208.49258 50.04176  7691.27  8278.15 4.22 4.03  76.8 -0.380    18.95 21.01 02a57842o0480c     0  27.393437
57862.494759 19.026525      NaN   34    21 c    0   1.08 208.49258 50.04176  7320.35  8559.27 3.89 3.60  84.7 -0.419    18.82 20.33 02a57862o0558c     0  28.816668
57862.502071 19.401649      NaN   11    20 c    0   1.25 208.49258 50.04176  7308.30  8519.17 3.99 3.69  84.2 -0.410    18.77 20.29 02a57862o0573c     0  28.096270
57862.510454 18.955691      NaN   40    21 c    0   1.04 208.49258 50.04176  7357.67  8599.05 3.88 3.60 -86.7 -0.426    18.77 20.23 02a57862o0590c     0  28.816668
57862.524024 19.334813      NaN   12    21 c    0   1.10 208.49258 50.04176  7383.84  8482.53 3.89 3.60  85.2 -0.415    18.71 20.11 02a57862o0618c     0  28.816668
57862.528456 19.302877      NaN   20    19 c    0   1.61 208.49258 50.04176  7346.54  8538.82 3.87 3.58  85.7 -0.422    18.70 20.08 02a57862o0627c     0  27.393437
57870.492158 19.696897      NaN   20    12 c    0   2.28 208.49258 50.04176  4592.74   246.22 3.62 2.62  27.3 -0.464    19.53 20.68 02a57870o0440c     0  23.095462
57870.495846 20.009244      NaN   -6    12 c    0   1.40 208.49258 50.04176  5723.70 10135.16 2.64 2.40  18.9 -0.490    19.55 20.71 02a57870o0447c     0  23.095462
57870.509084 20.009244      NaN    0    12 c    0   1.98 208.49258 50.04176  5710.73 10095.19 2.67 2.45  17.3 -0.488    19.51 20.68 02a57870o0472c     0  23.095462
57870.509600 19.841877      NaN  -31    14 c    0   1.59 208.49258 50.04176  4568.28   207.40 3.69 2.63  26.6 -0.460    19.48 20.63 02a57870o0473c     0  24.195048
57870.517991 19.529530      NaN   22    14 c    0   1.63 208.49258 50.04176  4630.23   282.29 3.75 2.70  27.7 -0.452    19.46 20.60 02a57870o0489c     0  24.195048
57870.520080 20.103715      NaN  -27    11 c    0   2.34 208.49258 50.04176  5761.00 10171.67 2.72 2.46  17.2 -0.494    19.47 20.63 02a57870o0493c     0  22.592042
57870.528620 20.103715      NaN  -21    11 c    0   2.17 208.49258 50.04176  5773.72 10055.08 2.76 2.52  16.8 -0.485    19.45 20.63 02a57870o0509c     0  22.592042
57870.530201 19.841877      NaN  -22    14 c    0   1.73 208.49258 50.04176  4658.10   165.09 3.83 2.72  26.9 -0.453    19.42 20.58 02a57870o0512c     0  24.195048
57870.541671 19.922338      NaN    1    13 c    0   1.97 208.49258 50.04176  4622.98   222.03 3.85 2.71  26.8 -0.442    19.42 20.55 02a57870o0534c     0  23.630497
57870.543254 20.207197      NaN    5    10 c    0   4.05 208.49258 50.04176  5738.71 10112.64 2.71 2.45  18.2 -0.487    19.45 20.59 02a57870o0537c     0  22.122395
57894.386745 20.171596      NaN   12     9 c    0   3.30 208.49258 50.04176  3975.82  1376.27 3.42 2.47  30.0 -0.472    19.65 21.54 02a57894o0292c     0  21.688715
57894.416893 20.207197      NaN   -3    10 c    0   3.21 208.49258 50.04176  3952.71  1335.44 3.46 2.56  29.7 -0.470    19.81 21.74 02a57894o0349c     0  22.122395
57894.419529 20.321591      NaN  -14     9 c    0   2.85 208.49258 50.04176  4016.38  1409.75 3.41 2.55  30.4 -0.468    19.78 21.70 02a57894o0354c     0  21.688715
57894.441778 20.137125      NaN   10    10 c    0   2.31 208.49258 50.04176  4032.25  1291.60 3.51 2.53  30.8 -0.468    19.68 21.53 02a57894o0396c     0  22.122395
57894.453543 20.009244      NaN  -23    12 c    0   2.47 208.49258 50.04176  3995.56  1349.11 3.44 2.50  28.3 -0.482    19.49 21.27 02a57894o0418c     0  23.095462
57898.388055 20.103715      NaN   11    10 c    0   2.57 208.49258 50.04176  5687.47 10256.29 2.73 2.54 -12.4 -0.483    19.77 21.74 02a57898o0136c     0  22.122395
57898.389114 19.922338      NaN  -20    13 c    0   1.74 208.49258 50.04176  4551.44   349.80 4.24 2.60  34.2 -0.431    19.73 21.69 02a57898o0138c     0  23.630497
57898.398663 20.009244      NaN  -28    12 c    0   2.82 208.49258 50.04176  4526.12   308.81 4.22 2.53  34.5 -0.436    19.78 21.72 02a57898o0156c     0  23.095462
57898.399718 20.207197      NaN  -14    10 c    0   3.44 208.49258 50.04176  5676.78 10218.64 2.66 2.48  -7.4 -0.494    19.78 21.73 02a57898o0158c     0  22.122395
57898.417223 19.922338      NaN  -26    13 c    0   1.49 208.49258 50.04176  4589.15   385.81 3.97 2.59  31.7 -0.441    19.75 21.68 02a57898o0191c     0  23.630497
57898.422484 19.549093      NaN   33    10 c    0   2.53 208.49258 50.04176  5726.39 10296.31 2.64 2.45  -8.2 -0.488    19.80 21.70 02a57898o0201c     0  22.122395
57898.435831 20.321591      NaN  -11     9 c    0   2.10 208.49258 50.04176  5751.43 10177.74 2.69 2.54   2.4 -0.481    19.77 21.66 02a57898o0226c     0  21.688715
57898.437402 19.791368      NaN   10    14 c    0   1.62 208.49258 50.04176  4617.91   265.62 4.19 2.59  33.4 -0.423    19.75 21.62 02a57898o0229c     0  24.195048
57898.446924 19.868040      NaN   10    13 c    0   1.14 208.49258 50.04176  4581.72   322.23 4.18 2.79  33.5 -0.428    19.69 21.60 02a57898o0247c     0  23.630497
57898.447459 20.009244      NaN  -20    12 c    0   2.05 208.49258 50.04176  5714.06 10232.88 2.82 2.67   6.5 -0.474    19.68 21.67 02a57898o0248c     0  23.095462
57902.387146 20.449472      NaN   -6     8 c    0   2.08 208.49258 50.04176  8189.19  9168.68 2.72 2.55  18.7 -0.425    19.81 21.68 02a57902o0299c     0  21.293200
57902.396902 20.449472      NaN  -17     8 c    0   2.93 208.49258 50.04176  8163.08  9126.14 2.68 2.52  19.0 -0.433    19.82 21.65 02a57902o0318c     0  21.293200
57902.416052 20.449472      NaN   -6     8 c    0   2.59 208.49258 50.04176  8229.38  9227.43 2.63 2.47  10.0 -0.432    19.85 21.69 02a57902o0355c     0  21.293200
57902.424290 20.321591      NaN  -11     9 c    0   1.86 208.49258 50.04176  8240.79  9107.70 2.67 2.50  19.4 -0.431    19.82 21.67 02a57902o0371c     0  21.688715
57902.433104 20.449472      NaN  -20     8 c    0   2.56 208.49258 50.04176  8204.09  9166.68 2.74 2.53  17.5 -0.426    19.74 21.53 02a57902o0388c     0  21.293200
57984.241515 19.089302      NaN  -14    28 c    0   0.87 208.49258 50.04176  5730.61  9396.42 2.62 2.36  14.3 -0.463    18.84 19.87 02a57984o0024c     0  34.254932
57984.245573 19.922338      NaN   -3    13 c    0   2.35 208.49258 50.04176  5707.95  9353.79 2.51 2.27  21.5 -0.461    19.42 20.66 02a57984o0032c     0  23.630497
57984.256968 20.103715      NaN    4    11 c    0   4.16 208.49258 50.04176  5767.35  9430.17 2.55 2.30  22.0 -0.459    19.68 21.32 02a57984o0055c     0  22.592042
57984.261071 19.631075      NaN   26    11 c    0   1.42 208.49258 50.04176  5780.78  9313.27 2.57 2.34  22.6 -0.460    19.68 21.32 02a57984o0063c     0  22.592042
58020.237342 19.351140      NaN   29    15 c    0   1.34 208.49258 50.04176  7444.37  5321.41 2.43 2.35 -37.7 -0.443    19.26 20.57 02a58020o0009c  8192  24.787101
58194.569176 19.816329      NaN   27     8 c    0   2.26 208.49258 50.04176  4989.14   545.56 2.68 2.43  48.7 -0.418    19.73 21.58 02a58194o0731c     0  21.293200
58194.571847 20.321591      NaN  -23     9 c    0   3.38 208.49258 50.04176  6083.34 10443.74 2.77 2.52  31.1 -0.452    19.73 21.62 02a58194o0735c     0  21.688715
58194.580281 20.282105      NaN    9     9 c    0   6.31 208.49258 50.04176  4963.44   506.41 2.68 2.41  48.8 -0.416    19.75 21.58 02a58194o0749c     0  21.688715
58194.583096 20.321591      NaN   -4     9 c    0   3.21 208.49258 50.04176  6066.96 10397.65 2.61 2.37  19.5 -0.443    19.79 21.60 02a58194o0753c     0  21.688715
58194.590959 19.841877      NaN   26     8 c    0   4.55 208.49258 50.04176  5020.31   581.41 2.76 2.54  47.2 -0.423    19.72 21.58 02a58194o0768c     0  21.293200
58194.594750 19.696897      NaN  -32    16 c    0   3.05 208.49258 50.04176  6114.57 10480.17 2.59 2.36  15.5 -0.453    19.83 21.61 02a58194o0772c     0  25.404731
58194.602403 20.449472      NaN  -11     8 c    0   3.31 208.49258 50.04176  5031.57   462.59 2.62 2.34  49.7 -0.423    19.75 21.57 02a58194o0786c     0  21.293200
58194.605186 20.449472      NaN  -11     8 c    0   2.65 208.49258 50.04176  6136.86 10361.72 2.64 2.35  22.5 -0.437    19.79 21.61 02a58194o0790c     0  21.293200
58196.528772 17.949472      NaN  -85    80 c    0   1.27 208.49258 50.04176  8851.65  5301.49 2.59 2.48  53.4 -0.429    17.93 19.91 02a58196o0651c     2  82.397818
58196.536968 19.894850      NaN   18    10 c    0   2.16 208.49258 50.04176  1649.47  5163.10 2.49 2.37  25.1 -0.440    19.79 21.87 02a58196o0666c  8192  22.122395
58196.546149 17.600430      NaN   51    96 c    0   1.17 208.49258 50.04176  8880.53  5345.98 2.57 2.45  67.1 -0.434    17.08 19.01 02a58196o0684c     2  98.007144
58251.583552 19.529530      NaN   31    11 c    0   1.64 208.49258 50.04176  8030.36  5337.32 2.88 2.72 -38.5 -0.392    19.47 21.29 02a58251o0742c     0  22.592042
58251.591215 19.674510      NaN   21    12 c    0   2.42 208.49258 50.04176  8029.75  5341.44 2.78 2.63 -39.8 -0.396    19.42 21.21 02a58251o0757c     0  23.095462
58251.599321 19.841877      NaN   -6    14 c    0   1.87 208.49258 50.04176  8015.81  5344.68 2.78 2.57 -42.6 -0.396    19.42 21.12 02a58251o0773c     0  24.195048
58251.606736 19.674510      NaN   21    12 c    0   1.81 208.49258 50.04176  8026.42  5368.70 2.86 2.63 -39.0 -0.388    19.35 20.98 02a58251o0788c     0  23.095462
58252.578265 19.529530      NaN   31    11 c    0   2.46 208.49258 50.04176  8030.14  5335.83 2.64 2.50 -42.6 -0.404    19.47 21.12 02a58252o0695c     0  22.592042
58252.586816 20.103715      NaN    5    11 c    0   2.46 208.49258 50.04176  8029.13  5339.36 2.62 2.51 -39.3 -0.412    19.44 21.08 02a58252o0712c     0  22.592042
58252.595511 20.103715      NaN  -18    11 c    0   2.41 208.49258 50.04176  8015.06  5343.46 2.70 2.57 -37.2 -0.408    19.39 21.01 02a58252o0729c     0  22.592042
58252.603599 19.922338      NaN  -48    13 c    0   2.57 208.49258 50.04176  8025.89  5367.68 2.68 2.55 -38.6 -0.409    19.32 20.92 02a58252o0745c     0  23.630497
58256.432933 20.594452      NaN  -12     7 c    0   4.61 208.49258 50.04176  7118.77  6901.92 2.56 2.50  56.7 -0.419    19.77 21.83 02a58256o0288c     0  20.938012
58256.438906 20.449472      NaN  -14     8 c    0   3.74 208.49258 50.04176  7093.81  6863.99 2.60 2.54  26.0 -0.423    19.77 21.81 02a58256o0301c     0  21.293200
58256.448480 20.594452      NaN  -10     7 c    0   7.06 208.49258 50.04176  7156.47  6941.75 2.50 2.44  34.4 -0.422    19.78 21.79 02a58256o0321c     0  20.938012
58256.460245 20.321591      NaN    4     9 c    0   5.76 208.49258 50.04176  7169.73  6823.82 2.51 2.44  27.0 -0.425    19.79 21.78 02a58256o0346c     0  21.688715
58280.394146 20.207197      NaN   14     8 c    0   3.00 208.49258 50.04176  9250.88  6522.92 2.67 2.55  50.6 -0.428    19.75 21.75 02a58280o0324c     0  21.293200
58280.406355 20.321591      NaN  -38     9 c    0   4.13 208.49258 50.04176  9238.85  6484.73 2.61 2.48  50.6 -0.429    19.75 21.67 02a58280o0350c     0  21.688715
58280.415521 17.845990      NaN  -60    88 c    0   1.44 208.49258 50.04176  9287.33  6562.72 2.69 2.56  45.4 -0.444    18.02 19.71 02a58280o0370c     2  90.185367
58280.422704 20.207197      NaN   -2    10 c    0   3.25 208.49258 50.04176  9311.92  6450.98 2.61 2.49  45.3 -0.435    19.70 21.62 02a58280o0385c     0  22.122395
58284.385293 20.321591      NaN   -3     9 c    0   3.80 208.49258 50.04176  6758.76  7162.38 2.46 2.39  32.8 -0.424    19.71 21.59 02a58284o0303c     0  21.688715
58284.393575 20.449472      NaN   -3     8 c    0   5.99 208.49258 50.04176  6732.00  7122.01 2.57 2.47  35.4 -0.423    19.60 21.46 02a58284o0321c     0  21.293200
58284.412630 20.321591      NaN  -12     9 c    0   2.05 208.49258 50.04176  6793.00  7199.65 2.53 2.45  28.3 -0.424    19.70 21.58 02a58284o0362c     0  21.688715
58284.420721 20.449472      NaN    7     8 c    0   3.32 208.49258 50.04176  6805.41  7086.30 2.47 2.39  25.1 -0.433    19.69 21.57 02a58284o0379c     0  21.293200
58308.363482 20.207197      NaN  -24    10 c    0   1.93 208.49258 50.04176  9476.37  5432.37 2.65 2.61 -21.3 -0.418    19.70 21.64 02a58308o0011c  8192  22.122395
58312.325870 20.449472      NaN  -12     8 c    0   3.33 208.49258 50.04176  9015.69  5567.85 2.55 2.49 -42.7 -0.409    19.78 21.64 02a58312o0177c     0  21.293200
58312.335801 20.207197      NaN    5    10 c    0   2.46 208.49258 50.04176  8988.69  5527.05 2.51 2.48 -65.8 -0.414    19.76 21.68 02a58312o0198c     0  22.122395
58312.348582 20.321591      NaN    0     9 c    0   2.31 208.49258 50.04176  9050.72  5606.10 2.61 2.58  40.0 -0.413    19.70 21.64 02a58312o0225c     0  21.688715
58312.361575 19.894850      NaN   18    10 c    0   2.16 208.49258 50.04176  9061.93  5490.11 2.62 2.57  40.9 -0.418    19.68 21.60 02a58312o0253c     0  22.122395
58316.320492 19.922338      NaN   14    11 c    0   1.85 208.49258 50.04176  7185.73  4972.08 3.24 3.12 -53.6 -0.355    19.37 21.29 02a58316o0167c     0  22.592042
58316.330514 19.979496      NaN    9    12 c    0   1.91 208.49258 50.04176  7170.68  4930.60 3.06 2.93 -50.3 -0.372    19.38 21.22 02a58316o0188c     0  23.095462
58316.339821 19.922338      NaN   14    11 c    0   1.57 208.49258 50.04176  7218.80  5009.66 3.06 2.93 -42.6 -0.386    19.44 21.32 02a58316o0208c     0  22.592042
58316.345532 19.979496      NaN   15    10 c    0   1.76 208.49258 50.04176  7244.26  4892.34 2.96 2.92 -79.9 -0.380    19.48 21.37 02a58316o0220c     0  22.122395
58344.271693 20.103715      NaN  -38    11 c    0   1.71 208.49258 50.04176  7889.79  4251.00 2.97 2.68 -45.5 -0.384    19.43 21.21 02a58344o0088c     0  22.592042
58344.280900 20.207197      NaN    1    10 c    0   2.77 208.49258 50.04176  7876.06  4211.18 2.75 2.50 -47.4 -0.395    19.48 21.16 02a58344o0107c     0  22.122395
58344.290031 20.009244      NaN    7    12 c    0   1.45 208.49258 50.04176  7925.87  4287.75 2.85 2.63 -48.7 -0.391    19.42 21.12 02a58344o0126c     0  23.095462
58344.299214 16.872739      NaN  274   127 c    0   0.97 208.49258 50.04176  7951.50  4150.61 2.68 2.56 -32.6 -0.395    18.00 19.86 02a58344o0145c     2 128.523929
58376.219417 18.649074      NaN  -78    42 c    0   1.52 208.49258 50.04176   119.09  3795.30 2.49 2.35  38.5 -0.386    17.66 18.51 02a58376o0018c     0  46.404745
58376.221764 17.120482 0.078004  523    37 c    0 247.00 208.49258 50.04176    94.57  3735.14 2.34 2.27  87.3 -0.380    18.17 18.98 02a58376o0023c  4096  41.933285
58376.222222 18.878500      NaN  -42    34 c    0   1.15 208.49258 50.04176  9550.89  3810.58 2.64 2.46 -31.6 -0.410    18.48 19.33 02a58376o0024c     0  39.311581
58376.226671 19.696897      NaN  -27    16 c    0   5.03 208.49258 50.04176   156.80  3822.85 2.29 2.23 -89.4 -0.397    18.63 19.65 02a58376o0033c     0  25.404731
58376.227128 19.256669      NaN    1    24 c    0   1.28 208.49258 50.04176  9524.97  3766.36 2.60 2.44 -26.6 -0.413    18.92 19.96 02a58376o0034c     0  31.070893
58376.233820 19.631075      NaN   14    15 c    0   6.49 208.49258 50.04176   168.44  3706.98 2.37 2.30  84.8 -0.396    18.93 20.06 02a58376o0048c     0  24.787101
58376.234278 19.652575      NaN   10    16 c    0   1.37 208.49258 50.04176  9585.88  3849.25 2.71 2.53 -29.1 -0.408    19.10 20.31 02a58376o0049c     0  25.404731
58376.243526 19.631075      NaN   -7    17 c    0   2.01 208.49258 50.04176  9600.10  3726.99 2.74 2.58 -20.1 -0.429    19.08 20.36 02a58376o0068c     0  26.046120
58520.656345 20.207197      NaN    4     9 c    0   1.64 208.49258 50.04176  4142.45  9262.01 2.75 2.56   8.9 -0.443    19.80 22.06 02a58520o0258c     0  21.688715
58520.666094 20.321591      NaN  -22     9 c    0   1.64 208.49258 50.04176  4125.20  9223.58 2.58 2.56  20.7 -0.433    19.60 21.30 02a58520o0279c     0  21.688715
58520.676033 18.174913      NaN   34    54 c    0   1.13 208.49258 50.04176  4171.99  9299.40 2.60 2.53 -13.1 -0.488    17.96 18.79 02a58520o0300c     0  57.492611
58576.539361 20.449472      NaN   -5     8 c    0   4.44 208.49258 50.04176  1715.41  1556.71 2.56 2.27 -51.1 -0.417    19.74 21.79 02a58576o0681c     0  21.293200
58576.552613 20.207197      NaN    4     9 c    0   2.30 208.49258 50.04176  1690.30  1517.04 2.53 2.28 -53.8 -0.425    19.76 21.81 02a58576o0709c     0  21.688715
58576.559489 20.449472      NaN   -9     8 c    0   2.47 208.49258 50.04176  1752.21  1592.90 2.55 2.23 -51.8 -0.424    19.79 21.77 02a58576o0724c     0  21.293200
58576.579504 20.137125      NaN    6     9 c    0   2.08 208.49258 50.04176  1774.54  1471.34 2.63 2.27 -52.5 -0.420    19.71 21.72 02a58576o0767c     0  21.688715
58580.528425 20.207197      NaN    0    10 c    0   1.79 208.49258 50.04176  7509.98  9292.68 2.62 2.57  64.0 -0.408    19.65 21.46 02a58580o0656c     0  22.122395
58580.535815 20.321591      NaN   -9     9 c    0   2.06 208.49258 50.04176  7482.77  9252.60 2.59 2.56  62.7 -0.413    19.67 21.44 02a58580o0672c     0  21.688715
58580.545882 19.841877      NaN   13    10 c    0   2.00 208.49258 50.04176  7547.17  9332.52 2.80 2.64 -56.3 -0.408    19.60 21.45 02a58580o0693c     0  22.122395
58580.554411 20.207197      NaN  -17    10 c    0   2.27 208.49258 50.04176  7556.92  9214.84 2.59 2.55 -69.8 -0.413    19.68 21.43 02a58580o0711c     0  22.122395
58604.465191 20.321591      NaN    0     9 c    0   2.32 208.49258 50.04176  1804.37  5442.46 2.49 2.34 -42.8 -0.415    19.61 21.62 02a58604o0427c     0  21.688715
58604.472057 20.321591      NaN   -6     9 c    0   4.34 208.49258 50.04176  1777.12  5402.88 2.40 2.30 -38.2 -0.424    19.61 21.62 02a58604o0442c     0  21.688715
58604.483310 20.321591      NaN   -4     9 c    0   3.27 208.49258 50.04176  1839.02  5478.39 2.47 2.28 -44.2 -0.437    19.58 21.61 02a58604o0466c     0  21.688715
58604.493750 19.696897      NaN   19    10 c    0   1.96 208.49258 50.04176  1862.56  5358.35 2.30 2.23 -41.8 -0.420    19.62 21.57 02a58604o0488c     0  22.122395
58612.384727 20.321591      NaN   -7     9 c    0   2.07 208.49258 50.04176  3340.94  8718.54 2.42 2.30 -47.8 -0.411    19.78 21.62 02a58612o0332c     0  21.688715
58612.386568 20.449472      NaN  -10     8 c    0   3.72 208.49258 50.04176  3322.00  8681.38 2.38 2.30 -39.9 -0.417    19.81 21.62 02a58612o0336c     0  21.293200
58612.392134 20.207197      NaN  -27    10 c    0   2.90 208.49258 50.04176  3378.08  8758.72 2.41 2.32 -41.5 -0.410    19.76 21.62 02a58612o0348c     0  22.122395
58612.408845 20.449472      NaN  -18     8 c    0   2.48 208.49258 50.04176  3392.19  8639.43 2.38 2.29 -21.7 -0.412    19.77 21.64 02a58612o0384c     0  21.293200
58636.393521 20.244005      NaN    6     8 c    0   3.77 208.49258 50.04176  2626.30  4947.09 2.38 2.30 -49.9 -0.406    19.74 21.61 02a58636o0350c     0  21.293200
58636.396879 20.321591      NaN   -9     9 c    0   4.72 208.49258 50.04176  2612.01  4906.75 2.32 2.31  87.7 -0.408    19.71 21.63 02a58636o0357c     0  21.688715
58636.401977 20.495680      NaN    3     7 c    0   2.18 208.49258 50.04176  2667.77  4979.41 2.32 2.25 -33.5 -0.419    19.76 21.64 02a58636o0368c     0  20.938012
58636.413036 20.449472      NaN   -4     8 c    0   3.10 208.49258 50.04176  2685.88  4865.67 2.36 2.27 -47.9 -0.417    19.72 21.63 02a58636o0391c     0  21.293200
58664.300896 20.321591      NaN    7     7 c    0   4.04 208.49258 50.04176  6256.97  3080.10 2.38 2.23  37.7 -0.401    19.79 21.63 02a58664o0138c     0  20.938012
58664.303641 20.071303      NaN   11     8 c    0   3.88 208.49258 50.04176  6237.25  3040.87 2.37 2.25  39.3 -0.409    19.81 21.67 02a58664o0144c     0  21.293200
58664.309185 19.950541      NaN   18     7 c    0   3.90 208.49258 50.04176  6292.20  3118.13 2.44 2.26  40.4 -0.405    19.81 21.70 02a58664o0156c     0  20.938012
58664.319277 20.449472      NaN   -5     8 c    0   3.73 208.49258 50.04176  6312.47  3000.62 2.42 2.28  46.1 -0.402    19.80 21.73 02a58664o0178c     0  21.293200
58668.347278 20.071303      NaN    8     9 c    0   3.67 208.49258 50.04176  1060.45  6746.51 2.35 2.24 -12.2 -0.416    19.71 21.54 02a58668o0231c     0  21.688715
58668.351445 19.894850      NaN   11    10 c    0   2.38 208.49258 50.04176  1040.76  6708.05 2.39 2.26 -26.8 -0.424    19.67 21.52 02a58668o0240c     0  22.122395
58668.357105 20.103715 0.296110   34     9 c    0   2.08 208.49258 50.04176  1097.11  6782.31 2.39 2.25 -30.6 -0.418    19.70 21.49 02a58668o0252c     0  21.688715
58668.370473 20.009244      NaN   13     8 c    0   3.17 208.49258 50.04176  1114.79  6661.15 2.29 2.22 -12.5 -0.414    19.63 21.41 02a58668o0280c     0  21.293200
58692.286558 20.171596      NaN    5     9 c    0   1.64 208.49258 50.04176  2974.58  7064.53 2.45 2.31 -42.9 -0.407    19.69 21.65 02a58692o0112c     0  21.688715
58692.288916 19.841877      NaN   16     9 c    0   2.05 208.49258 50.04176  2952.81  7023.34 2.54 2.47  29.8 -0.379    19.64 21.64 02a58692o0117c     0  21.688715
58692.294600 20.321591      NaN   -6     9 c    0   3.42 208.49258 50.04176  3010.67  7099.69 2.43 2.36 -36.4 -0.393    19.63 21.61 02a58692o0129c     0  21.688715
58692.305869 20.449472      NaN   -4     8 c    0   5.18 208.49258 50.04176  3026.13  6981.76 2.34 2.31  -9.4 -0.390    19.68 21.55 02a58692o0151c     0  21.293200
58696.245127 18.542463      NaN   26    38 c    0   1.06 208.49258 50.04176  2974.79  7063.78 2.66 2.32 -52.9 -0.408    18.08 19.01 02a58696o0031c     0  42.818225
58696.249048 19.454622      NaN    1    20 c    0   1.65 208.49258 50.04176  2956.22  7026.50 2.67 2.34 -52.7 -0.412    18.83 19.90 02a58696o0039c     0  28.096270
58696.254273 20.009244      NaN   -6    12 c    0   2.39 208.49258 50.04176  3013.06  7101.28 2.59 2.25 -53.4 -0.412    19.47 20.87 02a58696o0050c     0  23.095462
58696.264535 19.868040      NaN   12    10 c    0   2.33 208.49258 50.04176  3032.70  6982.46 2.63 2.23 -49.9 -0.415    19.64 21.47 02a58696o0071c     0  22.122395
58700.300181 20.009244      NaN    1    12 c    0   1.72 208.49258 50.04176  7035.05  9006.21 2.68 2.64  16.7 -0.389    19.55 21.20 02a58700o0150c     0  23.095462
58700.303495 20.207197      NaN   -9    10 c    0   2.84 208.49258 50.04176  7016.33  8964.51 2.60 2.58  26.1 -0.385    19.58 21.19 02a58700o0157c     0  22.122395
58700.309532 20.009244      NaN  -27    12 c    0   2.12 208.49258 50.04176  7072.32  9044.86 2.66 2.61  26.8 -0.388    19.55 21.19 02a58700o0170c     0  23.095462
58700.319718 20.103715      NaN  -22    11 c    0   1.87 208.49258 50.04176  7090.73  8928.75 2.64 2.62  24.9 -0.390    19.52 21.17 02a58700o0192c     0  22.592042
58708.311743 18.847027      NaN  -22    35 c    0   1.06 208.49258 50.04176  8465.87  5168.23 2.88 2.40  34.1 -0.369    18.21 19.08 02a58708o0186c     0  40.179601
58708.314961 18.944322      NaN  -39    32 c    0   1.47 208.49258 50.04176  8447.17  5131.59 3.14 2.50  32.2 -0.337    18.17 19.03 02a58708o0193c     0  37.595217
58708.320228 18.748255      NaN   20    32 c    0   1.32 208.49258 50.04176  8506.07  5210.08 2.85 2.39  30.1 -0.364    18.15 19.00 02a58708o0204c     0  37.595217
58708.332274 18.511660      NaN   39    35 c    0   1.36 208.49258 50.04176  8528.53  5098.94 2.91 2.47  29.4 -0.357    18.03 18.91 02a58708o0230c     0  40.179601
58724.239944 20.009244      NaN  -10    12 c    0   2.11 208.49258 50.04176  8700.25  6827.04 2.87 2.55  30.1 -0.398    19.39 20.86 02a58724o0051c     0  23.095462
58724.243178 19.367717      NaN   30    12 c    0   1.28 208.49258 50.04176  8680.31  6786.15 2.74 2.39  31.7 -0.402    19.57 21.16 02a58724o0058c     0  23.095462
58724.250486 19.979496      NaN    2    12 c    0   1.28 208.49258 50.04176  8734.71  6867.91 2.88 2.52  30.2 -0.396    19.57 21.34 02a58724o0073c     0  23.095462
58724.262012 20.207197      NaN   -7    10 c    0   2.49 208.49258 50.04176  8752.64  6753.45 2.83 2.43  29.2 -0.401    19.56 21.30 02a58724o0098c     0  22.122395
58816.614103 20.009244      NaN  -21    12 c    0   1.75 208.49258 50.04176  7231.93  1863.49 2.89 2.79  -5.0 -0.386    19.32 21.21 02a58816o0916c     0  23.095462
58816.617728 20.207197      NaN  -20    10 c    0   2.02 208.49258 50.04176  7250.35  1902.65 2.92 2.68 -42.1 -0.380    19.33 21.22 02a58816o0923c     0  22.122395
58816.623086 20.009244      NaN  -19    12 c    0   1.45 208.49258 50.04176  7195.25  1825.48 3.06 2.93 -16.4 -0.368    19.27 21.24 02a58816o0934c     0  23.095462
58816.636026 20.103715      NaN   -4    11 c    0   1.69 208.49258 50.04176  7176.36  1943.45 2.86 2.75 -19.8 -0.380    19.39 21.35 02a58816o0960c     0  22.592042
58872.535968 19.472870      NaN   30    10 c    0   2.30 208.49258 50.04176  9496.56  3812.61 2.56 2.45 -44.5 -0.397    19.83 22.03 02a58872o0725c     0  22.122395
58872.539669 20.594452      NaN  -10     7 c    0   8.67 208.49258 50.04176  9517.93  3851.75 2.59 2.42 -54.1 -0.401    19.83 22.04 02a58872o0733c     0  20.938012
58872.547154 20.207197      NaN    7     8 c    0   3.61 208.49258 50.04176  9458.49  3777.00 2.51 2.43 -47.4 -0.398    19.80 22.04 02a58872o0749c     0  21.293200
58872.557173 20.103715      NaN   10     8 c    0   1.83 208.49258 50.04176  9442.72  3894.63 2.52 2.44 -47.9 -0.397    19.87 22.05 02a58872o0770c     0  21.293200
58876.645482 20.207197      NaN   -7    10 c    0   3.01 208.49258 50.04176  8343.06  7749.02 2.69 2.58  50.4 -0.396    19.61 21.79 02a58876o0914c     0  22.122395
58876.648324 20.449472      NaN  -25     8 c    0   2.05 208.49258 50.04176  8366.40  7789.00 2.67 2.57  53.4 -0.400    19.73 21.93 02a58876o0920c     0  21.293200
58876.655723 19.510313      NaN   25    11 c    0   2.23 208.49258 50.04176  8304.35  7715.40 2.71 2.56  44.7 -0.397    19.35 21.35 02a58876o0936c     0  22.592042
58876.665891 19.051202      NaN   31    19 c    0   1.50 208.49258 50.04176  2301.12  2743.17 2.39 2.36  67.1 -0.393    18.88 20.45 02a58876o0957c     0  27.393437
58884.593779 20.449472      NaN    2     8 c    0   3.49 208.49258 50.04176  2040.41 10186.79 2.44 2.37  68.1 -0.424    19.82 21.99 02a58884o0827c     0  21.293200
58884.596741 20.449472      NaN    4     8 c    0   8.58 208.49258 50.04176  2066.38 10223.28 2.45 2.12 -41.0 -0.427    19.85 21.98 02a58884o0833c     0  21.293200
58884.605408 20.594452      NaN  -14     7 c    0   7.70 208.49258 50.04176  2004.65 10144.07 2.45 2.20 -40.2 -0.427    19.81 21.98 02a58884o0851c     0  20.938012
58884.615927 20.449472      NaN  -10     8 c    0   8.63 208.49258 50.04176  1979.20 10263.24 2.40 2.34 -40.6 -0.423    19.81 21.99 02a58884o0873c     0  21.293200
58900.596933 20.321591      NaN   -1     9 c    0   2.21 208.49258 50.04176  3550.63  1588.05 2.74 2.55 -61.0 -0.401    19.51 21.58 02a58900o0782c     0  21.688715
58900.598315 20.207197      NaN  -14    10 c    0   1.88 208.49258 50.04176  3569.67  1622.00 2.74 2.46 -57.8 -0.403    19.51 21.56 02a58900o0785c     0  22.122395
58900.604673 19.014394      NaN  -13    30 c    0   1.17 208.49258 50.04176  3513.65  1544.28 2.99 2.74 -48.8 -0.394    18.37 20.27 02a58900o0797c     0  35.908221
58900.614527 19.841877      NaN  -25    14 c    0   1.48 208.49258 50.04176  7089.62  8918.38 2.95 2.69 -60.9 -0.384    19.23 21.22 02a58900o0815c     0  24.195048
58932.513609 19.922338      NaN   16     9 c    0   4.75 208.49258 50.04176  6475.28   456.63 2.67 2.31 -56.4 -0.414    19.73 21.71 02a58932o0633c     0  21.688715
58932.516828 19.719755 0.184806   51     8 c    0   7.49 208.49258 50.04176  6454.91   416.39 2.70 2.35 -57.6 -0.404    19.70 21.70 02a58932o0640c     0  21.293200
58932.522331 20.207197      NaN    7     9 c    0   3.33 208.49258 50.04176  6515.99   494.66 2.68 2.31 -57.1 -0.411    19.71 21.69 02a58932o0652c     0  21.688715
58932.532128 20.207197      NaN  -40    10 c    0   2.83 208.49258 50.04176  6537.58   377.67 2.68 2.33 -55.7 -0.406    19.72 21.67 02a58932o0673c     0  22.122395
58956.452947 20.449472      NaN   -1     8 c    0   2.09 208.49258 50.04176  4237.69  3182.05 2.42 2.39 -53.0 -0.399    19.73 21.78 02a58956o0473c     0  21.293200
58956.455871 19.868040      NaN   18     9 c    0   3.80 208.49258 50.04176  4214.88  3140.13 2.44 2.40  18.9 -0.396    19.73 21.78 02a58956o0479c     0  21.688715
58956.461669 20.137125      NaN    9     9 c    0   1.76 208.49258 50.04176  4274.79  3216.85 2.91 2.62  34.9 -0.389    19.59 21.78 02a58956o0491c     0  21.688715
58956.471653 20.207197 0.289530   34     8 c    0   1.87 208.49258 50.04176  4292.47  3100.20 2.71 2.36  34.5 -0.396    19.68 21.77 02a58956o0512c     0  21.293200
58960.437678 20.207197      NaN  -15    10 c    0   1.84 208.49258 50.04176  6343.37  7393.57 3.07 2.49  38.0 -0.386    19.64 21.60 02a58960o0442c     0  22.122395
58960.472951 20.137125      NaN   12     8 c    0   2.25 208.49258 50.04176  4216.76  3144.08 2.49 2.31  37.2 -0.403    19.75 21.67 02a58960o0462c     0  21.293200
58960.477067 20.449472      NaN  -19     8 c    0   3.01 208.49258 50.04176  4276.61  3219.90 2.44 2.27  39.1 -0.402    19.75 21.66 02a58960o0469c     0  21.293200
58960.482331 20.449472      NaN   -3     8 c    0   3.20 208.49258 50.04176  4293.87  3099.48 2.48 2.27  38.6 -0.404    19.73 21.67 02a58960o0480c     0  21.293200
58964.418087 19.351140      NaN  -32    22 c    0   1.61 208.49258 50.04176  1415.27  8879.75 2.85 2.30 -52.5 -0.428    18.94 20.78 02a58964o0399c     0  29.553348
58964.421324 19.302877      NaN  -36    23 c    0   1.80 208.49258 50.04176  1397.96  8841.51 2.70 2.21 -52.8 -0.425    18.02 19.62 02a58964o0406c     0  30.305121
58964.428212 18.767304      NaN   48    23 c    0   1.91 208.49258 50.04176  1453.82  8915.97 2.85 2.33 -51.7 -0.417    18.68 20.47 02a58964o0421c     0  30.305121
58964.438330 20.207197      NaN  -13    10 c    0   1.58 208.49258 50.04176  1472.77  8796.89 2.94 2.45 -54.0 -0.410    19.63 21.62 02a58964o0443c     0  22.122395
58984.395188 20.321591      NaN   -7     9 c    0   3.78 208.49258 50.04176  5164.47  8595.11 2.44 2.33 -58.5 -0.409    19.83 21.76 02a58984o0270c     0  21.688715
58984.398394 20.449472      NaN  -22     8 c    0   3.52 208.49258 50.04176  5152.84  8562.82 2.45 2.33 -56.1 -0.407    19.81 21.76 02a58984o0277c     0  21.293200
58984.404011 20.321591      NaN   -3     9 c    0   3.42 208.49258 50.04176  5207.70  8634.67 2.44 2.42  -5.3 -0.402    19.80 21.75 02a58984o0289c     0  21.688715
58984.414583 20.449472      NaN    3     8 c    0   3.13 208.49258 50.04176  5225.30  8518.04 2.42 2.33  47.0 -0.404    19.77 21.73 02a58984o0312c     0  21.293200
58988.395162 20.137125      NaN   12     8 c    0   2.60 208.49258 50.04176   645.84  5116.17 2.51 2.35 -42.9 -0.396    19.72 21.68 02a58988o0349c     0  21.293200
58988.398374 20.543943 0.345462   26     7 c    0   4.39 208.49258 50.04176   624.48  5078.12 2.45 2.30 -35.3 -0.396    19.74 21.66 02a58988o0356c     0  20.938012
58988.401116 20.449472      NaN    1     8 c    0   5.51 208.49258 50.04176 10402.49  5151.60 2.68 2.45  20.5 -0.401    19.71 21.69 02a58988o0362c     0  21.293200
58988.403924 20.594452      NaN   -4     7 c    0   4.36 208.49258 50.04176   683.80  5152.03 2.45 2.33 -12.9 -0.396    19.72 21.64 02a58988o0368c     0  20.938012
58988.404381 20.449472      NaN   -5     8 c    0   5.06 208.49258 50.04176 10383.56  5109.55 2.67 2.52 -63.9 -0.402    19.76 21.68 02a58988o0369c     0  21.293200
58988.409887 20.449472      NaN  -15     8 c    0   2.62 208.49258 50.04176 10443.79  5191.81 2.65 2.62  68.7 -0.396    19.73 21.67 02a58988o0381c     0  21.293200
58988.414025 20.594452      NaN  -11     7 c    0   3.78 208.49258 50.04176   704.85  5033.93 2.47 2.34  -0.6 -0.395    19.72 21.60 02a58988o0390c     0  20.938012
58988.420449 20.137125 0.305363   36     9 c    0   2.05 208.49258 50.04176 10462.31  5075.08 2.75 2.45  18.6 -0.397    19.68 21.63 02a58988o0404c     0  21.688715
58992.346022 20.207197      NaN   10     8 c    0   2.29 208.49258 50.04176   650.95  5126.30 2.39 2.27 -24.1 -0.401    19.77 21.82 02a58992o0242c     0  21.293200
58992.349224 20.761819      NaN    4     6 c    0   6.27 208.49258 50.04176   631.01  5087.35 2.41 2.30   2.5 -0.395    19.75 21.79 02a58992o0249c     0  20.625236
58992.355171 20.761819      NaN   -1     6 c    0   5.32 208.49258 50.04176   690.28  5161.99 2.45 2.16 -53.0 -0.411    19.80 21.77 02a58992o0262c     0  20.625236
58992.358830 20.321591      NaN   -8     9 c    0   3.28 208.49258 50.04176 10410.19  5155.65 2.70 2.53 -68.6 -0.402    19.79 21.78 02a58992o0270c     0  21.688715
58992.362032 20.449472      NaN  -17     8 c    0   4.33 208.49258 50.04176 10390.48  5115.36 2.72 2.50 -70.3 -0.418    19.77 21.78 02a58992o0277c     0  21.293200
58992.366154 19.922338      NaN   19     8 c    0   3.41 208.49258 50.04176   709.45  5043.14 2.52 2.25 -49.6 -0.401    19.75 21.76 02a58992o0286c     0  21.293200
58992.367983 20.207197      NaN   10     8 c    0   2.73 208.49258 50.04176 10448.33  5195.59 2.74 2.53 -70.2 -0.403    19.78 21.79 02a58992o0290c     0  21.293200
58992.402243 20.449472      NaN  -13     8 c    0   3.40 208.49258 50.04176 10463.89  5079.08 2.74 2.48 -66.1 -0.411    19.79 21.77 02a58992o0363c     0  21.293200
59011.295972 20.207197      NaN   -9    10 c    0   2.71 208.49258 50.04176  3302.99  8715.08 2.63 2.33 -52.2 -0.399    19.75 21.71 02a59011o0115c     0  22.122395
59011.301535 20.321591      NaN    4     9 c    0   3.89 208.49258 50.04176  3282.41  8675.07 2.57 2.32 -50.8 -0.401    19.78 21.78 02a59011o0127c     0  21.688715
59011.308005 20.321591      NaN  -19     9 c    0   2.67 208.49258 50.04176  3337.02  8751.06 2.68 2.40 -53.4 -0.393    19.75 21.84 02a59011o0141c     0  21.688715
59011.320030 20.321591      NaN    0     9 c    0   2.31 208.49258 50.04176  3353.97  8631.52 2.50 2.29 -51.9 -0.396    19.82 21.88 02a59011o0167c     0  21.688715
59015.318757 20.449472      NaN   -2     8 c    0   2.68 208.49258 50.04176  3298.79  8711.04 2.58 2.35 -49.3 -0.397    19.79 21.89 02a59015o0167c     0  21.293200
59015.321962 20.321591      NaN  -35     9 c    0   2.67 208.49258 50.04176  3276.64  8671.73 2.52 2.40  27.8 -0.383    19.75 21.90 02a59015o0174c     0  21.688715
59015.327469 20.321591      NaN    0     9 c    0   2.52 208.49258 50.04176  3334.56  8747.05 2.48 2.33 -46.2 -0.399    19.82 21.91 02a59015o0186c     0  21.688715
59015.338041 20.449472      NaN   -6     8 c    0   3.80 208.49258 50.04176  3352.39  8629.55 2.43 2.33 -36.7 -0.403    19.79 21.89 02a59015o0209c     0  21.293200
59020.316037 20.103715      NaN  -18    11 c    0   4.20 208.49258 50.04176   230.76  2997.89 2.48 2.39 -48.0 -0.381    19.36 21.16 02a59020o0100c     0  22.592042
59020.319239 20.009244 0.241275   40     8 c    0   4.39 208.49258 50.04176   210.03  2959.15 2.45 2.38  26.9 -0.382    19.37 21.30 02a59020o0107c     0  21.293200
59020.325193 20.103715      NaN   -4    11 c    0   2.47 208.49258 50.04176   269.78  3033.92 2.43 2.39 -52.4 -0.390    19.33 21.23 02a59020o0120c     0  22.592042
59020.329536 19.436675      NaN   20    15 c    0   1.93 208.49258 50.04176 10215.35  3003.08 2.64 2.47   9.0 -0.386    18.88 20.77 02a59020o0129c     0  24.787101
59020.332736 20.207197      NaN   10     8 c    0   4.66 208.49258 50.04176 10195.63  2962.58 2.68 2.46  13.2 -0.388    19.70 21.80 02a59020o0136c     0  21.293200
59020.336407 20.244005 0.224635   33     6 c    0   6.32 208.49258 50.04176   290.25  2917.20 2.41 2.35 -55.0 -0.387    19.78 21.75 02a59020o0144c     0  20.625236
59020.338291 20.449472      NaN    2     8 c    0   2.05 208.49258 50.04176 10254.81  3043.39 2.66 2.44  10.5 -0.391    19.67 21.79 02a59020o0148c     0  21.293200
59020.349940 20.137125      NaN    9     9 c    0   1.97 208.49258 50.04176 10273.96  2926.48 2.63 2.39   8.9 -0.399    19.40 21.39 02a59020o0173c     0  21.688715
59040.272566 20.207197      NaN  -28    10 c    0   4.35 208.49258 50.04176  2609.18  4952.68 2.76 2.75  31.3 -0.419    19.56 21.64 02a59040o0064c     0  22.122395
59040.277697 20.321591      NaN   -1     9 c    0   2.35 208.49258 50.04176  2589.66  4913.72 2.49 2.36  26.6 -0.392    19.67 21.62 02a59040o0075c     0  21.688715
59040.281507 19.791368      NaN   24     8 c    0   2.48 208.49258 50.04176  2648.79  4989.44 2.40 2.35 -36.0 -0.400    19.67 21.63 02a59040o0083c     0  21.293200
59040.291275 20.449472      NaN   -6     8 c    0   4.46 208.49258 50.04176  2669.05  4871.74 2.43 2.42  52.2 -0.399    19.70 21.63 02a59040o0104c     0  21.293200
59044.314319 20.321591      NaN   -1     9 c    0   3.56 208.49258 50.04176  4543.22  4815.85 2.35 2.28  37.3 -0.401    19.73 21.80 02a59044o0152c     0  21.688715
59044.317530 19.950541      NaN   18     8 c    0   3.73 208.49258 50.04176  4524.99  4777.36 2.46 2.32  38.9 -0.393    19.67 21.79 02a59044o0159c     0  21.293200
59044.324966 20.543943      NaN    5     7 c    0   6.07 208.49258 50.04176  4581.78  4852.60 2.60 2.32  39.1 -0.388    19.69 21.79 02a59044o0175c     0  20.938012
59044.335644 19.816329      NaN   17    10 c    0   2.92 208.49258 50.04176  4606.41  4738.25 2.50 2.49  54.9 -0.393    19.63 21.77 02a59044o0198c     0  22.122395
59048.297968 20.321591      NaN  -12     9 c    0   3.53 208.49258 50.04176  4550.73  4818.64 2.60 2.22  40.5 -0.387    19.62 21.56 02a59048o0121c     0  21.688715
59048.301182 20.321591      NaN   -2     9 c    0   2.14 208.49258 50.04176  4534.57  4780.46 2.60 2.25  40.2 -0.389    19.65 21.58 02a59048o0128c     0  21.688715
59048.307619 20.449472      NaN  -12     8 c    0   1.94 208.49258 50.04176  4589.96  4855.51 2.66 2.25  41.6 -0.388    19.73 21.68 02a59048o0142c     0  21.293200
59048.317740 19.816329      NaN   23     8 c    0   4.75 208.49258 50.04176  4609.49  4737.28 2.61 2.25  40.7 -0.386    19.69 21.68 02a59048o0164c     0  21.293200
59206.618969 20.321591      NaN   -8     9 c    0   2.14 208.49258 50.04176  8470.00  5140.02 2.77 2.63 -80.8 -0.374    19.68 21.84 01a59206o0902c     0  21.688715
59206.622194 20.449472      NaN  -22     8 c    0   1.44 208.49258 50.04176  8451.95  5101.89 3.08 2.74   6.6 -0.338    19.59 21.85 01a59206o0909c     0  21.293200
59206.628645 20.321591      NaN   -6     9 c    0   2.36 208.49258 50.04176  8510.07  5176.64 2.66 2.54 -80.2 -0.372    19.72 21.85 01a59206o0923c     0  21.688715
59206.646374 20.321591      NaN    4     9 c    0   1.26 208.49258 50.04176  8531.18  5060.26 2.90 2.67  20.9 -0.351    19.64 21.86 01a59206o0961c     0  21.688715
59208.639885 20.321591      NaN   -4     9 c    0   2.43 208.49258 50.04176  6143.38 10026.74 2.71 2.64  70.7 -0.402    19.68 21.64 02a59208o0962c     0  21.688715
59208.650450 20.103715      NaN  -36    11 c    0   1.85 208.49258 50.04176  6164.71 10066.38 2.70 2.65  71.7 -0.406    19.70 21.65 02a59208o0985c     0  22.592042
59208.655955 20.207197      NaN  -18    10 c    0   1.42 208.49258 50.04176  6103.56  9990.25 2.73 2.61  58.7 -0.395    19.67 21.61 02a59208o0997c     0  22.122395
59208.664725 19.922338      NaN  -27    13 c    0   1.73 208.49258 50.04176  6083.51 10110.51 2.80 2.65  60.1 -0.392    19.41 20.84 02a59208o1016c     0  23.630497
59228.637521 20.594452      NaN   -5     7 c    0   3.84 208.49258 50.04176  3798.67  3721.30 2.53 2.35  47.2 -0.398    19.75 21.92 02a59228o0882c     0  20.938012
59228.653942 20.282105      NaN    8     8 c    0   1.61 208.49258 50.04176  3823.28  3761.79 2.55 2.37  49.7 -0.398    19.80 21.90 02a59228o0917c     0  21.293200
59228.658059 20.594452      NaN  -13     7 c    0   4.04 208.49258 50.04176  3766.11  3682.36 2.51 2.34  51.6 -0.401    19.77 21.87 02a59228o0926c     0  20.938012
59228.665008 19.743105      NaN   23     9 c    0   2.33 208.49258 50.04176  3749.65  3800.01 2.55 2.38  48.0 -0.396    19.70 21.63 02a59228o0941c     0  21.688715
59230.596813 20.282105      NaN    5     9 c    0   2.13 208.49258 50.04176  6472.46   428.90 2.68 2.57  80.5 -0.421    19.72 22.31 01a59230o0856c     0  21.688715
59230.600047 20.171596      NaN   11     8 c    0   3.86 208.49258 50.04176  6450.01   389.83 2.62 2.54  58.2 -0.406    19.77 22.33 01a59230o0863c     0  21.293200
59230.605590 20.449472      NaN  -12     8 c    0   2.16 208.49258 50.04176  6512.05   465.16 2.79 2.69  51.4 -0.402    19.76 22.34 01a59230o0875c     0  21.293200
59230.615358 20.594452      NaN   -7     7 c    0   2.48 208.49258 50.04176  6529.25   348.10 2.73 2.64  41.3 -0.402    19.78 22.39 01a59230o0896c     0  20.938012
59238.586225 20.703116      NaN    5     6 c    0   6.82 208.49258 50.04176  4885.34  6919.59 2.34 2.21 -71.8 -0.373    19.99 22.18 01a59238o0766c     0  20.625236
59238.588986 20.405150      NaN    8     7 c    0   7.34 208.49258 50.04176  4866.35  6881.38 2.26 2.18 -76.6 -0.371    20.00 22.20 01a59238o0772c     0  20.938012
59238.594053 20.761819      NaN  -32     6 c    0   4.70 208.49258 50.04176  4923.70  6960.67 2.36 2.27 -70.2 -0.371    19.97 22.22 01a59238o0783c     0  20.625236
59238.599123 20.959772      NaN   -6     5 c    0   7.38 208.49258 50.04176  4942.31  6843.82 2.31 2.28  -9.7 -0.372    20.00 22.22 01a59238o0794c     0  20.356826
59254.586607 20.594452      NaN   -5     7 c    0   4.60 208.49258 50.04176  4235.90  3168.62 2.52 2.46  81.4 -0.366    19.71 22.11 01a59254o0818c     0  20.938012
59254.588448 20.244005      NaN   15     6 c    0   8.29 208.49258 50.04176  4215.67  3130.51 2.51 2.34 -86.8 -0.378    19.60 21.99 01a59254o0822c     0  20.625236
59254.591723 20.449472      NaN    7     7 c    0   3.38 208.49258 50.04176  4275.50  3207.37 2.55 2.40 -88.9 -0.383    19.64 22.02 01a59254o0829c     0  20.938012
59254.596794 20.761819      NaN   -8     6 c    0   6.96 208.49258 50.04176  4289.79  3093.67 2.59 2.40 -82.2 -0.379    19.72 22.15 01a59254o0840c     0  20.625236
59256.533757 20.449472      NaN    3     8 c    0   3.68 208.49258 50.04176  1657.60  1610.89 2.53 2.44  87.3 -0.412    19.75 22.01 02a59256o0705c     0  21.293200
59256.537439 20.761819      NaN  -35     6 c    0   6.67 208.49258 50.04176  1676.58  1650.83 2.50 2.30  52.9 -0.410    19.77 22.00 02a59256o0713c     0  20.625236
59256.541630 20.405150      NaN    5     8 c    0   3.42 208.49258 50.04176  1620.61  1569.80 2.44 2.34  79.7 -0.417    19.80 22.00 02a59256o0722c     0  21.293200
59256.547598 20.449472      NaN   -1     8 c    0   3.97 208.49258 50.04176  1602.54  1685.81 2.43 2.34  85.8 -0.419    19.81 22.01 02a59256o0735c     0  21.293200
59258.563675 20.761819      NaN    4     6 c    0   3.66 208.49258 50.04176  1447.73  8867.58 2.47 2.24 -63.8 -0.381    19.79 22.08 01a59258o0772c     0  20.625236
59258.565515 20.207197      NaN   13     7 c    0   5.91 208.49258 50.04176  1426.79  8833.25 2.48 2.23 -65.7 -0.380    19.81 22.08 01a59258o0776c     0  20.938012
59258.568283 20.321591      NaN    7     8 c    0   2.76 208.49258 50.04176  1483.58  8906.25 2.50 2.33 -64.9 -0.374    19.77 22.07 01a59258o0782c     0  21.293200
59258.574294 19.950541      NaN   15     9 c    0   2.06 208.49258 50.04176  1505.67  8788.53 2.51 2.30 -64.0 -0.376    19.79 22.08 01a59258o0795c     0  21.688715
59262.492612 20.449472      NaN   -8     8 c    0   2.17 208.49258 50.04176  1440.69  8858.47 2.64 2.39 -55.9 -0.389    19.68 21.76 01a59262o0603c     0  21.293200
59262.495839 20.071303      NaN   14     8 c    0   4.64 208.49258 50.04176  1421.65  8821.26 2.37 2.15 -58.6 -0.396    19.78 21.78 01a59262o0610c     0  21.293200
59262.498606 20.137125      NaN   12     8 c    0   3.05 208.49258 50.04176  1478.66  8896.66 2.48 2.22 -58.7 -0.390    19.77 21.80 01a59262o0616c     0  21.293200
59262.507386 20.761819      NaN  -18     6 c    0   6.29 208.49258 50.04176  1500.18  8780.83 2.45 2.18 -61.6 -0.383    19.79 21.88 01a59262o0635c     0  20.625236
59288.544037 19.979496      NaN    5    12 c    0   3.32 208.49258 50.04176  8530.91   391.26 2.41 2.09 -58.9 -0.384    19.81 21.80 02a59288o0704c     0  23.095462
59288.579411 19.841877      NaN  -13    14 c    0   2.51 208.49258 50.04176  8510.26   350.95 2.31 2.10 -68.2 -0.390    19.77 21.76 02a59288o0780c     0  24.195048
59288.607793 18.878500      NaN  -49    34 c    0   1.27 208.49258 50.04176  8569.61   427.95 2.35 2.16 -66.0 -0.396    18.70 20.56 02a59288o0841c     0  39.311581
59288.632589 19.922338      NaN  -21    13 c    0   5.42 208.49258 50.04176  8589.79   308.13 2.34 2.18 -80.0 -0.390    19.67 21.69 02a59288o0894c     0  23.630497
59292.439282 20.449472      NaN  -22     8 c    0   4.28 208.49258 50.04176  7611.87  3497.43 2.59 2.48  68.8 -0.378    19.71 21.81 02a59292o0466c     0  21.293200
59292.443415 20.449472      NaN    1     8 c    0   6.58 208.49258 50.04176  7634.71  3535.73 2.47 2.40  73.4 -0.386    19.73 21.82 02a59292o0475c     0  21.293200
59292.446619 19.743105      NaN   23     9 c    0   2.85 208.49258 50.04176  7574.70  3460.61 2.50 2.41  60.6 -0.383    19.75 21.84 02a59292o0482c     0  21.688715
59292.454872 20.362567 0.334073   30     8 c    0   2.32 208.49258 50.04176  7559.75  3578.71 2.66 2.40  47.5 -0.378    19.72 21.85 02a59292o0500c     0  21.293200
59310.430419 20.761819      NaN  -13     6 c    0   6.12 208.49258 50.04176  3318.47  8703.52 2.38 2.26 -67.0 -0.387    19.97 21.98 01a59310o0385c     0  20.625236
59310.436944 20.594452      NaN   -1     7 c    0   2.50 208.49258 50.04176  3304.31  8666.50 2.41 2.33 -61.1 -0.380    19.94 21.99 01a59310o0398c     0  20.938012
59310.440631 20.761819      NaN  -11     6 c    0   4.83 208.49258 50.04176  3359.13  8743.60 2.51 2.36 -66.9 -0.381    19.90 21.97 01a59310o0406c     0  20.625236
59310.445861 20.362567      NaN   12     6 c    0   8.30 208.49258 50.04176  3377.01  8630.20 2.34 2.18 -67.1 -0.405    20.02 21.99 01a59310o0417c     0  20.625236
59314.444294 20.449472      NaN   -9     8 c    0   1.85 208.49258 50.04176 10202.97  2967.46 2.51 2.43 -35.8 -0.374    20.05 21.91 01a59314o0482c     0  21.293200
59314.446141 20.594452      NaN   -2     7 c    0   6.38 208.49258 50.04176 10184.63  2926.99 2.57 2.44 -24.4 -0.371    20.02 21.91 01a59314o0486c     0  20.938012
59314.448927 20.449472 0.316673   28     7 c    0   9.85 208.49258 50.04176 10244.88  3007.60 2.60 2.48 -39.4 -0.368    20.04 21.91 01a59314o0492c     0  20.938012
59314.454020 20.761819      NaN  -15     6 c    0   3.01 208.49258 50.04176 10260.90  2894.34 2.65 2.49 -50.6 -0.361    20.02 21.92 01a59314o0503c     0  20.625236
59314.474988 20.137125      NaN   12     8 c    0   3.53 208.49258 50.04176 10330.80  7508.86 2.63 2.51  64.5 -0.369    19.97 21.88 01a59314o0548c     0  21.293200
59314.478208 20.244005      NaN    6     9 c    0   2.96 208.49258 50.04176 10352.32  7546.15 2.72 2.63  58.4 -0.353    19.97 21.87 01a59314o0555c     0  21.688715
59314.485125 20.449472 0.361912   28     8 c    0   3.07 208.49258 50.04176 10294.87  7473.72 2.56 2.49  54.7 -0.360    19.96 21.83 01a59314o0570c     0  21.293200
59314.520579 20.495680      NaN    6     7 c    0   4.64 208.49258 50.04176 10284.20  7588.16 2.57 2.48  65.1 -0.359    19.93 21.69 01a59314o0646c     0  20.938012
59318.410439 20.594452      NaN   -7     7 c    0   4.59 208.49258 50.04176   226.26  3017.47 2.58 2.46  27.6 -0.340    19.77 21.56 01a59318o0406c     0  20.938012
59318.412281 20.282105      NaN   11     7 c    0   7.72 208.49258 50.04176   203.86  2980.95 2.40 2.27  63.8 -0.378    19.84 21.52 01a59318o0410c     0  20.938012
59318.415506 20.071303      NaN   17     7 c    0   4.68 208.49258 50.04176   262.91  3058.13 2.50 2.36  65.9 -0.363    19.79 21.52 01a59318o0417c     0  20.938012
59318.420597 20.009244      NaN   16     8 c    0   8.15 208.49258 50.04176   281.21  2942.57 2.44 2.31  61.2 -0.371    19.79 21.50 01a59318o0428c     0  21.293200
59318.482546 20.449472      NaN    4     8 c    0   3.99 208.49258 50.04176   353.82  7647.14 2.36 2.17 -70.1 -0.392    19.87 21.56 01a59318o0560c     0  21.293200
59318.517804 20.594452      NaN    2     7 c    0   9.31 208.49258 50.04176   381.14  7681.51 2.29 2.09 -72.5 -0.394    19.92 21.60 01a59318o0636c     0  20.938012
59318.521025 20.594452      NaN    3     7 c    0   6.87 208.49258 50.04176   323.05  7601.01 2.26 2.07 -67.2 -0.401    19.87 21.59 01a59318o0643c     0  20.938012
59318.544067 20.594452      NaN  -14     7 c    0  13.19 208.49258 50.04176   310.05  7712.92 2.26 2.06 -63.2 -0.400    19.86 21.49 01a59318o0692c     0  20.938012
59322.411371 20.449472      NaN   -2     8 c    0   4.35 208.49258 50.04176  6776.03  6840.92 2.38 2.29 -82.3 -0.392    19.98 21.85 01a59322o0389c     0  21.293200
59322.413675 20.761819      NaN  -14     6 c    0   3.86 208.49258 50.04176  6756.38  6801.51 2.37 2.24 -78.5 -0.394    20.00 21.86 01a59322o0394c     0  20.625236
59322.416451 20.321591      NaN   13     6 c    0   9.15 208.49258 50.04176  6812.96  6881.33 2.36 2.22 -72.5 -0.396    19.99 21.81 01a59322o0400c     0  20.625236
59322.421515 20.761819      NaN  -10     6 c    0  10.46 208.49258 50.04176  6832.95  6762.92 2.39 2.29 -68.5 -0.387    19.99 21.84 01a59322o0411c     0  20.625236
59344.352502 20.321591      NaN   10     7 c    0   3.05 208.49258 50.04176  5725.46  3620.81 2.45 2.39  66.6 -0.398    19.74 21.87 02a59344o0247c     0  20.938012
59344.354341 20.594452      NaN   -1     7 c    0   5.18 208.49258 50.04176  5745.95  3657.09 2.48 2.35  54.9 -0.401    19.75 21.86 02a59344o0251c     0  20.938012
59344.359012 20.594452      NaN  -25     7 c    0   5.12 208.49258 50.04176  5688.57  3579.93 2.48 2.36  57.8 -0.396    19.75 21.85 02a59344o0261c     0  20.938012
59344.364592 20.321591      NaN  -11     9 c    0   2.27 208.49258 50.04176  5669.34  3698.01 2.47 2.36  62.8 -0.400    19.76 21.85 02a59344o0273c     0  21.688715
59370.337013 20.405150      NaN   11     6 c    0   9.07 208.49258 50.04176  8338.96  7702.96 2.39 2.34  82.5 -0.373    20.04 22.03 01a59370o0219c     0  20.625236
59370.340241 20.495680      NaN    9     6 c    0   9.83 208.49258 50.04176  8358.98  7740.62 2.45 2.32 -84.2 -0.376    20.01 22.05 01a59370o0226c     0  20.625236
59370.347159 20.009244      NaN   19     7 c    0   3.42 208.49258 50.04176  8298.95  7664.70 2.45 2.34 -84.2 -0.378    20.03 22.08 01a59370o0241c     0  20.938012
59370.360542 20.761819      NaN   -1     6 c    0  12.79 208.49258 50.04176  8281.74  7780.22 2.43 2.29 -79.9 -0.377    20.02 22.08 01a59370o0270c     0  20.625236
59374.326630 20.362567      NaN    9     7 c    0   5.59 208.49258 50.04176  8337.81  7700.60 2.48 2.29 -86.7 -0.388    19.99 21.92 01a59374o0194c     0  20.938012
59374.329856 20.543943      NaN    5     7 c    0   4.11 208.49258 50.04176  8359.17  7737.76 2.52 2.36 -88.3 -0.379    19.96 21.94 01a59374o0201c     0  20.938012
59374.336765 20.959772      NaN   -2     5 c    0   5.60 208.49258 50.04176  8301.49  7664.03 2.51 2.42  11.3 -0.360    19.94 21.98 01a59374o0216c     0  20.356826
59374.347824 20.321591      NaN   10     7 c    0   4.47 208.49258 50.04176  8281.57  7777.92 2.50 2.29 -82.6 -0.376    20.00 22.01 01a59374o0240c     0  20.938012
59378.326788 20.594452      NaN   -4     7 c    0  10.96 208.49258 50.04176  2081.88 10221.31 2.15 1.93 -57.0 -0.423    19.98 21.72 01a59378o0193c     0  20.938012
59378.330008 19.743105      NaN   26     8 c    0   4.21 208.49258 50.04176  2104.38 10262.69 2.18 1.93 -51.8 -0.422    19.93 21.73 01a59378o0200c     0  21.293200
59378.335546 20.761819      NaN    2     6 c    0  10.15 208.49258 50.04176  2042.69 10181.96 2.15 1.93 -52.9 -0.422    19.97 21.75 01a59378o0212c     0  20.625236
59378.348438 19.719755      NaN   27     8 c    0   7.65 208.49258 50.04176  2024.57 10297.82 2.22 1.94 -55.5 -0.422    19.97 21.87 01a59378o0240c     0  21.293200
59378.356270 19.922338      NaN  -81    13 c    0  12.25 208.49258 50.04176  1279.54    55.03 2.15 1.96  30.6 -0.444    20.02 21.96 01a59378o0257c  4096  23.630497
59404.284177 20.321591      NaN  -10     9 c    0   3.91 208.49258 50.04176  4426.91   543.02 2.58 2.17 -52.4 -0.409    19.74 21.54 02a59404o0088c     0  21.688715
59404.287411 20.321591      NaN    0     9 c    0   3.91 208.49258 50.04176  4405.18   503.40 2.56 2.18 -53.3 -0.410    19.73 21.54 02a59404o0095c     0  21.688715
59404.292910 20.449472      NaN  -10     8 c    0   2.29 208.49258 50.04176  4466.15   578.84 2.51 2.25 -59.6 -0.407    19.70 21.51 02a59404o0107c     0  21.293200
59404.302990 20.009244      NaN    4    12 c    0   2.61 208.49258 50.04176  4488.09   460.27 2.62 2.27 -56.7 -0.407    19.66 21.51 02a59404o0129c     0  23.095462
59408.274563 20.071303      NaN   14     8 c    0   4.31 208.49258 50.04176  4429.63   542.38 2.54 2.23 -57.7 -0.406    19.66 21.40 02a59408o0068c     0  21.293200
59408.277767 20.207197 0.361912   34    10 c    0   4.06 208.49258 50.04176  4406.56   502.35 2.52 2.29 -64.6 -0.400    19.64 21.42 02a59408o0075c     0  22.122395
59408.283262 20.449472      NaN   -1     8 c    0   4.58 208.49258 50.04176  4468.05   579.98 2.50 2.31 -62.1 -0.410    19.62 21.42 02a59408o0087c     0  21.293200
59408.295675 20.207197      NaN   -3    10 c    0   2.99 208.49258 50.04176  4491.80   459.92 2.53 2.26 -59.2 -0.401    19.67 21.47 02a59408o0114c     0  22.122395
59426.249901 19.791368      NaN   21     9 c    0   4.95 208.49258 50.04176  4139.57 10118.73 2.26 1.96 -68.2 -0.410    19.54 20.73 01a59426o0032c     0  21.688715
59426.253177 20.449472      NaN   -2     8 c    0   6.25 208.49258 50.04176  4159.73 10159.28 2.27 2.01 -67.7 -0.402    19.71 21.20 01a59426o0039c     0  21.293200
59426.258716 20.594452      NaN  -17     7 c    0   7.09 208.49258 50.04176  4098.51 10081.43 2.22 1.98 -64.7 -0.404    19.86 21.60 01a59426o0051c     0  20.938012
59426.272762 20.761819      NaN    0     6 c    0  12.30 208.49258 50.04176  4077.40 10198.36 2.21 1.96 -65.9 -0.404    19.88 21.67 01a59426o0081c     0  20.625236
59430.242183 19.256669      NaN    1    24 c    0   2.49 208.49258 50.04176  4139.02 10123.06 2.15 1.98 -59.9 -0.376    18.64 19.07 01a59430o0020c     0  31.070893
59430.244954 19.979496      NaN    5    12 c    0   2.46 208.49258 50.04176  4160.71 10160.42 2.18 1.95 -64.1 -0.406    19.10 19.81 01a59430o0026c     0  23.095462
59430.250541 20.449472      NaN    4     8 c    0   6.32 208.49258 50.04176  4102.10 10083.56 2.18 1.94 -62.4 -0.406    19.66 20.96 01a59430o0038c     0  21.293200
59430.260749 20.449472      NaN  -18     8 c    0   7.45 208.49258 50.04176  4079.82 10198.12 2.24 1.99 -62.8 -0.407    19.86 21.60 01a59430o0060c     0  21.293200
59434.241859 19.454622      NaN   10    18 c    0   2.61 208.49258 50.04176  5660.93  3613.53 2.45 2.26 -81.1 -0.353    18.74 19.40 01a59434o0023c     0  26.709556
59434.247386 19.674510      NaN   20    11 c    0   2.46 208.49258 50.04176  5681.64  3651.14 2.53 2.32 -84.0 -0.361    19.39 20.67 01a59434o0035c     0  22.592042
59434.251068 20.103715      NaN    1    11 c    0   1.98 208.49258 50.04176  5624.85  3574.65 2.51 2.34 -86.2 -0.378    19.61 21.21 01a59434o0043c     0  22.592042
59434.261232 20.449472 0.361912   28     8 c    0   2.77 208.49258 50.04176  5609.59  3691.79 2.33 2.16 -81.1 -0.375    19.83 21.65 01a59434o0065c     0  21.293200
59588.632702 20.321591      NaN   -9     9 c    0   1.94 208.49258 50.04176  9918.96  5452.28 2.65 2.62  36.6 -0.409    19.60 21.83 02a59588o0960c     0  21.688715
59588.642806 20.321591      NaN  -26     9 c    0   8.70 208.49258 50.04176   158.57  5431.07 2.35 2.31  27.4 -0.409    19.62 21.83 02a59588o0981c     0  21.688715
59588.646471 20.321591      NaN    4     9 c    0   1.33 208.49258 50.04176  9938.98  5490.97 2.62 2.54  56.7 -0.413    19.64 21.84 02a59588o0989c     0  21.688715
59588.652985 20.594452      NaN  -15     7 c    0   8.89 208.49258 50.04176   175.10  5470.70 2.47 2.27  33.3 -0.400    19.59 21.83 02a59588o1003c     0  20.938012
59588.653901 20.039830      NaN    9    10 c    0   1.71 208.49258 50.04176  9879.59  5418.45 2.66 2.54  50.6 -0.414    19.63 21.84 02a59588o1005c     0  22.122395
59588.657625 20.207197      NaN   -2    10 c    0   2.28 208.49258 50.04176  9861.48  5533.98 2.66 2.51  44.8 -0.412    19.65 21.81 02a59588o1013c     0  22.122395
59588.658540 20.594452      NaN  -28     7 c    0   5.63 208.49258 50.04176   119.01  5388.39 2.31 2.27  28.2 -0.409    19.65 21.77 02a59588o1015c     0  20.938012
59588.666247 20.207197      NaN    3    10 c    0   7.85 208.49258 50.04176    96.37  5505.81 2.34 2.29  24.6 -0.394    19.49 21.20 02a59588o1031c     0  22.122395
59592.572016 20.009244      NaN    0    12 c    0   1.62 208.49258 50.04176  9910.70  5451.42 2.82 2.69  22.2 -0.398    19.44 21.43 02a59592o0740c     0  23.095462
59592.573858 20.207197      NaN  -13    10 c    0   5.44 208.49258 50.04176   154.50  5436.84 2.47 2.38 -54.2 -0.393    19.49 21.46 02a59592o0744c     0  22.122395
59592.575693 19.766969      NaN   13    12 c    0   1.73 208.49258 50.04176  9930.14  5489.08 2.65 2.55  14.5 -0.410    19.31 21.30 02a59592o0748c     0  23.095462
59592.577528 20.449472      NaN  -26     8 c    0   7.22 208.49258 50.04176   173.95  5476.27 2.35 2.28 -54.3 -0.395    19.51 21.54 02a59592o0752c     0  21.293200
59592.581652 19.841877      NaN   19     9 c    0   2.83 208.49258 50.04176  9871.52  5414.74 2.59 2.57 -23.4 -0.416    19.61 21.73 02a59592o0761c     0  21.688715
59592.583489 20.449472      NaN  -16     8 c    0   7.05 208.49258 50.04176   114.05  5395.04 2.32 2.23 -52.4 -0.398    19.59 21.71 02a59592o0765c     0  21.293200
59592.591790 20.009244      NaN    4    12 c    0   1.44 208.49258 50.04176  9845.96  5533.47 2.69 2.57  27.6 -0.404    19.49 21.67 02a59592o0783c     0  23.095462
59592.598764 19.922338 0.250555   43     9 c    0   5.23 208.49258 50.04176    85.86  5507.80 2.43 2.31 -54.3 -0.392    19.53 21.73 02a59592o0798c     0  21.688715
59615.541594 19.674510      NaN   23    10 c    0   2.39 208.49258 50.04176  7256.51  1866.75 2.50 2.37  57.0 -0.396    19.57 21.49 02a59615o0738c     0  22.122395
59615.545270 20.449472      NaN  -16     8 c    0   4.04 208.49258 50.04176  7277.39  1905.45 2.46 2.33 -71.2 -0.404    19.62 21.50 02a59615o0746c     0  21.293200
59615.548532 20.449472      NaN   -8     8 c    0   2.79 208.49258 50.04176  7220.85  1829.29 2.50 2.37 -73.5 -0.407    19.61 21.51 02a59615o0753c     0  21.293200
59615.554988 20.321591      NaN  -18     9 c    0   2.88 208.49258 50.04176  7203.29  1946.85 2.67 2.53 -70.3 -0.410    19.58 21.53 02a59615o0767c     0  21.688715
59619.577011 20.071303      NaN   11     9 c    0   4.70 208.49258 50.04176 10352.72  7578.24 2.78 2.59  33.7 -0.403    19.70 21.71 02a59619o0786c     0  21.688715
59619.579755 20.449472      NaN    4     8 c    0   4.16 208.49258 50.04176 10375.21  7616.36 2.77 2.60  38.0 -0.404    19.67 21.69 02a59619o0792c     0  21.293200
59619.582498 20.207197      NaN  -12    10 c    0   3.14 208.49258 50.04176 10315.08  7541.48 2.80 2.56  35.3 -0.403    19.67 21.69 02a59619o0798c     0  22.122395
59619.587522 20.321591      NaN   -6     9 c    0   3.18 208.49258 50.04176 10296.56  7660.09 2.82 2.59  35.6 -0.408    19.67 21.71 02a59619o0809c     0  21.688715
59619.588893 20.321591      NaN   -9     9 c    0   7.76 208.49258 50.04176   362.44  7584.95 2.31 2.27 -49.2 -0.429    19.69 21.70 02a59619o0812c     0  21.688715
59619.590723 20.321591      NaN  -22     9 c    0   7.04 208.49258 50.04176   382.90  7624.34 2.28 2.22 -47.2 -0.433    19.71 21.70 02a59619o0816c     0  21.688715
59619.593472 20.449472      NaN  -27     8 c    0  10.77 208.49258 50.04176   321.55  7543.90 2.32 2.26  13.3 -0.421    19.67 21.70 02a59619o0822c     0  21.293200
59619.611183 20.321591      NaN  -10     9 c    0   4.20 208.49258 50.04176   301.64  7660.40 2.41 2.29  13.5 -0.417    19.61 21.65 02a59619o0860c     0  21.688715
59639.460226 20.103715      NaN    7    10 c    0   1.63 208.49258 50.04176  7948.25  5631.93 2.90 2.51  35.3 -0.386    19.63 21.74 02a59639o0545c     0  22.122395
59639.469846 20.009244 0.361912   40    12 c    0   1.72 208.49258 50.04176  7980.00  5672.00 2.62 2.53  54.9 -0.403    19.71 21.75 02a59639o0566c     0  23.095462
59639.472652 19.719755 0.254108   51    11 c    0   2.18 208.49258 50.04176  7918.61  5595.74 2.57 2.49  52.1 -0.404    19.67 21.75 02a59639o0572c     0  22.592042
59639.484935 20.071303 0.351268   38    11 c    0   1.64 208.49258 50.04176  7899.67  5713.91 2.65 2.45  46.4 -0.400    19.70 21.77 02a59639o0598c     0  22.592042
59643.576121 19.302877      NaN   34    13 c    0   2.63 208.49258 50.04176  4558.33  4797.30 2.25 2.13  49.6 -0.434    19.26 21.76 02a59643o0739c     0  23.630497
59643.579130 19.569016      NaN   22    12 c    0   2.42 208.49258 50.04176  4538.26  4758.36 2.27 2.14  52.6 -0.438    19.22 21.76 02a59643o0745c     0  23.095462
59643.586005 19.510313      NaN   22    13 c    0   4.34 208.49258 50.04176  4595.80  4834.69 2.26 2.12  49.9 -0.438    19.23 21.73 02a59643o0759c     0  23.630497
59643.620156 19.169763      NaN   34    16 c    0   1.66 208.49258 50.04176  4611.67  4717.21 2.29 2.11  55.8 -0.431    19.24 21.71 02a59643o0828c     0  25.404731
59647.506430 19.609992      NaN    5    17 c    0   1.72 208.49258 50.04176  6019.38  5773.02 2.56 2.21  67.1 -0.428    19.00 21.78 02a59647o0422c     0  26.046120
59647.510420 19.287255      NaN   26    16 c    0   2.31 208.49258 50.04176  6042.72  5812.13 2.59 2.25  68.5 -0.425    19.00 21.80 02a59647o0430c     0  25.404731
59647.517357 19.631075      NaN    3    17 c    0   2.00 208.49258 50.04176  5986.88  5736.19 2.61 2.24  67.3 -0.428    18.84 21.64 02a59647o0444c     0  26.046120
59647.538700 19.491430      NaN   14    16 c    0   2.02 208.49258 50.04176  5976.93  5855.32 2.44 2.18  68.6 -0.442    19.00 21.75 02a59647o0486c     0  25.404731
59671.380938 19.510313 0.209528   61    11 c    0   2.28 208.49258 50.04176  9520.51  3838.00 2.93 2.64  26.8 -0.370    19.49 21.70 02a59671o0269c     0  22.592042
59671.388325 19.631075      NaN   28     9 c    0   2.39 208.49258 50.04176  9547.87  3880.25 2.59 2.55  11.1 -0.397    19.58 21.70 02a59671o0285c     0  21.688715
59671.390212 19.436675 0.177990   65    10 c    0   3.47 208.49258 50.04176  9487.17  3805.97 2.58 2.56  -2.2 -0.393    19.58 21.82 02a59671o0289c     0  22.122395
59671.400408 19.719755 0.254108   51    11 c    0   1.79 208.49258 50.04176  9474.05  3923.72 2.73 2.66  30.6 -0.388    19.53 21.70 02a59671o0311c     0  22.592042
59675.427535 17.073044      NaN  272    90 c    0   1.24 208.49258 50.04176  8356.36  7772.05 3.03 2.50  37.1 -0.430    17.09 19.18 02a59675o0462c     2  92.137942
59675.430278 18.349730      NaN   86    28 c    0   1.08 208.49258 50.04176  8377.21  7810.76 2.95 2.51  38.0 -0.386    18.70 20.84 02a59675o0468c  8192  34.254932
59675.433475 18.757738      NaN   49    23 c    0   1.29 208.49258 50.04176  8317.37  7735.12 3.08 2.51  37.8 -0.381    18.98 21.17 02a59675o0475c  8192  30.305121
59675.438500 17.296315      NaN  -82   146 c    0   1.16 208.49258 50.04176  8299.75  7851.97 3.01 2.47  36.8 -0.431    16.51 18.55 02a59675o0486c     2 147.327528
59679.405314 18.640491      NaN   59    24 c    0   1.59 208.49258 50.04176  8356.22  7769.83 2.98 2.49  39.7 -0.384    18.94 20.63 02a59679o0381c     0  31.070893
59679.408513 19.089302 0.258509   88    20 c    0   1.81 208.49258 50.04176  8375.86  7808.29 3.03 2.48  40.0 -0.381    18.94 20.65 02a59679o0388c     0  28.096270
59679.413088 18.967180 0.265659   98    23 c    0   1.42 208.49258 50.04176  8313.21  7732.87 3.35 2.60  38.7 -0.361    18.91 20.67 02a59679o0398c     0  30.305121
59679.425272 19.197966 0.257148   80    18 c    0   1.69 208.49258 50.04176  8293.01  7850.95 3.10 2.49  37.0 -0.382    18.98 20.72 02a59679o0424c     0  26.709556
59695.378371 19.743105 0.236030   50    10 c    0   1.61 208.49258 50.04176  7629.90  3523.52 2.65 2.46  44.1 -0.385    19.48 21.44 02a59695o0329c     0  22.122395
59695.389031 19.038793 0.135717   92    11 c    0   2.22 208.49258 50.04176  7648.53  3563.93 2.59 2.38  42.3 -0.391    19.51 21.43 02a59695o0352c     0  22.592042
59695.391777 19.674510 0.265895   53    12 c    0   2.36 208.49258 50.04176  7592.49  3486.28 2.57 2.38  43.7 -0.393    19.51 21.43 02a59695o0358c     0  23.095462
59695.420010 19.302877 0.188824   73    12 c    0   1.77 208.49258 50.04176  7583.47  3611.57 2.67 2.45  40.7 -0.389    19.48 21.41 02a59695o0419c     0  23.095462
59699.415546 15.674357      NaN  437   506 c    0   1.45 208.49258 50.04176  7037.67  8997.49 3.09 2.49  32.3 -0.395    15.64 17.02 02a59699o0409c     2 506.384637
59699.418763 18.857417 0.313193  108    30 c    0   1.69 208.49258 50.04176  7020.71  8959.76 2.74 2.44  32.2 -0.391    18.19 19.64 02a59699o0416c  8192  35.908221
59699.424283 17.976960      NaN -230    78 c    0   1.15 208.49258 50.04176  7076.44  9037.00 2.79 2.44  34.1 -0.413    17.42 18.82 02a59699o0428c     2  80.457444
59699.459387 19.197966 0.300006   80    21 c    0   1.70 208.49258 50.04176  7080.96  8919.30 3.02 2.42  35.9 -0.383    18.91 20.52 02a59699o0504c  8192  28.816668
59723.375733 19.696897 0.271434   52    12 c    0   1.42 208.49258 50.04176  8684.78  6820.39 2.85 2.51  31.0 -0.393    19.60 21.35 02a59723o0304c     0  23.095462
59723.378934 20.207197 0.325721   34     9 c    0   3.38 208.49258 50.04176  8665.21  6780.41 2.75 2.43  31.5 -0.395    19.64 21.34 02a59723o0311c     0  21.688715
59723.385346 19.674510 0.221579   53    10 c    0   2.12 208.49258 50.04176  8722.39  6859.91 2.75 2.42  30.6 -0.395    19.60 21.31 02a59723o0325c     0  22.122395
59723.397239 20.009244 0.331753   40    11 c    0   2.17 208.49258 50.04176  8739.17  6741.61 2.92 2.50  29.5 -0.387    19.55 21.31 02a59723o0351c     0  22.592042
59727.350944 17.858399      NaN   73    64 c    0   1.11 208.49258 50.04176  8689.24  6826.19 2.80 2.39  32.0 -0.392    17.66 19.08 02a59727o0249c     2  66.973132
59727.354144 19.212347      NaN   13    22 c    0   1.92 208.49258 50.04176  8669.68  6786.04 2.77 2.38  31.4 -0.393    18.71 20.27 02a59727o0256c  8192  29.553348
59727.360546 18.191747      NaN   -6    64 c    0   0.96 208.49258 50.04176  8726.98  6865.08 2.77 2.37  30.2 -0.445    17.70 19.08 02a59727o0270c     2  66.973132
59727.374270 18.649074      NaN  -24    42 c    0   1.52 208.49258 50.04176  8748.22  6749.30 2.77 2.36  31.8 -0.400    18.03 19.50 02a59727o0300c  8192  46.404745
59731.393020 20.321591 0.361912   31     9 c    0   2.54 208.49258 50.04176  6471.12   452.05 2.72 2.53 -88.2 -0.408    19.54 21.53 02a59731o0172c     0  21.688715
59731.398541 19.652575 0.195433   54     9 c    0   2.87 208.49258 50.04176  6449.74   412.09 2.74 2.50  82.9 -0.403    19.56 21.51 02a59731o0184c     0  21.688715
59731.401810 20.103715 0.263209   37     8 c    0   3.36 208.49258 50.04176  6512.38   491.60 2.60 2.41 -89.4 -0.406    19.59 21.52 02a59731o0191c     0  21.293200
59731.414645 19.631075      NaN   22    11 c    0   2.60 208.49258 50.04176  6533.16   371.18 2.56 2.42  87.3 -0.406    19.57 21.46 02a59731o0219c     0  22.592042
59751.315742 20.137125      NaN   12     8 c    0   3.04 208.49258 50.04176  8221.95  3027.69 2.77 2.39  27.2 -0.390    19.58 21.53 02a59751o0158c     0  21.293200
59751.318941 19.589310 0.204856   57    10 c    0   2.67 208.49258 50.04176  8204.02  2989.37 2.46 2.32  29.4 -0.402    19.66 21.53 02a59751o0165c     0  22.122395
59751.324893 19.529530 0.174493   60     9 c    0   2.75 208.49258 50.04176  8263.81  3067.14 2.43 2.27  26.8 -0.398    19.70 21.51 02a59751o0178c     0  21.688715
59751.334964 20.282105      NaN    5     9 c    0   2.41 208.49258 50.04176  8284.08  2954.14 2.45 2.35  27.6 -0.396    19.66 21.50 02a59751o0200c     0  21.688715
59783.267074 19.472870      NaN   33    10 c    0   4.65 208.49258 50.04176  5172.95  8595.35 2.49 2.46 -36.7 -0.410    19.53 21.15 02a59783o0056c     0  22.122395
59783.270710 19.922338      NaN    4    13 c    0   1.09 208.49258 50.04176  5150.97  8553.59 2.61 2.54 -44.9 -0.408    19.53 21.20 02a59783o0064c     0  23.630497
59783.278011 20.207197      NaN  -16    10 c    0   2.68 208.49258 50.04176  5207.21  8631.58 2.48 2.38  14.5 -0.412    19.62 21.23 02a59783o0080c     0  22.122395
59783.291598 20.321591      NaN   -4     9 c    0   4.37 208.49258 50.04176  5223.22  8511.76 2.41 2.32  10.2 -0.417    19.63 21.15 02a59783o0110c     0  21.688715
59787.286380 20.321591      NaN   -8     9 c    0   3.19 208.49258 50.04176   656.15  5114.12 2.79 2.56 -58.7 -0.391    19.42 21.23 02a59787o0102c     0  21.688715
59787.290014 19.950541      NaN   12    10 c    0   1.74 208.49258 50.04176   636.07  5076.75 2.83 2.68 -52.4 -0.393    19.42 21.24 02a59787o0110c     0  22.122395
59787.291822 19.351140      NaN   34    12 c    0   1.64 208.49258 50.04176 10410.75  5156.11 2.93 2.90 -50.4 -0.414    19.47 21.32 02a59787o0114c     0  23.095462
59787.295481 20.009244      NaN  -22    12 c    0   2.85 208.49258 50.04176 10389.47  5111.64 3.05 2.95   3.5 -0.406    19.41 21.30 02a59787o0122c     0  23.095462
59787.297742 19.674510      NaN   23    10 c    0   2.16 208.49258 50.04176   695.78  5146.23 2.88 2.72 -58.7 -0.396    19.34 21.20 02a59787o0127c     0  22.122395
59787.301440 19.436675 0.249185   65    14 c    0   1.31 208.49258 50.04176 10449.08  5191.97 3.12 3.07 -34.2 -0.402    19.42 21.29 02a59787o0135c     0  24.195048
59787.308762 19.950541      NaN    6    12 c    0   1.44 208.49258 50.04176   715.39  5026.94 3.01 2.81 -57.2 -0.394    19.29 21.18 02a59787o0151c     0  23.095462
59787.313289 19.183773      NaN   42    13 c    0   1.25 208.49258 50.04176 10469.59  5075.07 3.03 2.95 -13.5 -0.397    19.47 21.30 02a59787o0161c     0  23.630497
59791.266897 20.207197      NaN    4    10 c    0   2.14 208.49258 50.04176 10418.62  5157.55 2.55 2.46  13.5 -0.419    19.60 21.24 02a59791o0002c     0  22.122395
59791.270066 20.009244      NaN   10    10 c    0   2.49 208.49258 50.04176 10399.95  5115.35 2.57 2.49   4.8 -0.423    19.65 21.27 02a59791o0009c     0  22.122395
59791.275573 19.719755      NaN   15    12 c    0   1.70 208.49258 50.04176 10452.85  5192.07 2.74 2.41  17.0 -0.409    19.53 21.23 02a59791o0021c     0  23.095462
59791.290249 18.944322      NaN   46    18 c    0   1.96 208.49258 50.04176 10476.54  5077.44 2.57 2.47 -38.7 -0.432    19.28 20.82 02a59791o0053c     0  26.709556
59819.235826 19.128787      NaN   13    24 c    0   1.54 208.49258 50.04176   250.91  2991.16 2.39 2.31  23.0 -0.393    18.35 19.36 02a59819o0025c     0  31.070893
59819.239001 19.631075      NaN  -12    17 c    0   2.65 208.49258 50.04176   229.68  2951.71 2.38 2.35   6.7 -0.389    18.79 20.02 02a59819o0032c     0  26.046120
59819.240809 19.226921      NaN   33    15 c    0   2.05 208.49258 50.04176 10231.92  3003.90 2.54 2.28   9.1 -0.422    19.15 20.48 02a59819o0036c     0  24.787101
59819.245798 19.609992      NaN   23    11 c    0   5.34 208.49258 50.04176   289.67  3025.73 2.45 2.32 -68.3 -0.414    19.25 20.74 02a59819o0047c     0  22.592042
59819.246251 19.841877      NaN  -10    14 c    0   1.76 208.49258 50.04176 10210.76  2965.06 2.50 2.37  -5.8 -0.415    19.33 20.92 02a59819o0048c     0  24.195048
59819.249415 20.009244      NaN   -4    12 c    0   2.51 208.49258 50.04176 10270.53  3045.70 2.61 2.46  -3.8 -0.417    19.31 21.01 02a59819o0055c     0  23.095462
59819.255805 20.321591      NaN    4     9 c    0   5.18 208.49258 50.04176   309.35  2907.94 2.54 2.32 -64.2 -0.415    19.30 20.91 02a59819o0069c     0  21.688715
59819.259432 19.256669      NaN   34    14 c    0   2.22 208.49258 50.04176 10292.62  2930.48 2.57 2.42 -38.9 -0.428    19.41 21.06 02a59819o0077c     0  24.195048
59841.217939 18.417189      NaN   10    50 c    0   1.94 208.49258 50.04176  3352.52  7686.19 3.10 2.86  44.1 -0.318    17.68 19.25 01a59841o0021c     0  53.753143
59841.220713 18.623526      NaN   19    38 c    0   1.04 208.49258 50.04176  3373.52  7727.89 2.98 2.81  43.6 -0.335    18.27 19.89 01a59841o0027c     0  42.818225
59841.230907 19.026525      NaN   42    17 c    0   1.02 208.49258 50.04176  3315.95  7649.75 2.98 2.84  43.3 -0.335    19.02 20.86 01a59841o0049c     0  26.046120
59841.236906 19.652575      NaN    6    16 c    0   1.38 208.49258 50.04176  3295.53  7767.67 2.98 2.87  44.2 -0.337    19.03 20.92 01a59841o0062c     0  25.404731
59909.622059 19.549093      NaN   23    12 c    0   1.25 208.49258 50.04176  3349.20  8721.53 3.45 3.19  49.0 -0.302    19.29 21.06 01a59909o0934c  8192  23.095462
59999.641387 19.766969      NaN   10    13 c    0   2.38 208.49258 50.04176  2429.05   655.48 2.45 2.30  87.7 -0.418    19.10 20.94 02a59999o0125c     0  23.630497
59999.648594 18.142010      NaN   34    57 c    0   1.14 208.49258 50.04176  2405.32   613.70 2.49 2.35  83.1 -0.388    17.81 19.43 02a59999o0139c     0  60.319154
59999.653956 19.510313      NaN  -20    19 c    0   1.29 208.49258 50.04176  2465.88   687.87 2.59 2.32  54.6 -0.413    18.72 20.44 02a59999o0149c     0  27.393437
59999.660993 18.816441      NaN  -16    36 c    0   1.72 208.49258 50.04176  2486.12   570.31 2.52 2.36  86.7 -0.431    18.34 19.76 02a59999o0163c     0  41.053628
60048.394030 20.071303      NaN    5    11 c    0   2.55 208.49258 50.04176  1952.11  5413.64 2.36 2.22  41.5 -0.427    19.58 21.46 02a60048o0342c     0  22.592042
60048.395838 20.207197      NaN  -15    10 c    0   1.72 208.49258 50.04176  1971.92  5452.97 2.36 2.23  44.0 -0.427    19.59 21.45 02a60048o0346c     0  22.122395
60048.403307 20.207197      NaN  -18    10 c    0   2.61 208.49258 50.04176  1914.87  5374.17 2.41 2.24  44.7 -0.425    19.62 21.47 02a60048o0361c     0  22.122395
60048.437238 20.207197      NaN  -15    10 c    0   3.10 208.49258 50.04176  1898.26  5489.38 2.40 2.24  31.5 -0.430    19.63 21.52 02a60048o0429c     0  22.122395
60050.436110 20.207197      NaN    2    10 c    0   3.66 208.49258 50.04176   524.16   837.48 2.43 2.19 -67.7 -0.448    19.29 20.91 02a60050o0426c     0  22.122395
60050.439294 20.103715      NaN    1    11 c    0   2.87 208.49258 50.04176   505.08   800.09 2.41 2.23 -68.9 -0.439    19.39 21.05 02a60050o0433c     0  22.592042
60050.472617 20.009244      NaN  -20    12 c    0   3.12 208.49258 50.04176   564.76   865.67 2.39 2.19 -66.2 -0.446    19.41 21.06 02a60050o0504c     0  23.095462
60050.477706 20.103715      NaN    4    11 c    0   2.96 208.49258 50.04176   586.51   745.38 2.39 2.17 -67.8 -0.443    19.32 20.98 02a60050o0515c     0  22.592042
60052.468749 19.743105      NaN   17    11 c    0   1.96 208.49258 50.04176  8894.99  6818.94 2.59 2.43  38.1 -0.398    19.49 21.17 02a60052o0507c     0  22.592042
60052.472387 20.103715      NaN  -49    11 c    0   2.16 208.49258 50.04176  8875.24  6778.01 2.53 2.42  46.3 -0.403    19.44 21.15 02a60052o0515c     0  22.592042
60052.507349 19.950541      NaN    9    11 c    0   2.48 208.49258 50.04176  8933.72  6854.93 2.63 2.38  32.6 -0.395    19.44 21.09 02a60052o0588c     0  22.592042
60052.514198 20.103715      NaN  -40    11 c    0   2.77 208.49258 50.04176  8954.75  6737.63 2.62 2.41  30.0 -0.398    19.41 21.03 02a60052o0602c     0  22.592042
60056.432579 20.009244      NaN  -18    12 c    0   1.55 208.49258 50.04176  5086.59  6939.85 2.62 2.34  29.8 -0.393    19.46 21.08 02a60056o0439c     0  23.095462
60056.466830 20.103715      NaN    7    10 c    0   4.10 208.49258 50.04176  5062.34  6896.46 2.66 2.24  30.4 -0.397    19.49 21.11 02a60056o0512c     0  22.122395
60056.469633 19.841877      NaN   16    10 c    0   2.49 208.49258 50.04176  5119.19  6974.57 2.59 2.24  29.9 -0.402    19.48 21.10 02a60056o0518c     0  22.122395
60056.498246 19.894850      NaN    8    12 c    0   2.70 208.49258 50.04176  5138.29  6854.36 2.64 2.29  31.6 -0.396    19.46 21.06 02a60056o0577c     0  23.095462
60058.403532 20.207197      NaN   -4    10 c    0   3.74 208.49258 50.04176  2198.23  7550.94 2.48 2.26  34.7 -0.404    19.47 21.06 02a60058o0375c     0  22.122395
60058.405356 19.318728      NaN   36    12 c    0   2.34 208.49258 50.04176  2217.64  7589.72 2.58 2.29  36.9 -0.386    19.46 21.07 02a60058o0379c     0  23.095462
60058.408081 19.696897      NaN   13    13 c    0   1.82 208.49258 50.04176  2157.83  7511.49 2.55 2.27  34.4 -0.400    19.47 21.07 02a60058o0385c     0  23.630497
60058.413508 20.321591      NaN  -17     9 c    0   3.15 208.49258 50.04176  2137.52  7628.13 2.59 2.27  31.7 -0.397    19.47 21.09 02a60058o0397c     0  21.688715