         MJD         m       dm   uJy  duJy F  err  chi/N       RA     Dec        x        y  maj  min   phi  apfit  mag5sig   Sky            Obs    Mask    duJy_new
57424.427910 18.702047      NaN    31    28 c    0   0.99 132.1802 80.8833  2092.07 10485.34 4.35 3.96 -70.9 -0.376    19.50 21.51 02a57424o0384c       0   31.288485
57424.446237 19.419021      NaN    -3    20 c    0   0.93 132.1802 80.8833  3033.22  9760.44 4.32 3.93 -77.5 -0.396    19.49 21.57 02a57424o0412c       0   24.391992
57424.457540 19.102305      NaN    27    17 c    0   0.99 132.1802 80.8833  3101.01  9659.49 4.23 3.85 -79.5 -0.409    19.50 21.54 02a57424o0430c       0   21.999302
57431.413653 19.510313      NaN   -32    19 c    0   1.09 132.1802 80.8833  2254.06 10083.57 4.97 4.60 -61.2 -0.345    19.23 21.40 02a57431o0382c       0   23.579001
57431.427117 19.510313      NaN    -7    19 c    0   1.25 132.1802 80.8833  3201.45  9368.12 4.78 4.35 -70.5 -0.358    19.24 21.36 02a57431o0404c       0   23.579001
57431.443498 19.026525      NaN    12    24 c    0   0.89 132.1802 80.8833  3085.00  9645.48 4.98 4.60 -63.8 -0.367    19.23 21.34 02a57431o0430c       0   27.766334
57448.401288 19.510313      NaN   -44    19 c    0   0.88 132.1802 80.8833  2439.81 10412.43 4.39 4.01 -62.7 -0.384    19.46 21.46 02a57448o0232c       0   23.579001
57448.404167 18.757738      NaN    28    27 c    0   0.78 132.1802 80.8833  7732.08   514.82 5.40 3.88  11.6 -0.403    19.06 21.07 02a57448o0238c       0   30.396863
57448.419759 19.038793      NaN    26    19 c    0   0.96 132.1802 80.8833  3376.74  9704.52 4.16 3.87 -70.5 -0.414    19.44 21.43 02a57448o0270c       0   23.579001
57448.438624 19.351140      NaN   -16    22 c    0   0.79 132.1802 80.8833  3176.59  9820.90 4.07 3.86 -76.9 -0.417    19.31 21.15 02a57448o0308c       0   26.057039
57449.393594 19.142275      NaN     0    25 c    0   0.90 132.1802 80.8833  2249.44 10480.89 4.50 4.07 -60.4 -0.371    19.51 21.61 02a57449o0383c       0   28.635106
57449.396506 19.076453      NaN    11    23 c    0   1.03 132.1802 80.8833  7391.69   506.69 5.66 3.91   9.2 -0.386    19.07 21.19 02a57449o0389c       0   26.906677
57449.411705 19.569016      NaN    -7    18 c    0   1.06 132.1802 80.8833  3178.32  9763.00 4.15 3.81 -70.3 -0.419    19.55 21.62 02a57449o0420c       0   22.780898
57449.432167 19.076453      NaN    26    18 c    0   0.95 132.1802 80.8833  3181.05  9818.98 4.11 3.86 -67.5 -0.416    19.53 21.57 02a57449o0460c       0   22.780898
57458.391447 18.504094      NaN    37    34 c    0   0.74 132.1802 80.8833  3095.97  9924.51 4.98 3.99  88.4 -0.369    18.86 21.05 02a57458o0385c       0   36.755534
57458.393384 19.014394      NaN     7    26 c    0   0.96 132.1802 80.8833  7266.06   645.38 4.96 4.66  26.9 -0.394    19.12 21.31 02a57458o0389c       0   29.512189
57458.395815 17.439172      NaN    31   116 c    0   3.53 132.1802 80.8833  6842.44    30.52 5.12 4.59  12.8 -0.412    19.12 21.31 02a57458o0394c       2  116.837363
57458.410673 18.582238      NaN    42    29 c    0   1.16 132.1802 80.8833  3171.39  9816.26 5.13 4.39  84.5 -0.347    18.71 21.01 02a57458o0424c       0   32.186477
57482.355851 19.454622      NaN   -33    20 c    0   1.18 132.1802 80.8833  2958.43  9871.03 4.44 4.07 -62.6 -0.408    19.15 21.25 02a57482o0293c    8192   24.391992
57482.372801 19.351140      NaN   -47    22 c    0   1.14 132.1802 80.8833  3148.21  9809.54 4.19 3.93 -58.8 -0.426    19.08 20.97 02a57482o0328c    8192   26.057039
57488.313296 19.351140      NaN    -8    22 c    0   1.08 132.1802 80.8833  2965.90  9837.67 4.13 3.85 -57.0 -0.436    19.22 21.00 02a57488o0213c    8192   26.057039
57870.355820 19.115465      NaN     8    23 c    0   0.65 132.1802 80.8833  6566.44    51.84 4.59 2.81  33.5 -0.463    19.23 20.38 02a57870o0181c    8192   26.906677
57870.376373 19.569016      NaN   -56    18 c    0   0.94 132.1802 80.8833  6624.08    92.97 4.64 2.90  33.2 -0.460    19.21 20.35 02a57870o0220c    8192   22.780898
58196.369643 20.103715      NaN    -6    11 c    0   1.07 132.1802 80.8833  3596.08  6876.77 2.50 2.32  39.2 -0.458    19.64 21.70 02a58196o0314c       0   17.775525
58196.389609 20.009244      NaN     1    10 c    0   1.20 132.1802 80.8833  3572.88  6832.07 2.56 2.37  46.0 -0.459    19.59 21.66 02a58196o0353c       0   17.174670
58196.392804 20.207197      NaN   -26    10 c    0   1.05 132.1802 80.8833  3623.73  6906.64 2.61 2.38  42.4 -0.457    19.60 21.67 02a58196o0360c       0   17.174670
58196.409077 18.836735      NaN    14    29 c    0   0.60 132.1802 80.8833  3643.31  6783.29 2.58 2.33  44.6 -0.450    18.13 20.03 02a58196o0395c       0   32.186477
58224.341541 17.509244      NaN  -160   120 c    0   1.43 132.1802 80.8833  1973.58  7352.01 2.41 2.28 -14.6 -0.411    17.47 18.95 02a58224o0079c 8388610  120.809641
58252.342067 20.207197      NaN    -8    10 c    0   1.41 132.1802 80.8833  2870.54  6989.22 2.50 2.39   1.6 -0.420    19.42 21.01 02a58252o0230c       0   17.174670
58252.358355 20.103715      NaN    -5    11 c    0   1.29 132.1802 80.8833  2873.24  6973.04 2.39 2.29   2.9 -0.435    19.39 20.89 02a58252o0265c       0   17.775525
58252.374995 19.549093      NaN    14    12 c    0   0.96 132.1802 80.8833  2865.90  6988.71 2.60 2.55  52.9 -0.435    19.32 20.95 02a58252o0300c       0   18.411119
58252.392368 20.103715      NaN   -18    11 c    0   1.06 132.1802 80.8833  2873.94  7017.62 2.61 2.41 -44.7 -0.411    19.35 21.01 02a58252o0336c       0   17.775525
58256.322433 19.922338      NaN   -23    13 c    0   0.93 132.1802 80.8833  2050.70  8723.46 2.69 2.62   5.9 -0.408    19.26 21.02 02a58256o0051c       0   19.077979
58256.323819 19.384550      NaN    17    14 c    0   1.05 132.1802 80.8833  2030.72  8677.10 2.80 2.68 -39.5 -0.407    19.26 21.04 02a58256o0054c       0   19.772943
58256.344757 19.472870      NaN    12    14 c    0   1.13 132.1802 80.8833  2078.15  8753.49 3.17 3.02 -35.3 -0.391    19.17 21.09 02a58256o0099c       0   19.772943
58256.350387 19.169763      NaN   -50    26 c    0   0.59 132.1802 80.8833 10511.91  8941.11 3.27 2.79  43.8 -0.412    19.42 21.28 02a58256o0111c       0   29.512189
58256.352669 19.569016      NaN    -7    18 c    0   0.85 132.1802 80.8833 10493.56  8891.33 3.23 2.78  43.4 -0.430    19.42 21.28 02a58256o0116c       0   22.780898
58256.357839 19.491430      NaN    14    13 c    0   1.06 132.1802 80.8833  2092.32  8650.09 2.79 2.73  37.2 -0.413    19.25 21.09 02a58256o0127c       0   19.077979
58280.303063 19.816329      NaN    -4    14 c    0   1.33 132.1802 80.8833  3902.77  8090.71 2.63 2.49 -13.1 -0.433    19.28 20.92 02a58280o0133c       0   19.772943
58280.313115 19.334813      NaN    20    14 c    0   1.33 132.1802 80.8833  3884.57  8048.72 2.71 2.51 -31.7 -0.420    19.12 20.79 02a58280o0154c       0   19.772943
58280.323005 19.318728      NaN     6    19 c    0   0.90 132.1802 80.8833  3927.70  8148.05 2.83 2.57 -41.5 -0.406    19.05 20.72 02a58280o0175c       0   23.579001
58280.333140 19.287255      NaN     8    19 c    0   1.38 132.1802 80.8833  3952.34  8033.58 2.97 2.70 -47.4 -0.400    18.95 20.63 02a58280o0196c       0   23.579001
58284.294379 19.841877      NaN   -27    14 c    0   1.38 132.1802 80.8833  1744.88  9100.64 3.16 3.01 -54.4 -0.392    19.08 20.85 02a58284o0113c       0   19.772943
58284.303931 19.510313      NaN   -12    19 c    0   0.74 132.1802 80.8833  1725.24  9060.37 3.24 3.02  16.7 -0.457    18.87 20.85 02a58284o0133c       0   23.579001
58284.333239 19.696897      NaN   -12    16 c    0   1.06 132.1802 80.8833 10203.50  9164.88 3.46 3.01  37.9 -0.389    19.24 21.09 02a58284o0194c       0   21.236038
58284.342800 19.841877      NaN   -17    14 c    0   0.85 132.1802 80.8833 10182.14  9114.81 3.21 2.86  36.2 -0.418    19.34 21.09 02a58284o0214c       0   19.772943
58284.353504 19.652575      NaN     3    14 c    0   1.12 132.1802 80.8833 10234.36  9218.32 3.40 3.01  46.5 -0.392    19.27 21.09 02a58284o0237c       0   19.772943
58284.367591 19.472870      NaN     6    16 c    0   1.48 132.1802 80.8833 10240.98  9113.31 3.83 3.48  28.7 -0.374    19.13 21.05 02a58284o0267c       0   21.236038
58316.275809 15.533140      NaN   867   450 c    0   0.27 132.1802 80.8833 10529.17  7029.64 3.09 2.82  19.4 -0.404    18.97 20.51 02a58316o0073c       2  450.216580
58316.285827 18.623526      NaN   -16    43 c    0   0.92 132.1802 80.8833 10508.45  6978.38 3.98 3.76  39.2 -0.410    18.79 20.52 02a58316o0094c    8192   45.210279
58396.623127 18.816441      NaN   -42    36 c    0   1.06 132.1802 80.8833  7636.41  2128.82 2.65 2.53 -82.9 -0.421    18.25 19.48 02a58396o0898c       0   38.613072
58396.631939 18.369531      NaN    53    35 c    0   1.53 132.1802 80.8833  7654.46  2166.56 2.69 2.53 -77.8 -0.423    18.24 19.52 02a58396o0917c       0   37.682480
58396.640771 18.298627      NaN  -136    58 c    0   0.97 132.1802 80.8833  7608.66  2095.28 2.76 2.60 -81.8 -0.422    17.91 18.96 02a58396o0936c       0   59.657098
58396.649573 17.357499      NaN   -93   138 c    0   1.58 132.1802 80.8833  7595.33  2214.46 2.80 2.64 -89.4 -0.447    16.47 17.12 02a58396o0955c       2  138.704612
58400.631146 19.950541      NaN     3    10 c    0   1.32 132.1802 80.8833  6457.16  4413.77 2.82 2.62 -72.3 -0.400    19.49 21.26 02a58400o0744c    8192   17.174670
58400.639478 19.609992      NaN     5    14 c    0   1.22 132.1802 80.8833  6477.90  4472.13 2.75 2.52 -72.5 -0.406    19.15 20.38 02a58400o0762c    8192   19.772943
58400.648333 17.482434      NaN   166    66 c    0   1.17 132.1802 80.8833  6430.25  4380.38 2.73 2.54 -88.8 -0.440    17.36 17.95 02a58400o0781c       2   67.460872
58424.623369 19.510313      NaN    18    13 c    0   1.28 132.1802 80.8833  9384.82  3100.94 2.75 2.58 -85.6 -0.427    19.29 20.68 02a58424o0847c       0   19.077979
58424.632729 19.743105      NaN    10    12 c    0   1.34 132.1802 80.8833  9419.10  3139.97 2.66 2.50 -84.9 -0.440    19.26 20.69 02a58424o0865c       0   18.411119
58424.642869 19.472870      NaN     5    18 c    0   1.06 132.1802 80.8833  9361.77  3095.87 2.72 2.60 -84.7 -0.430    19.12 20.35 02a58424o0884c       0   22.780898
58428.586224 19.841877      NaN     9    11 c    0   0.99 132.1802 80.8833  7066.15  5393.82 2.64 2.57 -89.1 -0.437    19.57 21.47 02a58428o0743c       0   17.775525
58428.594587 20.207197      NaN    -7    10 c    0   0.87 132.1802 80.8833  7086.31  5432.07 2.59 2.48  82.9 -0.435    19.58 21.47 02a58428o0761c       0   17.174670
58428.603403 20.207197      NaN     0    10 c    0   1.33 132.1802 80.8833  7032.53  5361.18 2.63 2.51  86.6 -0.431    19.55 21.48 02a58428o0780c       0   17.174670
58428.611711 20.321591      NaN   -10     9 c    0   1.40 132.1802 80.8833  7009.76  5480.07 2.66 2.60 -87.1 -0.411    19.61 21.48 02a58428o0798c       0   16.612324
58432.588256 19.791368      NaN     8    12 c    0   0.99 132.1802 80.8833  8175.22  1987.48 2.72 2.62 -85.9 -0.426    19.55 21.38 02a58432o0857c       0   18.411119
58432.596625 20.321591      NaN    -5     9 c    0   1.88 132.1802 80.8833  8193.45  2025.41 2.70 2.58 -89.2 -0.428    19.59 21.35 02a58432o0875c       0   16.612324
58432.605514 20.009244      NaN    -8    12 c    0   0.92 132.1802 80.8833  8148.46  1956.00 2.69 2.58 -88.9 -0.424    19.60 21.37 02a58432o0894c       0   18.411119
58432.613813 20.207197      NaN   -13    10 c    0   1.02 132.1802 80.8833  8134.84  2076.41 2.74 2.60  85.1 -0.429    19.55 21.36 02a58432o0912c       0   17.174670
58436.581424 19.922338      NaN   -11    13 c    0   0.97 132.1802 80.8833  7398.81  4665.64 2.86 2.71 -81.0 -0.397    19.32 21.08 02a58436o0841c       0   19.077979
58436.589808 20.009244      NaN     0    12 c    0   1.07 132.1802 80.8833  7419.52  4704.93 2.69 2.56  80.4 -0.428    19.25 21.00 02a58436o0859c       0   18.411119
58436.598596 19.384550      NaN    10    18 c    0   0.68 132.1802 80.8833  7367.96  4635.04 2.87 2.74  87.7 -0.389    18.92 20.65 02a58436o0878c       0   22.780898
58436.606916 19.589310      NaN    17    12 c    0   1.61 132.1802 80.8833  7348.03  4754.60 2.84 2.73 -83.3 -0.397    19.25 21.09 02a58436o0896c       0   18.411119
58456.667479 17.774377      NaN    57    75 c    0   1.14 132.1802 80.8833  6328.63  3570.25 2.66 2.55  58.2 -0.422    17.19 17.80 02a58456o0893c 8388610   76.288723
58460.570683 17.212847      NaN    86   129 c    0   0.43 132.1802 80.8833    36.72  1867.74 2.90 2.69  37.0 -0.434    19.32 21.47 02a58460o0822c       2  129.753494
58460.589631 19.841877      NaN   -22    14 c    0   0.92 132.1802 80.8833    83.74  1884.57 3.82 3.36  50.6 -0.406    19.29 21.60 02a58460o0862c       0   19.772943
58460.599411 19.696897      NaN    18    10 c    0   1.31 132.1802 80.8833   108.38  1754.15 3.32 2.90  46.5 -0.422    19.43 21.62 02a58460o0883c       0   17.174670
58460.626013 19.631075      NaN   -10    17 c    0   0.92 132.1802 80.8833  9177.61  1642.28 3.12 2.85  22.1 -0.396    19.06 21.39 02a58460o0940c       0   21.999302
58460.635807 19.766969      NaN     6    13 c    0   1.25 132.1802 80.8833  9153.06  1598.57 3.40 2.90  33.4 -0.399    19.15 21.46 02a58460o0961c       0   19.077979
58460.645625 20.009244      NaN    -1    12 c    0   1.15 132.1802 80.8833  9224.31  1692.04 3.22 2.79  35.5 -0.410    19.28 21.52 02a58460o0982c       0   18.411119
58460.659589 19.169763      NaN    30    16 c    0   1.41 132.1802 80.8833  9248.60  1580.10 3.37 2.91  44.8 -0.403    18.92 20.72 02a58460o1011c       0   21.236038
58488.538879 19.491430      NaN    10    16 c    0   0.98 132.1802 80.8833  3680.73  8982.28 3.83 3.67  34.7 -0.391    19.16 21.51 02a58488o0739c       0   21.236038
58488.540251 19.841877      NaN     0    14 c    0   0.93 132.1802 80.8833  3661.91  8943.15 3.68 3.62  35.6 -0.375    19.17 21.50 02a58488o0742c       0   19.772943
58488.557584 19.841877      NaN   -12    14 c    0   1.06 132.1802 80.8833  3698.82  9011.98 3.56 3.52 -83.0 -0.383    19.21 21.48 02a58488o0779c       0   19.772943
58488.558499 19.696897      NaN   -22    16 c    0   0.94 132.1802 80.8833  3716.42  8894.54 3.92 3.79  62.5 -0.386    19.13 21.47 02a58488o0781c       0   21.236038
58488.573500 19.841877      NaN   -10    14 c    0   1.08 132.1802 80.8833 10172.42  9688.77 4.07 3.68  49.3 -0.363    19.20 21.52 02a58488o0813c       0   19.772943
58488.580881 19.696897      NaN   -18    16 c    0   1.02 132.1802 80.8833 10153.30  9644.01 4.33 3.94  49.5 -0.361    19.19 21.52 02a58488o0829c       0   21.236038
58488.589763 19.766969      NaN    -8    15 c    0   0.90 132.1802 80.8833 10197.59  9736.21 3.92 3.57  57.1 -0.388    19.30 21.54 02a58488o0848c       0   20.493152
58488.598601 19.841877      NaN    -8    14 c    0   0.99 132.1802 80.8833 10207.83  9624.45 3.97 3.51  49.8 -0.379    19.29 21.52 02a58488o0867c       0   19.772943
58492.572209 20.039830      NaN     8     9 c    0   1.32 132.1802 80.8833  4184.97  5063.91 2.72 2.55 -43.3 -0.394    19.56 21.66 02a58492o0787c       0   16.612324
58492.590322 19.696897      NaN    18    10 c    0   0.94 132.1802 80.8833  4156.35  5020.38 2.76 2.56 -42.5 -0.391    19.52 21.66 02a58492o0825c       0   17.174670
58492.591238 19.950541      NaN     8    10 c    0   1.09 132.1802 80.8833  4216.70  5095.16 2.73 2.57 -39.7 -0.396    19.50 21.66 02a58492o0827c       0   17.174670
58492.608998 20.103715      NaN    -4    11 c    0   1.07 132.1802 80.8833  4234.17  4976.43 2.77 2.61 -40.5 -0.400    19.49 21.64 02a58492o0865c       0   17.775525
58576.414185 20.321591      NaN    -5     9 c    0   1.16 132.1802 80.8833  7552.11  3312.83 2.40 2.35  64.5 -0.399    19.51 21.31 02a58576o0412c       0   16.612324
58576.416471 19.696897      NaN    15    11 c    0   0.94 132.1802 80.8833  7530.69  3265.86 2.56 2.30  46.1 -0.390    19.49 21.32 02a58576o0417c       0   17.775525
58576.434158 20.103715      NaN   -10    11 c    0   1.27 132.1802 80.8833  7591.47  3352.75 2.55 2.35  45.5 -0.396    19.50 21.32 02a58576o0455c       0   17.775525
58576.434616 20.039830      NaN     2    11 c    0   0.95 132.1802 80.8833  7615.60  3239.72 2.58 2.35  46.0 -0.388    19.49 21.32 02a58576o0456c       0   17.775525
58580.376830 19.419021      NaN    29    11 c    0   1.33 132.1802 80.8833  4148.66  1199.86 2.51 2.35 -59.0 -0.417    19.42 21.10 02a58580o0331c    8192   17.775525
58580.379573 19.569016      NaN    18    12 c    0   0.99 132.1802 80.8833  4125.04  1157.60 2.53 2.40  81.1 -0.410    19.39 21.10 02a58580o0337c    8192   18.411119
58604.351841 19.454622      NaN    18    14 c    0   1.03 132.1802 80.8833  6104.24  7028.97 2.75 2.38  41.8 -0.392    19.31 21.11 02a58604o0244c       0   19.772943
58604.367666 19.841877      NaN   -25    14 c    0   0.80 132.1802 80.8833  6082.75  6987.38 2.73 2.37  38.9 -0.392    19.30 21.08 02a58604o0278c       0   19.772943
58604.369053 19.950541      NaN     2    12 c    0   1.12 132.1802 80.8833  6136.57  7066.18 2.58 2.44  39.2 -0.401    19.33 21.08 02a58604o0281c       0   18.411119
58612.282094 19.472870      NaN    20    13 c    0   0.77 132.1802 80.8833  6612.67  7476.29 2.80 2.27  42.3 -0.379    19.36 20.76 02a58612o0110c       0   19.077979
58612.283977 19.894850      NaN     7    11 c    0   1.53 132.1802 80.8833  6595.22  7434.83 2.70 2.35  44.1 -0.390    19.38 20.77 02a58612o0114c       0   17.775525
58612.289519 19.791368      NaN     8    12 c    0   1.35 132.1802 80.8833  6645.56  7516.14 2.63 2.34  44.7 -0.394    19.39 20.79 02a58612o0126c       0   18.411119
58612.304788 20.039830      NaN     2    11 c    0   1.26 132.1802 80.8833  6659.98  7396.23 2.65 2.41  42.7 -0.390    19.37 20.82 02a58612o0159c       0   17.775525
58632.241614 17.509244      NaN   -95   120 c    0   1.15 132.1802 80.8833  7783.00  5741.66 3.09 2.36  36.7 -0.388    16.89 17.64 02a58632o0025c 8388610  120.809641
58636.244711 17.981610      NaN    11    74 c    0   1.57 132.1802 80.8833  2702.17  3714.77 2.92 2.42  38.9 -0.392    17.03 17.84 02a58636o0031c       2   75.305838
58636.251696 19.038793      NaN    16    24 c    0   1.13 132.1802 80.8833  2763.45  3782.28 2.94 2.41  41.5 -0.372    18.43 19.43 02a58636o0046c    8192   27.766334
58636.263708 20.103715      NaN   -10    11 c    0   1.96 132.1802 80.8833  2785.06  3656.82 2.59 2.27  38.0 -0.396    19.28 20.65 02a58636o0072c    8192   17.775525
58792.648442 18.481707      NaN   -38    49 c    0   1.12 132.1802 80.8833   622.79  4263.40 2.50 2.29 -55.9 -0.386    17.56 18.59 02a58792o0987c    8192   50.950655
58792.651437 18.356290      NaN   -41    55 c    0   0.97 132.1802 80.8833   601.37  4228.09 2.50 2.23 -54.6 -0.392    17.56 18.42 02a58792o0993c    8192   56.744773
58792.654417 17.721771      NaN    53    81 c    0   1.27 132.1802 80.8833   660.99  4288.61 2.43 2.37 -34.9 -0.404    17.22 18.04 02a58792o0999c       2   82.194704
58792.657286 17.010313      NaN  -175   190 c    0   1.30 132.1802 80.8833   687.97  4166.52 2.73 2.32 -62.2 -0.462    16.22 17.03 02a58792o1005c       2  190.512386
58816.625488 19.766969      NaN   -21    15 c    0   0.79 132.1802 80.8833  6648.00  7459.58 3.06 2.77  52.8 -0.363    19.17 21.43 02a58816o0939c       0   20.493152
58816.629121 19.894850      NaN     1    13 c    0   1.25 132.1802 80.8833  4019.09  3158.98 3.21 2.96  84.9 -0.378    19.05 21.36 02a58816o0946c       0   19.077979
58816.637512 20.009244      NaN     0    12 c    0   1.01 132.1802 80.8833  6675.65  7503.33 2.89 2.60  44.9 -0.370    19.49 21.53 02a58816o0963c       0   18.411119
58816.654710 19.212347      NaN    -6    25 c    0   1.16 132.1802 80.8833  6683.26  7388.38 5.00 4.78  40.3 -0.292    18.54 20.52 02a58816o0999c       0   28.635106
58844.661987 19.791368      NaN    14    10 c    0   1.45 132.1802 80.8833  4816.85  3514.77 2.63 2.31  37.0 -0.393    19.45 21.09 02a58844o0369c       0   17.174670
58844.664409 19.719755      NaN     8    13 c    0   1.11 132.1802 80.8833  4796.33  3472.79 2.33 2.26  42.3 -0.398    19.28 20.69 02a58844o0374c       0   19.077979
58844.665911 19.631075      NaN   -25    17 c    0   0.93 132.1802 80.8833  4858.85  3550.00 2.61 2.27  37.9 -0.387    19.10 20.38 02a58844o0377c       0   21.999302
58844.668347 19.351140      NaN    -3    22 c    0   1.09 132.1802 80.8833  4883.29  3433.85 2.56 2.30  37.2 -0.392    18.74 19.78 02a58844o0382c       0   26.057039
58868.551755 19.719755      NaN    14    11 c    0   0.95 132.1802 80.8833  3711.06  5403.32 2.68 2.34  32.9 -0.382    19.61 21.51 02a58868o0762c       0   17.775525
58868.555496 20.207197      NaN    -6    10 c    0   1.11 132.1802 80.8833  3691.87  5367.22 2.54 2.31  32.1 -0.387    19.60 21.49 02a58868o0770c       0   17.174670
58868.555953 20.207197      NaN   -11    10 c    0   1.11 132.1802 80.8833  3748.29  5440.34 2.49 2.29  32.3 -0.390    19.61 21.49 02a58868o0771c       0   17.174670
58868.557813 20.103715      NaN   -15    11 c    0   1.15 132.1802 80.8833  3768.80  5323.17 2.48 2.26  31.7 -0.391    19.60 21.47 02a58868o0775c       0   17.775525
58872.425425 20.449472      NaN    -1     8 c    0   1.37 132.1802 80.8833  6874.65  5126.97 2.70 2.57 -70.8 -0.401    19.70 21.90 02a58872o0491c       0   16.092523
58872.429289 20.405150      NaN     1     8 c    0   1.13 132.1802 80.8833  6892.32  5163.16 2.58 2.47 -77.2 -0.404    19.69 21.90 02a58872o0499c       0   16.092523
58872.435759 20.321591      NaN    -5     9 c    0   0.98 132.1802 80.8833  3767.78  5480.63 2.60 2.44  38.5 -0.390    19.70 21.90 02a58872o0512c       0   16.612324
58872.446200 20.321591      NaN    -6     9 c    0   1.27 132.1802 80.8833  3786.39  5357.94 2.45 2.29 -56.2 -0.403    19.71 21.88 02a58872o0533c       0   16.612324
58876.492021 19.256669      NaN    21    17 c    0   1.35 132.1802 80.8833  1648.26  1802.90 2.62 2.36 -58.9 -0.405    18.97 20.81 02a58876o0603c       0   21.999302
58876.494390 19.922338      NaN    -3    13 c    0   1.29 132.1802 80.8833  1625.52  1764.32 2.63 2.35 -57.5 -0.407    18.97 20.86 02a58876o0608c       0   19.077979
58876.499607 19.384550      NaN     7    19 c    0   1.14 132.1802 80.8833  1697.29  1829.42 2.50 2.40  49.1 -0.401    18.76 20.61 02a58876o0618c       0   23.579001
58876.510356 18.786693      NaN   -19    37 c    0   0.78 132.1802 80.8833  1729.00  1700.24 2.69 2.30 -57.7 -0.407    18.30 20.02 02a58876o0641c       0   39.547052
58900.290274 20.103715      NaN     6    10 c    0   1.19 132.1802 80.8833  9131.02  2472.88 3.08 2.56 -62.2 -0.385    19.51 21.54 02a58900o0171c       0   17.174670
58900.291967 20.009244      NaN     2    12 c    0   1.02 132.1802 80.8833  9147.92  2508.97 3.02 2.52 -61.6 -0.388    19.51 21.54 02a58900o0174c       0   18.411119
58900.296514 20.009244      NaN    -5    12 c    0   1.04 132.1802 80.8833  9099.85  2442.11 3.19 2.65 -62.4 -0.377    19.17 21.20 02a58900o0183c       0   18.411119
58900.303750 20.009244      NaN    -1    12 c    0   0.66 132.1802 80.8833  9085.51  2565.02 3.13 2.55 -62.1 -0.381    19.52 21.56 02a58900o0197c       0   18.411119
58900.358525 19.922338      NaN     9    11 c    0   1.04 132.1802 80.8833  1798.52  2482.00 3.40 2.92 -56.1 -0.385    19.40 21.60 02a58900o0309c       0   17.775525
58900.362073 20.103715      NaN    -3    11 c    0   1.37 132.1802 80.8833  1816.25  2522.98 3.30 2.94 -64.2 -0.380    19.41 21.60 02a58900o0316c       0   17.775525
58900.367022 19.743105      NaN    10    13 c    0   0.72 132.1802 80.8833  1767.11  2435.23 3.35 3.26  74.0 -0.382    19.32 21.60 02a58900o0326c       0   19.077979
58900.376595 19.419021      NaN    26    13 c    0   0.98 132.1802 80.8833  1752.95  2547.61 3.39 3.04 -64.9 -0.374    19.35 21.59 02a58900o0346c       0   19.077979
58932.356985 20.009244      NaN    -1    12 c    0   1.11 132.1802 80.8833  3896.59  9392.43 2.82 2.43 -54.3 -0.403    19.55 21.52 02a58932o0295c       0   18.411119
58932.362157 19.696897      NaN    15    12 c    0   1.10 132.1802 80.8833  3881.27  9352.06 2.96 2.40 -56.1 -0.401    19.51 21.49 02a58932o0306c       0   18.411119
58932.365062 19.631075      NaN    18    12 c    0   0.99 132.1802 80.8833  3924.77  9426.05 2.71 2.35 -57.6 -0.405    19.56 21.48 02a58932o0312c       0   18.411119
58932.378350 19.868040      NaN     8    12 c    0   0.80 132.1802 80.8833  3937.48  9304.82 2.69 2.52 -64.1 -0.389    19.54 21.45 02a58932o0340c       0   18.411119
58956.324416 20.103715      NaN    -9    11 c    0   1.24 132.1802 80.8833  1141.82  2281.78 2.79 2.77 -63.0 -0.390    19.32 21.18 02a58956o0207c       0   17.775525
58956.328934 19.743105      NaN    19    10 c    0   1.31 132.1802 80.8833  1118.70  2245.62 2.59 2.53 -65.9 -0.398    19.33 21.17 02a58956o0216c       0   17.174670
58956.336928 20.207197      NaN     0    10 c    0   1.26 132.1802 80.8833  1186.35  2306.95 2.70 2.66  88.0 -0.385    19.28 21.16 02a58956o0233c       0   17.174670
58956.348353 20.009244      NaN     3    12 c    0   0.95 132.1802 80.8833  1217.04  2178.41 3.07 2.69 -58.8 -0.385    19.26 21.18 02a58956o0257c       0   18.411119
58956.384815 19.894850      NaN     4    13 c    0   0.98 132.1802 80.8833 10244.53  2652.50 2.93 2.83 -45.1 -0.381    19.37 21.27 02a58956o0333c       0   19.077979
58956.388444 20.009244      NaN    -5    12 c    0   1.13 132.1802 80.8833 10215.07  2614.35 2.83 2.76 -20.9 -0.387    19.36 21.27 02a58956o0340c       0   18.411119
58956.393724 20.009244      NaN   -14    12 c    0   1.15 132.1802 80.8833 10289.94  2705.24 2.80 2.72 -23.0 -0.392    19.35 21.26 02a58956o0351c       0   18.411119
58956.404473 19.719755      NaN     8    14 c    0   0.74 132.1802 80.8833 10314.03  2601.41 2.74 2.59 -49.1 -0.396    19.37 21.22 02a58956o0373c       0   19.772943
58960.261334 20.171596      NaN     7     9 c    0   1.25 132.1802 80.8833  1140.05  2309.57 2.46 2.27 -58.0 -0.411    19.45 21.08 02a58960o0080c       0   16.612324
58960.264847 20.103715      NaN    -1    11 c    0   0.79 132.1802 80.8833  1117.97  2272.76 2.52 2.21 -59.0 -0.412    19.48 21.09 02a58960o0087c       0   17.775525
58960.270944 20.207197      NaN     2    10 c    0   1.12 132.1802 80.8833  1188.12  2332.18 2.41 2.22 -59.2 -0.416    19.50 21.06 02a58960o0100c       0   17.174670
58960.281865 19.922338      NaN    15     9 c    0   1.51 132.1802 80.8833  1211.82  2206.91 2.37 2.34  60.2 -0.404    19.44 21.04 02a58960o0122c       0   16.612324
58960.333223 20.103715      NaN   -10    11 c    0   1.47 132.1802 80.8833 10247.48  2657.07 2.74 2.50 -57.4 -0.395    19.40 20.99 02a58960o0227c       0   17.775525
58960.336682 20.009244      NaN     3    12 c    0   0.99 132.1802 80.8833 10220.30  2615.04 2.66 2.48 -58.2 -0.399    19.45 21.01 02a58960o0234c       0   18.411119
58960.341953 20.009244      NaN   -12    12 c    0   0.96 132.1802 80.8833 10294.09  2708.97 2.70 2.63 -24.5 -0.394    19.36 21.03 02a58960o0245c       0   18.411119
58960.351881 20.009244      NaN    -8    12 c    0   0.89 132.1802 80.8833 10323.05  2600.07 2.74 2.62 -31.0 -0.394    19.36 21.12 02a58960o0265c       0   18.411119
58964.317415 15.350937      NaN  -634   876 c    0   1.25 132.1802 80.8833  4890.20  7539.47 2.91 2.76 -59.6 -0.389    14.64 16.03 02a58964o0180c 8388610  876.111277
58980.319999 19.631075      NaN    18    12 c    0   1.01 132.1802 80.8833  8295.44  7613.80 2.79 2.72  74.1 -0.384    19.43 21.20 02a58980o0192c       0   18.411119
58980.323272 19.868040      NaN     8    12 c    0   1.10 132.1802 80.8833  8277.81  7571.47 2.82 2.61 -65.6 -0.393    19.44 21.22 02a58980o0199c       0   18.411119
58980.328413 20.009244      NaN   -22    12 c    0   0.99 132.1802 80.8833   962.02  7730.39 2.56 2.34 -51.2 -0.416    19.36 21.07 02a58980o0210c       0   18.411119
58980.329336 19.841877      NaN     1    14 c    0   0.87 132.1802 80.8833  8323.43  7660.79 3.01 2.57  38.3 -0.377    19.40 21.23 02a58980o0212c       0   19.772943
58980.332604 20.009244      NaN    -1    12 c    0   1.19 132.1802 80.8833   945.25  7694.48 2.60 2.40 -47.5 -0.410    19.32 21.08 02a58980o0219c       0   18.411119
58980.335821 19.841877      NaN    -5    14 c    0   0.68 132.1802 80.8833   994.96  7761.20 2.53 2.34 -44.6 -0.413    19.36 21.07 02a58980o0226c       0   19.772943
58980.343683 20.009244      NaN   -41    12 c    0   0.90 132.1802 80.8833  8341.58  7543.14 2.82 2.73  49.9 -0.390    19.42 21.23 02a58980o0243c       0   18.411119
58980.346472 20.009244      NaN    -1    12 c    0   1.01 132.1802 80.8833  1017.50  7649.69 2.57 2.40 -33.0 -0.414    19.31 21.07 02a58980o0249c       0   18.411119
58984.280260 20.009244      NaN   -17    12 c    0   1.41 132.1802 80.8833  8300.19  7627.26 2.74 2.42  44.2 -0.391    19.50 21.05 02a58984o0022c       0   18.411119
58984.283479 20.207197      NaN    -7    10 c    0   1.10 132.1802 80.8833  8284.00  7583.20 2.85 2.39  39.2 -0.384    19.47 21.05 02a58984o0029c       0   17.174670
58984.288977 19.719755      NaN    14    12 c    0   1.08 132.1802 80.8833  8334.08  7666.87 2.65 2.51  59.2 -0.397    19.47 21.08 02a58984o0041c       0   18.411119
58984.299607 20.103715      NaN   -13    11 c    0   1.31 132.1802 80.8833  8350.45  7551.07 2.64 2.51  57.5 -0.397    19.50 21.08 02a58984o0064c       0   17.775525
58988.242942 18.131260      NaN    83    41 c    0   1.26 132.1802 80.8833   584.83  4262.80 3.45 3.39  57.4 -0.339    17.71 18.69 02a58988o0022c       0   43.312461
58988.248498 19.569016      NaN   -21    18 c    0   1.18 132.1802 80.8833   564.31  4218.08 2.79 2.72 -28.1 -0.367    18.69 19.92 02a58988o0034c       0   22.780898
58988.254979 19.529530      NaN    26    11 c    0   2.16 132.1802 80.8833   625.24  4279.58 3.19 3.14 -83.4 -0.352    18.99 20.72 02a58988o0048c       0   17.775525
58988.267902 19.367717      NaN    23    15 c    0   0.92 132.1802 80.8833   646.49  4149.81 3.47 3.40 -53.4 -0.337    19.07 20.93 02a58988o0076c       0   20.493152
58988.307832 19.922338      NaN    -6    13 c    0   0.98 132.1802 80.8833  8997.74  4177.85 2.95 2.79  39.7 -0.373    19.33 20.98 02a58988o0160c       0   19.077979
58988.311530 19.922338      NaN     3    13 c    0   1.30 132.1802 80.8833  8978.01  4134.11 3.06 2.87  36.3 -0.354    19.26 20.98 02a58988o0168c       0   19.077979
58988.317083 19.766969      NaN   -16    15 c    0   0.95 132.1802 80.8833  9039.74  4222.71 3.22 2.99  35.1 -0.361    19.20 21.00 02a58988o0180c       0   20.493152
58988.329131 19.791368      NaN     8    13 c    0   0.96 132.1802 80.8833  9062.50  4108.35 2.95 2.72  33.9 -0.363    19.31 21.04 02a58988o0206c       0   19.077979
58992.251316 19.631075      NaN   -16    17 c    0   1.40 132.1802 80.8833  9008.59  4187.96 2.65 2.37  34.4 -0.381    19.03 20.17 02a58992o0036c       0   21.999302
58992.255015 19.841877      NaN     3    14 c    0   1.37 132.1802 80.8833  8988.95  4142.74 2.66 2.41  35.2 -0.383    19.26 20.64 02a58992o0044c       0   19.772943
58992.260557 20.009244      NaN    -2    12 c    0   1.11 132.1802 80.8833  9048.92  4231.05 2.70 2.38  34.7 -0.383    19.41 20.94 02a58992o0056c       0   18.411119
58992.272539 19.609992      NaN    22    11 c    0   1.40 132.1802 80.8833  9070.45  4116.29 2.59 2.38  39.4 -0.388    19.44 21.01 02a58992o0082c       0   17.775525
59020.270041 18.504094      NaN   -15    48 c    0   0.93 132.1802 80.8833  8394.17  1901.57 2.87 2.64  26.3 -0.366    17.81 19.29 02a59020o0002c    8192   49.989692
59020.273299 18.816441      NaN   -18    36 c    0   0.98 132.1802 80.8833  8376.85  1856.51 2.76 2.63 -48.9 -0.372    18.35 19.86 02a59020o0009c    8192   38.613072
59020.278609 16.015463      NaN   576   284 c    0   1.30 132.1802 80.8833  8445.91  1947.13 2.90 2.78 -42.0 -0.364    15.71 17.09 02a59020o0019c       2  284.343049
59020.290622 15.277076      NaN   917   633 c    0   0.96 132.1802 80.8833  8473.13  1835.79 2.72 2.60 -27.6 -0.374    16.86 18.36 02a59020o0045c       2  633.153985
59168.601970 17.654224      NaN  -170   105 c    0   1.09 132.1802 80.8833  5666.56  3028.42 2.98 2.59  47.1 -0.376    17.09 18.88 02a59168o0026c       2  105.924356
59168.628086 20.103715      NaN    -7    11 c    0   1.27 132.1802 80.8833  5652.24  3147.65 2.99 2.79  57.6 -0.387    19.32 21.12 02a59168o0044c    8192   17.775525
59194.511589 20.207197      NaN     3    10 c    0   1.37 132.1802 80.8833  1448.82  8126.60 2.88 2.47 -75.4 -0.371    19.60 22.92 01a59194o0711c       0   17.174670
59194.513436 20.009244      NaN   -14    12 c    0   0.81 132.1802 80.8833  1432.01  8091.26 2.96 2.57 -77.7 -0.363    19.54 22.92 01a59194o0715c       0   18.411119
59194.517587 20.207197      NaN   -14    10 c    0   1.49 132.1802 80.8833  1482.08  8157.29 2.99 2.68 -71.9 -0.351    19.52 22.94 01a59194o0724c       0   17.174670
59194.522658 19.791368      NaN    14    11 c    0   0.88 132.1802 80.8833  1498.39  8039.03 2.82 2.50 -73.2 -0.368    19.54 22.94 01a59194o0735c       0   17.775525
59194.556264 20.103715      NaN    -4    11 c    0   1.07 132.1802 80.8833  8781.88  8024.30 2.83 2.79  78.3 -0.335    19.54 22.91 01a59194o0807c       0   17.775525
59194.561344 20.039830      NaN     5    11 c    0   1.12 132.1802 80.8833  8764.68  7980.64 3.02 2.90  82.4 -0.335    19.49 22.89 01a59194o0818c       0   17.775525
59194.564569 20.103715      NaN    -8    11 c    0   1.46 132.1802 80.8833  8815.80  8067.35 3.06 2.72 -85.8 -0.352    19.53 22.89 01a59194o0825c       0   17.775525
59194.575542 20.009244      NaN   -17    12 c    0   1.03 132.1802 80.8833  8833.90  7951.98 3.20 2.98  68.1 -0.327    19.43 22.83 01a59194o0848c       0   18.411119
59200.489226 20.103715      NaN     3    11 c    0   1.40 132.1802 80.8833  9821.39   478.35 2.76 2.21 -62.1 -0.413    19.56 21.52 02a59200o0611c       0   17.775525
59200.491511 19.841877      NaN     9    12 c    0   1.08 132.1802 80.8833  9840.06   513.42 2.84 2.26 -59.5 -0.409    19.53 21.53 02a59200o0616c       0   18.411119
59200.494255 19.922338      NaN   -11    13 c    0   1.15 132.1802 80.8833  9795.65   447.08 2.96 2.22 -58.6 -0.413    19.53 21.52 02a59200o0622c       0   19.077979
59200.500658 20.103715      NaN   -11    11 c    0   1.38 132.1802 80.8833  9777.04   572.37 2.74 2.28 -63.5 -0.402    19.57 21.52 02a59200o0636c       0   17.775525
59200.601637 19.816329      NaN    16    10 c    0   1.07 132.1802 80.8833  7669.89  9744.93 2.70 2.55  84.2 -0.397    19.66 21.60 02a59200o0791c       0   17.174670
59200.660148 19.674510      NaN     4    16 c    0   1.58 132.1802 80.8833  7631.85  9695.00 2.70 2.58  58.3 -0.392    19.05 20.59 02a59200o0857c       0   21.236038
59200.662967 16.157725      NaN   395   286 c    0   1.02 132.1802 80.8833  7682.52  9779.70 2.75 2.68 -71.5 -0.424    16.12 17.43 02a59200o0863c       2  286.340653
59200.666651 14.786936      NaN  1082  1113 c    0   1.28 132.1802 80.8833  7699.76  9663.61 2.88 2.70 -66.2 -0.420    14.66 15.74 02a59200o0871c       2 1113.087584
59202.538496 20.321591      NaN   -17     9 c    0   1.22 132.1802 80.8833  6870.31  3926.80 3.00 2.91 -25.2 -0.293    19.37 21.69 01a59202o0002c       0   16.612324
59202.542954 20.449472      NaN   -14     8 c    0   1.25 132.1802 80.8833  6806.20  3843.67 2.96 2.83  -9.0 -0.305    19.57 21.85 01a59202o0011c       0   16.092523
59202.546167 20.449472      NaN    -7     8 c    0   1.54 132.1802 80.8833  6869.53  3926.34 2.96 2.79  -5.0 -0.318    19.58 21.88 01a59202o0017c       0   16.092523
59202.551572 19.631075      NaN     3    17 c    0   1.31 132.1802 80.8833  6888.73  3812.83 2.53 2.45   9.5 -0.333    19.73 21.89 01a59202o0028c       0   21.999302
59208.550392 20.009244      NaN    -3    12 c    0   1.33 132.1802 80.8833  1349.42   626.24 2.75 2.42 -69.0 -0.411    19.34 20.82 02a59208o0767c       0   18.411119
59208.552222 20.009244      NaN     3    12 c    0   1.13 132.1802 80.8833  1370.13   664.98 2.93 2.44 -61.3 -0.415    19.35 20.91 02a59208o0771c       0   18.411119
59208.555004 19.979496      NaN     7    11 c    0   1.27 132.1802 80.8833  1323.66   575.14 2.69 2.43 -73.2 -0.413    19.40 21.03 02a59208o0777c       0   17.775525
59208.560076 19.696897      NaN    15    12 c    0   1.34 132.1802 80.8833  1310.56   688.63 2.93 2.44 -59.8 -0.414    19.44 21.12 02a59208o0788c       0   18.411119
59222.436452 20.321591      NaN     0     9 c    0   1.15 132.1802 80.8833  1798.64  5826.05 2.71 2.56 -62.4 -0.368    19.52 21.60 01a59222o0523c       0   16.612324
59222.440594 20.321591      NaN     0     9 c    0   1.34 132.1802 80.8833  1779.30  5791.45 2.74 2.57 -75.2 -0.371    19.54 21.57 01a59222o0532c       0   16.612324
59222.443822 20.207197      NaN    -9    10 c    0   0.72 132.1802 80.8833  1836.09  5857.39 2.79 2.65 -71.2 -0.366    19.50 21.56 01a59222o0539c       0   17.174670
59222.450905 20.449472      NaN    -1     8 c    0   1.30 132.1802 80.8833  1854.06  5742.04 2.73 2.60 -74.0 -0.371    19.50 21.54 01a59222o0554c       0   16.092523
59222.472614 20.039830      NaN     8    10 c    0   1.13 132.1802 80.8833  9635.49  5991.37 3.03 2.72  68.4 -0.335    19.53 21.50 01a59222o0600c       0   17.174670
59222.478161 19.674510      NaN    19    11 c    0   0.94 132.1802 80.8833  9612.52  5946.77 3.15 2.75 -86.4 -0.368    19.48 21.48 01a59222o0612c       0   17.775525
59222.481412 19.674510      NaN    19    11 c    0   1.19 132.1802 80.8833  9668.35  6036.14 3.16 2.77 -82.9 -0.371    19.49 21.48 01a59222o0619c       0   17.775525
59222.500197 20.009244      NaN   -10    12 c    0   1.07 132.1802 80.8833  9688.98  5917.03 3.62 3.30  61.5 -0.306    19.29 21.54 01a59222o0658c       0   18.411119
59226.504706 20.321591      NaN    -9     9 c    0   1.07 132.1802 80.8833  6454.93  1126.94 3.15 2.89  83.1 -0.357    19.62 22.03 01a59226o0632c       0   16.612324
59226.537881 20.071303      NaN     4    11 c    0   1.10 132.1802 80.8833  6483.99  1161.45 3.25 3.19  88.0 -0.361    19.49 21.99 01a59226o0703c       0   17.775525
59226.541653 19.979496      NaN    13     9 c    0   1.32 132.1802 80.8833  6435.88  1088.69 3.26 3.22  59.7 -0.333    19.47 21.99 01a59226o0711c       0   16.612324
59226.547183 19.841877      NaN    18     9 c    0   1.72 132.1802 80.8833  6424.96  1207.71 3.34 3.31  79.0 -0.308    19.50 21.99 01a59226o0723c       0   16.612324
59228.551774 19.719755      NaN     5    15 c    0   0.82 132.1802 80.8833  7773.11  5771.58 3.32 3.24  73.1 -0.403    19.30 21.48 02a59228o0696c       0   20.493152
59228.555014 20.103715      NaN    -2    11 c    0   1.05 132.1802 80.8833  7750.53  5724.44 3.16 2.91  43.1 -0.360    19.35 21.47 02a59228o0703c       0   17.775525
59228.561910 19.491430      NaN    22    13 c    0   0.98 132.1802 80.8833  7807.33  5815.45 2.93 2.73  42.7 -0.368    19.32 21.32 02a59228o0718c       0   19.077979
59228.595718 20.103715      NaN    -4    11 c    0   1.07 132.1802 80.8833  7819.77  5699.72 2.74 2.70  87.2 -0.381    19.49 21.47 02a59228o0791c       0   17.775525
59230.423230 20.321591      NaN    -4     9 c    0   1.37 132.1802 80.8833  3935.90  9399.81 2.61 2.34 -65.0 -0.401    19.68 21.69 01a59230o0490c       0   16.612324
59230.438604 20.405150      NaN     4     8 c    0   1.75 132.1802 80.8833  3921.72  9365.49 2.62 2.36 -69.7 -0.406    19.64 21.64 01a59230o0522c       0   16.092523
59230.441912 20.207197      NaN    -9    10 c    0   0.84 132.1802 80.8833  3969.11  9442.12 2.89 2.46 -72.7 -0.416    19.60 21.65 01a59230o0529c       0   17.174670
59230.448880 20.321591      NaN    -2     9 c    0   1.62 132.1802 80.8833  3983.17  9325.73 2.85 2.40 -76.2 -0.418    19.57 21.64 01a59230o0544c       0   16.612324
59250.416818 19.922338      NaN    12    10 c    0   1.33 132.1802 80.8833  9584.75  7976.43 2.98 2.65  88.8 -0.341    19.54 21.74 01a59250o0452c       0   17.174670
59250.420501 20.207197      NaN     0    10 c    0   1.10 132.1802 80.8833  9610.64  8008.07 2.83 2.79  -0.5 -0.330    19.55 21.76 01a59250o0460c       0   17.174670
59250.427452 20.009244      NaN     9    10 c    0   1.29 132.1802 80.8833  9537.66  7950.87 3.15 2.67 -88.3 -0.343    19.52 21.79 01a59250o0475c       0   17.174670
59250.440928 20.207197      NaN    -9    10 c    0   1.34 132.1802 80.8833  9522.64  8074.15 3.10 2.79 -85.7 -0.327    19.50 21.75 01a59250o0504c       0   17.174670
59252.495506 20.137125      NaN     5    10 c    0   1.25 132.1802 80.8833  3130.09  7687.12 2.48 2.38  38.9 -0.389    19.67 21.56 02a59252o0631c       0   17.174670
59252.498720 19.631075      NaN    27     9 c    0   1.54 132.1802 80.8833  3115.09  7647.88 2.47 2.41  35.2 -0.391    19.63 21.57 02a59252o0638c       0   16.612324
59252.504318 19.950541      NaN    11    10 c    0   1.44 132.1802 80.8833  3165.28  7720.23 2.48 2.31 -58.6 -0.414    19.62 21.57 02a59252o0650c       0   17.174670
59252.507088 20.009244      NaN    -7    12 c    0   0.94 132.1802 80.8833 10459.28  8445.81 3.15 2.72 -71.9 -0.375    19.63 21.64 02a59252o0656c       0   18.411119
59252.512371 20.207197      NaN    -1    10 c    0   1.10 132.1802 80.8833 10436.78  8398.72 3.01 2.64 -73.1 -0.388    19.67 21.65 02a59252o0667c       0   17.174670
59252.517461 20.207197      NaN   -14    10 c    0   1.19 132.1802 80.8833  3181.41  7598.05 2.56 2.41  31.3 -0.390    19.61 21.58 02a59252o0678c       0   17.174670
59252.518375 19.652575      NaN    17    12 c    0   1.41 132.1802 80.8833 10485.14  8489.92 2.88 2.74  78.3 -0.384    19.62 21.65 02a59252o0680c       0   18.411119
59252.528476 19.841877      NaN    -8    14 c    0   1.11 132.1802 80.8833 10497.08  8383.23 2.91 2.76  70.1 -0.387    19.61 21.66 02a59252o0702c       0   19.772943
59254.408385 20.137125      NaN     5    10 c    0   0.72 132.1802 80.8833  9587.05  7974.37 2.88 2.62  89.7 -0.344    19.55 21.71 01a59254o0437c       0   17.174670
59254.412084 19.894850      NaN    13    10 c    0   1.57 132.1802 80.8833  9612.65  8005.86 3.55 2.77 -87.7 -0.334    19.29 21.72 01a59254o0445c       0   17.174670
59254.418538 20.103715      NaN   -51    11 c    0   1.71 132.1802 80.8833  9539.28  7949.54 3.11 2.68 -89.7 -0.335    19.47 21.71 01a59254o0459c       0   17.775525
59254.428687 20.321591      NaN    -5     9 c    0   1.04 132.1802 80.8833  9526.99  8073.02 2.97 2.45 -87.4 -0.353    19.55 21.64 01a59254o0481c       0   16.612324
59254.497371 20.009244      NaN   -19    12 c    0   0.79 132.1802 80.8833   477.99  8239.27 3.00 2.44 -83.5 -0.375    19.50 21.66 01a59254o0628c       0   18.411119
59254.500604 20.009244      NaN   -19    12 c    0   1.17 132.1802 80.8833   503.39  8284.31 3.44 2.82 -83.9 -0.345    19.38 21.66 01a59254o0635c       0   18.411119
59254.506145 19.950541      NaN     8    11 c    0   1.07 132.1802 80.8833   428.67  8188.54 3.21 2.64 -83.1 -0.363    19.44 21.68 01a59254o0647c       0   17.775525
59254.530563 20.321591      NaN   -24     9 c    0   1.37 132.1802 80.8833   418.09  8294.68 3.07 2.46 -85.9 -0.382    19.52 21.77 01a59254o0699c       0   16.612324
59256.389684 20.321591      NaN    -7     9 c    0   1.46 132.1802 80.8833   121.30  2137.51 2.55 2.42 -81.9 -0.400    19.59 21.57 02a59256o0395c       0   16.612324
59256.392887 20.207197      NaN    -5    10 c    0   1.12 132.1802 80.8833   139.61  2181.34 2.61 2.47 -82.0 -0.396    19.58 21.59 02a59256o0402c       0   17.174670
59256.399051 20.009244      NaN     9    10 c    0   1.27 132.1802 80.8833    90.16  2087.12 2.79 2.42 -63.0 -0.400    19.58 21.60 02a59256o0415c       0   17.174670
59256.420417 20.321591      NaN     0     9 c    0   1.43 132.1802 80.8833  3144.92  7710.90 2.50 2.39 -55.0 -0.402    19.63 21.65 02a59256o0461c       0   16.612324
59256.424563 20.071303      NaN     7    10 c    0   1.09 132.1802 80.8833  3128.50  7672.64 2.48 2.33 -59.7 -0.404    19.67 21.66 02a59256o0470c       0   17.174670
59256.459885 20.103715      NaN     9     9 c    0   1.67 132.1802 80.8833  3165.88  7736.96 2.44 2.39 -54.9 -0.396    19.64 21.66 02a59256o0546c       0   16.612324
59256.484410 19.696897      NaN    -1    16 c    0   1.21 132.1802 80.8833 10505.57  8391.14 2.87 2.69 -67.9 -0.386    19.62 21.70 02a59256o0598c       0   21.236038
59256.484871 19.791368      NaN    11    12 c    0   0.72 132.1802 80.8833  3180.15  7614.77 2.58 2.47  31.7 -0.381    19.59 21.62 02a59256o0599c       0   18.411119
59258.433555 20.103715      NaN     9     9 c    0   1.38 132.1802 80.8833  5577.93  3048.88 2.72 2.53  87.0 -0.384    19.57 21.61 01a59258o0493c       0   16.612324
59258.436783 20.449472      NaN     2     8 c    0   1.34 132.1802 80.8833  5596.82  3086.51 2.74 2.59 -89.7 -0.360    19.53 21.61 01a59258o0500c       0   16.092523
59258.443704 20.207197      NaN    -6    10 c    0   0.85 132.1802 80.8833  5543.72  3011.62 2.78 2.52 -88.1 -0.367    19.55 21.61 01a59258o0515c       0   17.174670
59258.453864 20.449472      NaN    -6     8 c    0   1.23 132.1802 80.8833  5531.90  3127.90 2.73 2.51  87.7 -0.367    19.53 21.61 01a59258o0537c       0   16.092523
59284.413030 20.009244      NaN    -1    12 c    0   0.86 132.1802 80.8833  5463.59  9266.73 2.74 2.66  75.5 -0.380    19.50 21.41 02a59284o0356c    8192   18.411119
59284.419042 17.696393      NaN   -24   101 c    0   1.25 132.1802 80.8833  5447.25  9218.90 2.71 2.58  54.9 -0.382    17.15 18.76 02a59284o0369c       2  101.960626
59288.352670 19.868040      NaN    11    11 c    0   1.20 132.1802 80.8833  5476.79  9275.64 2.65 2.35 -68.2 -0.407    19.57 21.46 02a59288o0301c       0   17.775525
59288.355882 20.207197      NaN   -13    10 c    0   1.49 132.1802 80.8833  5460.60  9235.63 2.64 2.37 -65.8 -0.406    19.64 21.46 02a59288o0308c       0   17.174670
59288.362301 20.009244      NaN    -9    12 c    0   0.87 132.1802 80.8833  5506.17  9312.39 2.66 2.53  70.7 -0.391    19.60 21.49 02a59288o0322c       0   18.411119
59288.373293 19.950541      NaN     8    11 c    0   1.05 132.1802 80.8833  5522.09  9192.77 2.64 2.40 -68.3 -0.406    19.64 21.50 02a59288o0346c       0   17.775525
59310.297669 20.071303      NaN    13     8 c    0   1.62 132.1802 80.8833  3855.40  3149.00 2.68 2.32  83.6 -0.407    19.64 21.46 01a59310o0100c       0   16.092523
59310.300464 20.321591      NaN   -14     9 c    0   1.24 132.1802 80.8833  3875.05  3188.52 2.83 2.40  83.0 -0.395    19.63 21.47 01a59310o0106c       0   16.612324
59310.307371 20.594452      NaN    -1     7 c    0   1.56 132.1802 80.8833  3820.49  3109.18 2.67 2.35  79.4 -0.408    19.68 21.52 01a59310o0121c       0   15.619516
59310.317560 20.321591      NaN    -3     9 c    0   1.08 132.1802 80.8833  3807.79  3223.88 2.85 2.46  80.9 -0.396    19.64 21.55 01a59310o0143c       0   16.612324
59314.329943 19.128787      NaN   -29    27 c    0   1.06 132.1802 80.8833  2403.91  8850.75 2.56 2.26 -73.6 -0.376    18.22 19.88 01a59314o0241c    8192   30.396863
59314.333643 19.183773      NaN    26    18 c    0   1.22 132.1802 80.8833  2429.83  8891.65 2.32 2.19 -50.3 -0.372    18.09 19.75 01a59314o0249c    8192   22.780898
59314.351204 16.540028      NaN  -138   293 c    0   1.65 132.1802 80.8833  2331.48  8916.59 2.35 2.16 -62.9 -0.389    16.07 17.72 01a59314o0287c       2  293.332523
59318.317888 20.103715      NaN     2    11 c    0   0.91 132.1802 80.8833  2403.40  8849.85 2.57 2.32 -78.9 -0.378    19.54 21.11 01a59318o0214c       0   17.775525
59318.321120 19.674510      NaN    19    11 c    0   0.85 132.1802 80.8833  2429.59  8891.28 2.64 2.31 -78.4 -0.372    19.51 21.11 01a59318o0221c       0   17.775525
59318.328033 19.609992      NaN    22    11 c    0   0.81 132.1802 80.8833  2350.23  8803.51 2.72 2.40 -76.4 -0.363    19.47 21.10 01a59318o0236c       0   17.775525
59318.338242 20.207197      NaN    -7    10 c    0   1.30 132.1802 80.8833  2331.09  8916.78 2.63 2.38 -70.7 -0.368    19.49 21.10 01a59318o0258c       0   17.174670
59344.247915 19.631075      NaN    12    14 c    0   1.49 132.1802 80.8833  5881.57  5702.52 2.55 2.28  41.6 -0.388    19.14 20.47 02a59344o0020c       0   19.772943
59344.253413 19.841877      NaN     9    12 c    0   1.23 132.1802 80.8833  5863.22  5661.69 2.37 2.25  43.3 -0.403    19.38 20.83 02a59344o0032c       0   18.411119
59344.257549 19.766969      NaN     9    13 c    0   1.07 132.1802 80.8833  5918.81  5740.01 2.65 2.35  38.2 -0.388    19.37 20.94 02a59344o0041c       0   19.077979
59344.269533 20.009244      NaN     0    12 c    0   1.31 132.1802 80.8833  5939.21  5621.65 2.65 2.33  38.9 -0.384    19.40 21.01 02a59344o0067c       0   18.411119
59348.243967 18.816441      NaN    30    27 c    0   0.80 132.1802 80.8833  5988.55  1734.78 2.50 2.41 -74.4 -0.382    18.40 19.49 02a59348o0007c       0   30.396863
59348.247185 19.038793      NaN    37    18 c    0   0.94 132.1802 80.8833  5965.39  1691.28 2.55 2.44 -63.9 -0.385    18.80 20.08 02a59348o0014c       0   22.780898
59348.254991 19.841877      NaN    -5    14 c    0   0.87 132.1802 80.8833  6035.60  1769.83 2.58 2.46 -68.9 -0.387    19.24 20.81 02a59348o0031c       0   19.772943
59348.266970 19.841877      NaN    -4    14 c    0   0.86 132.1802 80.8833  6064.11  1650.70 2.65 2.56  58.3 -0.385    19.23 20.95 02a59348o0055c       0   19.772943
59370.244769 18.649074      NaN   -14    42 c    0   1.06 132.1802 80.8833  9057.51  8570.37 2.45 2.30 -77.4 -0.320    18.01 18.48 01a59370o0021c       0   44.260245
59370.248017 19.256669      NaN   -18    24 c    0   1.08 132.1802 80.8833  9078.82  8609.96 2.64 2.24 -84.9 -0.332    18.54 19.27 01a59370o0028c       0   27.766334
59370.253586 19.696897      NaN     9    14 c    0   0.89 132.1802 80.8833  9000.84  8553.35 2.75 2.18 -86.2 -0.343    19.17 20.34 01a59370o0040c       0   19.772943
59370.264260 19.868040      NaN    11    11 c    0   0.99 132.1802 80.8833  8973.32  8686.80 2.58 2.09 -83.3 -0.354    19.52 21.07 01a59370o0063c       0   17.775525
59528.584859 20.009244      NaN    -5    12 c    0   1.04 132.1802 80.8833  8755.74  4802.59 2.99 2.67  48.8 -0.364    19.40 21.17 02a59528o0865c       0   18.411119
59528.588158 19.674510      NaN    16    12 c    0   0.86 132.1802 80.8833  8775.62  4838.60 2.85 2.63  52.4 -0.371    19.41 21.16 02a59528o0872c       0   18.411119
59528.597834 19.743105      NaN    13    12 c    0   1.10 132.1802 80.8833  8722.20  4771.79 2.80 2.60  54.3 -0.368    19.44 21.21 02a59528o0893c       0   18.411119
59528.621413 19.569016      NaN    24    11 c    0   1.09 132.1802 80.8833  8704.47  4895.90 2.69 2.55  64.1 -0.375    19.47 21.21 02a59528o0944c       0   17.775525
59588.493424 18.826541 0.131912   110    13 c    0   0.85 132.1802 80.8833   582.16  4289.78 2.39 2.35 -79.4 -0.419    19.44 21.38 02a59588o0660c       0   19.077979
59588.502717 18.933071 0.145511   100    13 c    0   1.14 132.1802 80.8833  1599.47  6404.90 2.37 2.35  49.2 -0.448    19.48 21.42 02a59588o0680c       0   19.077979
59588.505496 18.847027 0.103403   108    10 c    0   2.22 132.1802 80.8833  1620.31  6449.59 2.62 2.37  39.7 -0.418    19.41 21.43 02a59588o0686c       0   17.174670
59588.508243 18.748255 0.122735   118    13 c    0   1.09 132.1802 80.8833  1560.81  6355.56 2.41 2.39 -79.0 -0.444    19.44 21.44 02a59588o0692c       0   19.077979
59588.513287 19.026525 0.146391    92    12 c    0   1.17 132.1802 80.8833  1538.17  6465.87 2.39 2.37  35.4 -0.445    19.46 21.46 02a59588o0703c       0   18.411119
59588.526239 18.796518 0.098703   113    10 c    0   1.40 132.1802 80.8833   556.64  4235.58 2.39 2.27  29.2 -0.415    19.47 21.41 02a59588o0731c       0   17.174670
59588.529453 18.900000 0.119431   103    11 c    0   1.12 132.1802 80.8833   619.46  4298.63 2.39 2.31  30.2 -0.417    19.46 21.41 02a59588o0738c       0   17.775525
59588.534945 18.666446 0.113827   127    13 c    0   0.76 132.1802 80.8833   643.11  4173.73 2.32 2.30  26.3 -0.420    19.48 21.41 02a59588o0750c       0   19.077979
59611.664763 18.424171 0.126085   158    18 c    0   1.38 132.1802 80.8833  6561.96  7480.11 3.64 3.40  28.4 -0.340    18.86 20.82 02a59611o0026c       0   22.780898
59611.667552 18.311179 0.164123   175    26 c    0   0.90 132.1802 80.8833  6544.91  7442.55 3.79 3.59  24.8 -0.322    18.73 20.48 02a59611o0032c       0   29.512189
59611.670347 18.104842 0.161816   211    31 c    0   1.03 132.1802 80.8833  6595.50  7526.48 3.83 3.59  29.4 -0.358    18.37 19.98 02a59611o0038c       0   33.999548
59611.672321 17.963129 0.187828   240    41 c    0   1.07 132.1802 80.8833  6614.45  7413.30 3.63 3.39  26.1 -0.353    18.04 19.54 02a59611o0042c       0   43.312461
59611.674662 17.862567      NaN    38    75 c    0   1.31 132.1802 80.8833  6578.79  7468.69 3.88 3.65  24.8 -0.359    17.43 18.96 02a59611o0047c       2   76.288723
59615.443546 18.131260 0.080227   206    15 c    0   0.88 132.1802 80.8833  6591.65  7484.23 2.81 2.67  49.3 -0.397    19.37 21.16 02a59615o0527c       0   20.493152
59615.471842 18.203116 0.074287   193    13 c    0   1.16 132.1802 80.8833  6565.29  7441.53 2.61 2.54  67.1 -0.411    19.42 21.12 02a59615o0588c       0   19.077979
59615.500056 18.311179 0.088374   175    14 c    0   0.95 132.1802 80.8833  6601.55  7529.31 2.87 2.39  41.1 -0.388    19.38 21.08 02a59615o0649c       0   19.772943
59615.524789 18.356290 0.092123   168    14 c    0   0.94 132.1802 80.8833  6617.74  7406.94 2.73 2.53  49.7 -0.400    19.34 21.01 02a59615o0702c       0   19.772943
59619.507261 18.362890 0.079444   167    12 c    0   1.22 132.1802 80.8833  8388.50  1905.50 2.43 2.27 -74.7 -0.424    19.51 21.24 02a59619o0635c       0   18.411119
59619.510920 18.376212 0.080425   165    12 c    0   1.18 132.1802 80.8833  8365.02  1860.75 2.40 2.31  89.3 -0.420    19.50 21.25 02a59619o0643c       0   18.411119
59619.516445 18.417189 0.083518   159    12 c    0   0.93 132.1802 80.8833  8432.18  1949.11 2.42 2.35  59.0 -0.413    19.46 21.25 02a59619o0655c       0   18.411119
59619.547434 18.424171 0.077052   158    11 c    0   1.38 132.1802 80.8833  8458.14  1832.22 2.44 2.38  61.4 -0.412    19.42 21.20 02a59619o0722c       0   17.775525
59635.435242 19.128787 0.160850    84    12 c    0   1.21 132.1802 80.8833  2684.54  3766.91 3.22 3.02  36.4 -0.378    19.21 21.32 02a59635o0496c       0   18.411119
59635.438450 18.796518 0.138185   113    14 c    0   0.91 132.1802 80.8833  2665.45  3728.48 3.19 3.01  36.0 -0.377    19.19 21.32 02a59635o0503c       0   19.772943
59635.444422 18.684100 0.106794   125    12 c    0   1.39 132.1802 80.8833  2727.66  3795.28 2.86 2.80  35.8 -0.395    19.30 21.31 02a59635o0516c       0   18.411119
59635.458379 18.757738 0.104764   117    11 c    0   1.22 132.1802 80.8833  2753.78  3677.88 2.48 2.39  37.9 -0.414    19.49 21.28 02a59635o0546c       0   17.775525
59639.405990 18.944322 0.124407    99    11 c    0   1.05 132.1802 80.8833  2683.59  3772.97 2.40 2.24 -67.6 -0.426    19.53 21.33 02a59639o0429c       0   17.775525
59639.433531 18.806434 0.099609   112    10 c    0   1.24 132.1802 80.8833  2658.68  3729.16 2.34 2.28  86.5 -0.424    19.54 21.36 02a59639o0488c       0   17.174670
59639.457229 18.816441 0.100531   111    10 c    0   1.29 132.1802 80.8833  2717.34  3804.42 2.39 2.30  71.8 -0.418    19.49 21.34 02a59639o0539c       0   17.174670
59639.459245 18.857417 0.125277   107    12 c    0   1.02 132.1802 80.8833  2743.64  3676.98 2.61 2.30  43.9 -0.411    19.47 21.35 02a59639o0543c       0   18.411119
59643.422424 18.806434 0.159374   112    16 c    0   1.25 132.1802 80.8833  4818.51  3527.43 2.25 2.24 -26.9 -0.438    19.04 21.60 02a59643o0433c       0   21.236038
59643.425907 19.063754 0.201997    89    16 c    0   1.53 132.1802 80.8833  4797.82  3488.03 2.29 2.26 -12.2 -0.431    19.03 21.61 02a59643o0440c       0   21.236038
59643.433089 18.944322 0.192266    99    17 c    0   1.08 132.1802 80.8833  4859.78  3564.02 2.30 2.23  47.2 -0.435    19.01 21.56 02a59643o0454c       0   21.999302
59643.442939 18.836735 0.143399   109    14 c    0   1.46 132.1802 80.8833  4884.33  3443.88 2.26 2.20  48.0 -0.432    19.04 21.56 02a59643o0474c       0   19.772943
59671.324353 19.183773 0.183306    80    13 c    0   1.15 132.1802 80.8833  3722.90  5421.30 2.72 2.50  30.7 -0.398    19.30 21.32 02a59671o0148c       0   19.077979
59671.327574 19.271854 0.198797    74    13 c    0   1.16 132.1802 80.8833  3703.57  5382.56 2.77 2.56  34.4 -0.400    19.25 21.32 02a59671o0155c       0   19.077979
59671.333075 19.472870 0.239230    62    13 c    0   1.19 132.1802 80.8833  3759.16  5454.31 2.76 2.54  34.0 -0.396    19.26 21.30 02a59671o0167c       0   19.077979
59671.344528 19.115465      NaN    34    17 c    0   0.79 132.1802 80.8833  3779.07  5334.11 3.07 2.71  36.8 -0.390    19.17 21.29 02a59671o0192c       0   21.999302
59679.280247 18.382935      NaN    38    42 c    0   0.94 132.1802 80.8833  1666.79  1810.83 2.63 2.51 -69.9 -0.420    17.99 19.63 02a59679o0110c    8192   44.260245
59679.283448 18.343209      NaN    65    35 c    0   1.01 132.1802 80.8833  1643.95  1774.20 2.50 2.31 -66.9 -0.430    18.15 19.70 02a59679o0117c    8192   37.682480
59679.290390 17.654224      NaN    -2   105 c    0   0.98 132.1802 80.8833  1716.56  1835.72 2.48 2.35 -70.7 -0.429    17.07 18.74 02a59679o0132c       2  105.924356
59679.302354 13.752702      NaN  4463  2331 c    0   1.13 132.1802 80.8833  1744.79  1707.76 2.65 2.52 -89.4 -0.410    14.11 15.80 02a59679o0158c       2 2331.041821
59691.306647 15.930493      NaN    44   500 c    0   1.03 132.1802 80.8833  3972.18  5802.98 2.86 2.52  35.6 -0.400    15.36 16.97 02a59691o0077c 8388610  500.194931
59691.312142 15.117956      NaN   143  1039 c    0   0.99 132.1802 80.8833  3953.74  5763.08 2.77 2.42  35.2 -0.405    14.89 16.41 02a59691o0089c 8388610 1039.093821
59691.316271 16.896491      NaN  -491   211 c    0   1.34 132.1802 80.8833  4007.80  5835.10 2.64 2.33  33.9 -0.397    16.29 17.78 02a59691o0098c 8388610  211.461508
59691.329140 13.443179      NaN -1349  5077 c    0   1.14 132.1802 80.8833  4029.53  5713.44 2.69 2.23  32.6 -0.399    13.49 15.04 02a59691o0126c 8388610 5077.019201
59695.267568 19.609992 0.334073    55    16 c    0   1.35 132.1802 80.8833  3975.66  5797.20 2.82 2.55  33.8 -0.387    19.12 20.93 02a59695o0088c       0   21.236038
59695.270767 19.454622      NaN    12    17 c    0   1.07 132.1802 80.8833  3957.51  5758.28 2.76 2.50  29.4 -0.388    19.14 20.94 02a59695o0095c       0   21.999302
59695.277722 19.922338 0.306233    42    11 c    0   2.09 132.1802 80.8833  4011.55  5830.98 2.52 2.39  31.3 -0.400    19.17 20.95 02a59695o0110c       0   17.775525
59695.288271 19.351140      NaN    18    17 c    0   0.97 132.1802 80.8833  4030.81  5710.22 2.85 2.49  30.9 -0.384    19.14 20.94 02a59695o0133c       0   21.999302
59699.269383 16.624774      NaN   240   192 c    0   0.99 132.1802 80.8833  1418.04  8049.22 2.48 2.38 -30.9 -0.430    16.21 17.37 02a59699o0090c       2  192.507063
59699.274902 16.537560      NaN   302   194 c    0   1.20 132.1802 80.8833  1402.14  8011.52 2.59 2.48 -34.2 -0.425    16.41 17.60 02a59699o0102c       2  194.501849
59699.280876 16.726921      NaN   188   185 c    0   1.23 132.1802 80.8833  1450.65  8078.71 2.40 2.25 -46.2 -0.441    16.55 17.68 02a59699o0115c       2  185.526196
59699.291884 17.365395      NaN  -143   137 c    0   1.09 132.1802 80.8833  1467.71  7953.38 2.66 2.49 -47.3 -0.423    16.56 17.77 02a59699o0139c       2  137.709728
59699.309304 17.671596      NaN   103    70 c    0   1.26 132.1802 80.8833  8757.48  8103.75 2.75 2.51  40.7 -0.397    17.48 18.74 02a59699o0177c       2   71.379054
59699.312511 18.978793      NaN    33    21 c    0   0.92 132.1802 80.8833  8740.55  8060.89 2.90 2.67  39.7 -0.393    18.91 20.34 02a59699o0184c       0   25.218432
59699.319432 18.816441      NaN    30    27 c    0   0.98 132.1802 80.8833  8787.66  8147.45 3.08 2.76  40.5 -0.378    18.69 20.25 02a59699o0199c       0   30.396863
59699.330884 18.574166      NaN    30    36 c    0   1.08 132.1802 80.8833  8803.03  8034.59 3.01 2.55  32.7 -0.383    18.34 19.69 02a59699o0224c       0   38.613072
59723.245454 18.249822      NaN    50    45 c    0   2.89 132.1802 80.8833  1825.77  5753.36 2.64 2.32  30.4 -0.411    17.74 18.72 02a59723o0020c       0   47.116550
59723.253748 19.063754      NaN    44    15 c    0   1.35 132.1802 80.8833  1808.03  5702.81 2.45 2.26  23.7 -0.411    18.97 20.11 02a59723o0038c       0   20.493152
59723.260200 19.569016      NaN    12    15 c    0   0.85 132.1802 80.8833  1862.16  5766.58 2.39 2.28  16.8 -0.423    19.22 20.50 02a59723o0052c       0   20.493152
59723.273996 19.302877      NaN    36    12 c    0   1.31 132.1802 80.8833  1882.27  5641.33 2.44 2.25  21.8 -0.414    19.25 20.62 02a59723o0082c       0   18.411119
59723.278109 19.384550      NaN    25    14 c    0   0.93 132.1802 80.8833  9647.06  6088.16 2.92 2.42  32.6 -0.391    19.31 20.78 02a59723o0091c       0   19.772943
59723.282263 19.549093      NaN    22    12 c    0   1.49 132.1802 80.8833  9628.04  6043.88 2.95 2.43  31.5 -0.393    19.30 20.79 02a59723o0100c       0   18.411119
59723.287753 19.367717      NaN    23    15 c    0   1.04 132.1802 80.8833  9683.12  6140.31 2.80 2.46  33.8 -0.405    19.34 20.78 02a59723o0112c       0   20.493152
59723.298720 19.128787      NaN    42    14 c    0   0.78 132.1802 80.8833  9702.14  6027.10 2.91 2.46  29.9 -0.397    19.29 20.75 02a59723o0136c       0   19.772943
59727.249609 18.693037      NaN     7    39 c    0   1.23 132.1802 80.8833  9659.64  6098.13 2.90 2.42  30.2 -0.383    18.20 19.21 02a59727o0028c       0   41.424260
59727.253722 18.757738      NaN   -42    38 c    0   0.91 132.1802 80.8833  9640.81  6051.77 2.92 2.42  30.2 -0.385    18.10 19.26 02a59727o0037c       0   40.484186
59727.261534 18.558199      NaN    50    30 c    0   1.10 132.1802 80.8833  9695.41  6141.14 2.81 2.47  31.0 -0.394    18.41 19.77 02a59727o0054c       0   33.090320
59727.272617 19.169763      NaN    39    14 c    0   1.22 132.1802 80.8833  9714.09  6028.58 2.72 2.35  29.2 -0.408    19.30 20.74 02a59727o0078c       0   19.772943
59755.261336 18.933071      NaN    34    22 c    0   1.25 132.1802 80.8833 10253.94  2662.92 2.54 2.40 -44.9 -0.423    18.85 19.98 02a59755o0037c       0   26.057039
59755.266819 19.510313      NaN    -1    19 c    0   0.81 132.1802 80.8833 10231.69  2615.16 2.57 2.37 -52.7 -0.427    19.17 20.47 02a59755o0049c       0   23.579001
59755.270028 19.212347      NaN    33    15 c    0   1.40 132.1802 80.8833 10297.70  2710.15 2.58 2.43 -42.5 -0.422    19.23 20.60 02a59755o0056c       0   20.493152
59755.287861 19.128787      NaN    39    15 c    0   1.15 132.1802 80.8833 10322.18  2603.02 2.67 2.48 -48.5 -0.420    19.26 20.75 02a59755o0095c       0   20.493152
59845.566870 18.191747      NaN  -163    64 c    0   1.23 132.1802 80.8833  5810.72  1823.18 2.90 2.87  62.8 -0.392    17.21 18.85 01a59845o0679c       2   65.505491
59845.569681 15.987632      NaN   484   327 c    0   1.13 132.1802 80.8833  5786.40  1781.48 3.02 2.85  39.2 -0.353    15.98 17.67 01a59845o0685c       2  327.297982
59845.592018 19.169763      NaN    -4    26 c    0   1.58 132.1802 80.8833  5840.94  1854.43 3.50 3.46  54.2 -0.287    18.12 19.90 01a59845o0731c    8192   29.512189
59845.607824 16.683773      NaN   203   190 c    0   1.31 132.1802 80.8833  5860.11  1741.53 3.36 3.14  44.5 -0.321    16.29 18.03 01a59845o0765c       2  190.512386
59853.607317 20.103715      NaN     2    11 c    0   1.29 132.1802 80.8833 10050.57  2758.99 3.21 3.13   3.7 -0.298    19.20 20.95 01a59853o0872c       0   17.775525
59853.610592 19.510313      NaN    21    13 c    0   0.97 132.1802 80.8833 10029.83  2706.88 3.18 3.13 -56.9 -0.308    19.21 20.96 01a59853o0879c       0   19.077979
59853.629563 19.038793      NaN    37    18 c    0   1.07 132.1802 80.8833 10090.14  2781.03 3.13 3.07  24.9 -0.308    18.48 20.10 01a59853o0919c       0   22.780898
59853.634741 19.089302      NaN   -23    28 c    0   1.38 132.1802 80.8833 10116.04  2665.99 3.38 3.13  19.5 -0.274    18.18 19.49 01a59853o0930c       0   31.288485
59883.614259 19.816329      NaN     7    13 c    0   1.17 132.1802 80.8833  5080.75  1314.05 2.56 2.37 -88.1 -0.412    19.36 21.03 02a59883o0936c       0   19.077979
59883.617916 20.009244      NaN    -5    12 c    0   1.06 132.1802 80.8833  5098.03  1352.73 2.58 2.33 -81.0 -0.415    19.41 21.05 02a59883o0944c       0   18.411119
59883.635326 19.841877      NaN    -1    14 c    0   0.89 132.1802 80.8833  5053.87  1271.75 2.56 2.32 -79.5 -0.418    19.40 20.98 02a59883o0980c       0   19.772943
59883.644094 19.589310      NaN     8    16 c    0   1.02 132.1802 80.8833  5042.26  1389.78 2.56 2.36 -85.1 -0.409    19.08 20.36 02a59883o0998c       0   21.236038
59905.594851 20.207197      NaN     6     9 c    0   1.18 132.1802 80.8833  6634.35  7546.92 3.43 3.30  77.8 -0.301    19.46 21.44 01a59905o0836c       0   16.612324
59905.597619 19.631075      NaN    21    11 c    0   0.89 132.1802 80.8833  6617.48  7505.22 3.76 3.35  50.3 -0.257    19.38 21.45 01a59905o0842c       0   17.775525
59905.600853 19.791368      NaN    17    10 c    0   1.04 132.1802 80.8833  6670.86  7585.03 3.80 3.38  49.3 -0.260    19.39 21.47 01a59905o0849c       0   17.174670
59905.606882 20.009244      NaN    12     9 c    0   1.31 132.1802 80.8833  6687.73  7469.99 3.31 3.17 -87.6 -0.313    19.53 21.46 01a59905o0862c       0   16.612324
59909.414095 19.491430      NaN    22    13 c    0   1.07 132.1802 80.8833  6596.88  7520.97 3.48 3.45   7.3 -0.323    19.21 21.05 01a59909o0488c    8192   19.077979
60046.311072 16.761202      NaN  -372   239 c    0   1.28 132.1802 80.8833  1464.79  8029.67 2.58 2.51  -2.2 -0.411    16.31 17.69 02a60046o0163c       2  239.407538
60046.315007 18.534680      NaN    20    41 c    0   1.06 132.1802 80.8833  1450.20  7994.56 2.56 2.37 -54.1 -0.412    18.16 19.65 02a60046o0171c       0   43.312461
60046.321548 17.389435      NaN   174    77 c    0   1.35 132.1802 80.8833  1498.60  8059.55 2.51 2.27 -55.7 -0.432    17.35 18.78 02a60046o0185c       2   78.255794
60046.331419 18.519279      NaN    40    35 c    0   1.28 132.1802 80.8833  1516.82  7935.61 2.72 2.49 -58.9 -0.439    18.06 19.62 02a60046o0206c       0   37.682480
60046.350324 18.039019      NaN    77    49 c    0   1.10 132.1802 80.8833  8803.21  8105.40 2.66 2.56  69.1 -0.401    18.29 19.74 02a60046o0247c       0   50.950655
60046.353493 17.922662      NaN   -74    82 c    0   1.71 132.1802 80.8833  8786.05  8061.65 2.70 2.56  50.1 -0.400    17.71 19.14 02a60046o0254c       2   83.180342
60046.358963 16.886248      NaN   -60   213 c    0   1.03 132.1802 80.8833  8835.18  8148.84 2.73 2.60  62.0 -0.384    17.20 18.57 02a60046o0266c       2  213.457184
60046.369753 19.696897      NaN    -7    16 c    0   0.84 132.1802 80.8833  8852.10  8033.47 3.03 2.90  72.9 -0.385    19.03 20.76 02a60046o0289c       0   21.236038
60048.341867 19.922338      NaN     1    13 c    0   1.28 132.1802 80.8833  6929.45  3925.06 2.35 2.26  47.7 -0.408    19.37 21.01 02a60048o0240c       0   19.077979
60048.344787 19.979496      NaN     4    12 c    0   0.97 132.1802 80.8833  6909.09  3881.96 2.33 2.23  46.0 -0.407    19.35 21.00 02a60048o0246c       0   18.411119
60048.367798 19.743105      NaN    16    11 c    0   1.11 132.1802 80.8833  6972.15  3963.41 2.34 2.29  59.2 -0.406    19.36 20.98 02a60048o0290c       0   17.775525
60048.375752 19.841877      NaN    -3    14 c    0   0.79 132.1802 80.8833  6998.52  3846.69 2.44 2.30  34.5 -0.403    19.31 20.96 02a60048o0306c       0   19.772943
60050.331741 19.529530      NaN    17    14 c    0   1.30 132.1802 80.8833  6124.51  9678.07 2.61 2.47 -86.3 -0.418    19.29 20.89 02a60050o0207c       0   19.772943
60050.336369 19.491430      NaN    16    15 c    0   1.08 132.1802 80.8833  6107.71  9637.13 2.61 2.46 -73.3 -0.415    19.28 20.88 02a60050o0216c       0   20.493152
60050.341668 19.766969      NaN     6    14 c    0   1.62 132.1802 80.8833  6152.49  9716.83 2.60 2.45 -78.4 -0.417    19.30 20.87 02a60050o0227c       0   19.772943
60050.356127 19.491430      NaN    16    15 c    0   1.08 132.1802 80.8833  6167.88  9594.29 2.61 2.53 -87.1 -0.413    19.27 20.83 02a60050o0258c       0   20.493152
60052.284690 14.692608      NaN  1015  1269 c    0   1.31 132.1802 80.8833  1870.00  5740.08 2.35 2.34  69.1 -0.410    14.51 15.70 02a60052o0121c       2 1269.076818
60052.287883 14.399755      NaN   536  1926 c    0   1.52 132.1802 80.8833  1852.75  5702.53 2.37 2.30 -61.7 -0.418    14.01 15.36 02a60052o0128c       2 1926.050614
60052.299817 17.459147      NaN    26   118 c    0   0.89 132.1802 80.8833  1905.94  5765.49 2.41 2.35  32.7 -0.421    16.96 18.22 02a60052o0153c       2  118.823269
60052.307015 15.376012      NaN   606   655 c    0   1.54 132.1802 80.8833  1926.46  5642.67 2.49 2.46  25.6 -0.404    14.80 16.07 02a60052o0167c       2  655.148815
60052.339375 18.511660      NaN    20    42 c    0   1.16 132.1802 80.8833  9689.75  6090.96 2.65 2.55  73.6 -0.416    18.07 19.54 02a60052o0235c    8192   44.260245
60052.345026 16.770326      NaN  -214   237 c    0   1.63 132.1802 80.8833  9670.12  6048.28 2.65 2.49 -86.3 -0.415    16.73 18.19 02a60052o0246c       2  237.410971
60052.348859 18.029238      NaN    19    69 c    0   1.24 132.1802 80.8833  9725.62  6137.82 2.60 2.51  72.2 -0.416    17.46 18.82 02a60052o0254c       2   70.398646
60052.359083 17.266969      NaN  -136   150 c    0   1.25 132.1802 80.8833  9745.13  6027.18 2.66 2.50 -79.9 -0.415    16.73 18.05 02a60052o0275c       2  150.648496
60056.340959 19.302877      NaN    24    16 c    0   1.27 132.1802 80.8833  5915.05  5676.32 2.88 2.59  36.7 -0.382    19.11 20.67 02a60056o0241c       0   21.236038
60056.344140 19.766969      NaN    -6    15 c    0   1.14 132.1802 80.8833  5897.15  5634.89 2.78 2.56  37.2 -0.387    19.08 20.66 02a60056o0248c       0   20.493152
60056.349760 19.384550      NaN    16    17 c    0   1.03 132.1802 80.8833  5952.01  5713.56 2.92 2.65  38.1 -0.378    19.10 20.63 02a60056o0260c       0   21.999302
60056.359686 19.652575      NaN     5    16 c    0   1.18 132.1802 80.8833  5973.73  5594.94 2.85 2.53  34.1 -0.395    19.09 20.62 02a60056o0281c       0   21.236038
60058.277845 19.491430      NaN    22    13 c    0   1.95 132.1802 80.8833  6018.19  1732.36 2.28 2.15 -67.3 -0.417    19.16 20.32 02a60058o0107c       0   19.077979
60058.281481 19.841877      NaN   -14    14 c    0   1.33 132.1802 80.8833  5996.10  1690.68 2.24 2.13 -69.4 -0.417    19.17 20.36 02a60058o0115c       0   19.772943
60058.286675 20.009244      NaN   -27    12 c    0   1.33 132.1802 80.8833  6068.04  1770.43 2.30 2.17 -69.9 -0.416    19.16 20.40 02a60058o0126c       0   18.411119
60058.296887 19.367717      NaN    23    15 c    0   0.83 132.1802 80.8833  6098.05  1650.71 2.31 2.18 -62.8 -0.418    19.17 20.47 02a60058o0148c       0   20.493152