TNS Name,risetime,risetime_upper,risetime_lower,T_rise,T_rise_upper,T_rise_lower,T_fall,T_fall_upper,T_fall_lower,T_max,T_max_err,t_minus_half,t_minus_half_err,t_plus_half,t_plus_half_err,t_minus_five,t_plus_five,T_explode,T_explode_lower,T_explode_upper,fireball_power,fireball_power_lower,fireball_power_upper
2022jli,,,,8.219839741029364,0.13505878772166646,-0.13921665767972158,74.58974324643408,0.17623629946777442,-0.17799977399914724,59745.617238133054,15.77756193340438,59720.647877075244,0.34838196230388024,59804.3911466877,7.1997475760382015,59696.292141292586,,,,,,,
,,,,,,,,,,,,,,,,,,,,,,,
2023cvb,60.60682497410744,21.452928574433017,-130.43980301379372,3.2612068845166395,2.290899425530711,-3.374076977266926,75.67389664355126,4.532883257987535,-5.359058491850206,59975.41862196238,20.624971378555628,59964.87977741716,20.223215958997297,60011.47109752856,25.06679525100518,59956.22194698597,,59914.81179698827,-109.81483163523808,0.8279571958773886,1.9039372321949162,-0.17684248425086846,0.8279571958773886
2023clx,14.6428881228494,17.4281729948402,-17.587321809709895,1.8616943305065112,0.3004529868625829,-0.33702372056075247,28.76266643422053,0.909671187436544,-0.9718208487244162,59999.56347906494,16.024613606494743,59992.26466707329,0.49313192594565636,60019.970250831626,2.059891962278327,59986.545014653304,,59984.92059094209,-1.562708203215152,1.4035593883454567,1.7693322895829735,-0.22668390044449427,1.4035593883454567
2022wtn,39.27253077468049,3.6179465245689335,-4.111068081193762,7.350497229568711,0.5642139519238114,-0.5888347989459444,159.6545520828895,27.085869756026767,-32.55662533025193,59885.86353328715,1.973856928877749,59861.143495064534,0.8420461036732959,60002.81134898322,21.119375235831548,59841.520800739476,,59846.59100251247,-2.137211152316013,1.6440895956911845,1.6217169250418717,-0.22486475928674543,1.6440895956911845
2022upj,68.71928299518913,5.889216298722774,-7.163526211717569,15.337698009954865,1.490251508502082,-1.6912665547043293,229.49839637406777,59.620566457572465,-47.44741068535788,59897.47248226984,4.682635637172668,59849.86329929541,1.8734764111133568,59956.23535962318,3.705034381212506,59807.04752769138,,59828.75319927465,-2.480890574544901,1.206580661550106,1.5150422485588626,-0.1413446564906078,1.206580661550106
2022pna,20.065721492610464,16.309526925923464,-16.136359693390304,3.9331050285274514,0.6901529877126715,-0.7738334174983961,60.6096296486587,5.778914909566296,-6.688343241595788,59790.68145354423,11.16149452548653,59778.48807904476,11.518634416530091,59837.41330820733,2.6566409516960547,59767.68711028858,59980.15210578958,59770.61573205162,-4.974865167903772,5.148032400436932,1.7098989949747248,-0.315408649400859,5.148032400436932
2022lri,22.696652445862128,7.747190714519092,-9.808646951456467,3.3291732360725854,0.9651628818565374,-1.0990368466356797,79.42544716886997,2.385594698748477,-2.6359883711424885,59677.06100996071,4.252605006175144,59665.840777285775,1.8804580483205213,59735.93035949146,2.7327506409310796,59656.09021624048,59927.60336803607,59654.364357514845,-5.556041945281322,3.4945857083439478,1.762198196568515,-0.2373430591129435,3.4945857083439478
2022hvp,12.176794431885355,1.401001909257482,-1.1682120853847462,2.1496203953019983,0.17309916091127442,-0.18170262836857853,34.89792172274933,2.2846830913450376,-2.5060193030815796,59697.493757201635,0.49413751093104813,59690.85979510635,0.2366367836047491,59724.18343680045,0.7138021773015959,59684.54154647896,59805.39275664329,59685.31696276975,-0.674074574453698,0.9068643983264337,1.772802051109837,-0.25646649566146773,0.9068643983264337
2022gri,123.49764023064927,28.76840659286246,-28.777163607192062,29.064231672613012,1.9819908889142148,-2.4494148034613765,286.332138543851,19.067779055978917,-10.13285271702432,59775.15430614885,27.231464020143914,59690.008854110965,17.09281428543422,59995.51392435377,6.949588373074208,59606.643091791586,,59651.6566659182,-1.5456995870481478,1.5369425727185444,1.5032104035312404,-0.008177286040761844,1.5369425727185444
2022gdw,33.078292776524904,11.306475542160722,-8.739274891612393,11.27240206315048,2.709587634837881,-2.536969932247379,78.46160677261884,17.94098111583199,-21.889032468765265,59684.67502966844,7.016162448739731,59655.684920496045,3.9120079442004276,59749.82780605652,7.766389501108147,59626.40186607415,59896.402792917834,59651.596736891915,-1.7231124428726616,4.290313093420991,1.8114530178973542,-0.22715912111936576,4.290313093420991
2022fpx,91.40261859822203,14.415187743532217,-14.560970760070406,18.587658592190913,0.8818124711766657,-0.9734671517288014,259.7230328765452,12.039747315097628,-11.847867792373847,59802.02603467657,13.687353826313258,59743.24180243768,4.856016463815079,60000.049405184385,13.386789117507542,59686.871142867734,,59710.62341607835,-0.8736169337571482,0.727833917218959,1.5028418019001129,-0.005570528224365212,0.727833917218959
2022exr,26.934260688562063,12.966082470089335,-12.159327168299372,3.798915581518581,0.6041609769518907,-0.5533642142608572,250.92251763470065,14.107458270510818,-14.695729167930637,59668.40954282119,9.549329875973656,59651.66354124153,2.456303002618593,59845.07526259866,16.684090856623946,59640.51455121443,,59641.475282132626,-2.6099972923257155,3.416752594115678,1.786794160190379,-0.22042408945200376,3.416752594115678
2022dyt,33.44432379336649,7.332232782695979,-13.586704890606239,8.327882855578359,1.1859977964855872,-1.1779255528284818,40.674885907454524,7.025984888186144,-7.931911647705881,59663.17418459479,4.901492149917072,59641.657994395435,2.602805263488335,59701.5835942467,3.6045194747425806,59610.18965467535,59815.34354431864,59629.729860801424,-8.685212740689167,2.4307406327789067,1.5907687879551942,-0.28122589743657866,2.4307406327789067
2022dsb,11.882245386041177,5.784611296316133,-5.512633086233099,1.4853136165275085,0.35832996800586847,-3.2963948508905414,30.326182272842708,8.605507316468529,-2.9462172591568603,59636.8816363904,4.610930271519455,59630.72231063559,1.9355393039682398,59659.51010004471,1.6940062756355123,59626.21796861924,59726.05816808016,59624.999391004356,-0.9017028147136443,1.1736810247966787,1.7715779204033482,-0.24388432466061105,1.1736810247966787
2022dbl,31.82627332807897,38.88868032928241,-39.40487488262971,3.6751435091047595,0.2787079930136529,-0.30137117371878297,29.966642070662125,1.8490900014812652,-1.9836727431885883,59640.421277116526,36.4335019424596,59627.20296285045,0.43650039420042636,59662.2727676421,3.228131952055704,59615.626881496995,59735.2551056974,59608.59500378845,-2.971372940170113,2.4551783868228085,1.591091427898443,-0.11388657073158615,2.4551783868228085
2022czy,27.261318441131152,8.602147575523762,-9.245306963615352,4.096203045900211,0.46195622587009,-0.49537900006903524,117.59183370328792,7.650326098683379,-8.083554882618884,59645.56848325187,6.909365780947613,59630.39208487974,1.827186205327471,59730.934726930696,5.719116846267341,59618.46248458517,,59618.307164810736,-2.3359411826677388,1.692781794576149,1.6250729159635484,-0.24446672291673166,1.692781794576149
2022csn,43.01436622532492,8.785647246712662,-46.055671949553265,8.36329490177668,0.7422534835981516,-0.8966650582569251,81.52212719584396,9.55985989226643,-8.301145372613831,59653.45409554705,7.348847278680088,59628.500342991436,2.4073274952944503,59716.37833731331,7.009183986165827,59605.98417936273,59884.02188736072,59610.439729321726,-38.706824670873175,1.4367999680325738,1.5415169652488272,-0.36095433336977,1.4367999680325738
2022bdw,35.83082801926503,6.166026557980074,-6.0306785044546976,6.1766445702663315,0.3895526812218755,-0.40165022251760973,29.646145869562563,2.123891797712396,-2.247895385550546,59632.050549836036,3.8666069248235706,59616.22232396891,1.0786362943299004,59659.65258595288,2.3433183577531222,59595.287714436876,59734.59359002805,59596.21972181677,-2.164071579631127,2.2994196331565036,1.573893349766345,-0.10002821767530934,2.2994196331565036
2022arb,48.44422086459235,8.27649671819793,-8.561050509659733,14.64688758322594,1.0412852385031446,-0.9026475708161499,41.62824723487951,6.248320193005718,-6.9078975408612635,59643.74950810027,4.720809913157178,59608.29797686372,2.061635546758911,59688.5055062693,2.952753321948986,59564.52111145491,59764.82368280561,59595.30528723568,-3.8402405965025537,3.55568680504075,1.58576794047935,-0.32434771215842395,3.55568680504075
2022aee,36.603031800623285,5.951685606799099,-4.75645589121147,8.276105782499899,1.2380402876334147,-1.221557970781376,70.22730353658034,6.4627062234400015,-6.931028818361156,59608.62028016844,3.625384078199812,59585.38577544175,2.023325582569135,59668.00588692923,3.133935524063504,59555.68519992384,59867.56841947295,59572.01724836782,-1.1310718130116584,2.326301528599288,1.805953703755587,-0.22463893131384327,2.326301528599288
2022adm,28.47959074607934,5.766500533268584,-4.45708563322961,4.543961403511769,0.6031063676574342,-0.6674331929957296,23.010278175159264,1.293950586320154,-1.3852519658686937,59599.56332705765,2.4165336494127705,59587.92497952222,1.0276116974071645,59621.012158752004,1.6163131207121388,59571.2711080501,59682.96081906814,59571.08373631157,-2.04055198381684,3.3499668838558136,1.8748173352633586,-0.18161378703946074,3.3499668838558136
2022rz,40.6262046950651,7.850185850316776,-7.331572482269549,12.3843382663636,4.028068431250155,-4.078802332086177,52.97844044176577,8.536593430992234,-9.553323414816262,59605.28368821606,5.50502894153935,59574.59701399582,9.222101388121278,59656.57867970262,4.254524524774962,59535.09467090181,59781.673826513026,59564.657483521,-1.8265435407301993,2.345156908777426,1.8676978690346848,-0.17376322036170144,2.345156908777426
2021yzv,174.65858044201013,10.985812434616934,-140.79071343696296,24.982465236319804,6.0629870227006215,-5.876347164410561,120.59171795442803,18.163767006969493,-20.028037787167264,59502.32420731281,8.42448840008318,59440.67413063663,11.146146523673714,59611.87221351938,5.375263860025339,59372.64288226653,,59327.6656268708,-132.36622503687977,2.5613240345337545,1.9442797319319132,-0.1477322769214906,2.5613240345337545
2021uvz,47.900316215447674,25.69899914997082,-25.204461150102777,13.38462494527759,3.6592478184091135,-4.010186498748464,143.997223960003,32.74799813485771,-22.52969506628159,59458.42112554542,23.20338892319565,59414.55075965569,7.495788634341428,59556.11714863072,17.257495642546868,59381.42188151703,,59410.52080932997,-2.0010722269071266,2.4956102267751703,1.7713277090780237,-0.2682446722875529,2.4956102267751703
2021uqv,19.777661440377415,23.49147894485968,-22.037663996809258,3.3562517786280828,1.1775980840979532,-1.655601434851135,154.18577009320535,33.24284075487981,-39.540180031783706,59446.865844883134,20.009553059026345,59430.563456135256,6.7963360322959225,59554.127421947895,24.8275385078774,59419.42364648096,,59427.08818344276,-2.0281109377829125,3.481925885833334,1.841408317754023,-0.21072836395279815,3.481925885833334
2021sdu,11.215382695620065,94.27823002954509,-95.32899509121606,0.0457790682289746,0.03179446469775502,-0.04562381985724776,2.4919744984879184,0.8891613165451193,-0.8576285036098548,57598.36302438323,0.2413606998391276,57598.39143953922,0.2497767472244431,57600.35909136504,0.5470202051752263,57598.16144337475,57605.820719991985,57587.14764168761,-95.08763439137692,94.03686932970595,2.014459359495338,-0.08296415940750679,94.03686932970595
2021qxv,35.37258551798732,13.637390636307332,-13.065818817638005,9.149011119156487,3.3296967411775906,-4.144052494381514,141.85709824221806,38.98632580795649,-44.40608084168801,59370.09164097288,11.585251499148812,59340.129170796274,4.699926963153581,59476.17426778167,18.56490289344584,59315.53184083367,,59334.719055454894,-1.480567318489193,2.0521391371585196,1.8303159586037825,-0.22366463640088097,2.0521391371585196
2021nwa,33.3733697277421,15.368125794900406,-11.044137939622741,8.303700513628053,1.8464151907871402,-2.198277973431095,143.22113154684143,21.978193994106164,-22.849690459062202,59399.14257957462,9.314405139056616,59370.95186668645,3.9702411349048843,59506.93849267073,15.667640687335181,59342.79455944489,,59365.769209846876,-1.7297328005661257,6.05372065584379,1.7464470142178914,-0.2708580928285087,6.05372065584379
2021mhg,78.20653066620434,29.17766537005874,-134.7112739161755,5.1727895755730815,3.604848960841127,-4.827727028054123,38.626839464579064,4.36765578760037,-5.312249092194122,59320.35437575516,25.779544173020177,59297.57253231853,22.23998649831469,59334.30945720217,12.361739208402764,59294.35543431863,59438.86253548697,59242.147845088955,-108.9317297431553,3.398121197038563,1.9272162632027081,-0.13402766118563392,3.398121197038563
2021jsg,-0.06459783009631792,176.11169105232202,-241.8115928362482,1.6103992711336024,0.8916253189718016,-1.2071804301439566,7.565767806444067,3.473830601775581,-8.37253225438987,57799.64910755518,173.2895074043432,57802.003583735735,4.622681410072073,57800.90482312717,3.4521400009798247,57797.35676037274,57829.750840044086,57799.71370538528,-68.522085431905,2.822183647978818,1.8532502181851465,-0.1969532095434663,2.822183647978818
2021jjm,15.433657398752985,27.442370221003753,-49.161091131245,2.7299310729384088,2.2012976319007893,-4.368827447603419,68.07139279292184,12.80857010689104,-11.735078523236808,59320.23708671903,23.55317731124475,59309.84676637215,20.596598972440898,59364.68798273158,10.953158746328002,59299.400709200396,59501.81129437074,59304.80342932028,-25.60791382000025,3.8891929097590037,1.8572877925157052,-0.19098862846687825,3.8891929097590037
2021gje,23.332737726734194,9.565166852018612,-7.999965793784233,6.109748246207176,3.5883830007094053,-4.188589267208555,88.99840775839905,20.896723808807238,-27.657827219157653,59299.78777011792,6.83853870952955,59280.83462568434,7.328595657894645,59370.556299912365,8.959987319748242,59258.605959747496,,59276.45503239118,-1.161427084254683,2.726628142489062,1.892548157322648,-0.1804060662246676,2.726628142489062
2021ehb,22.219562817102997,23.024389685832347,-21.272213100203288,3.25625686935207,1.66318711694143,-1.8932481818825329,239.84967061167015,22.942422006147694,-26.084732594638467,59291.60937634192,19.9048563306155,59276.2495560429,3.80057812512978,59457.70892003704,19.705727670917664,59266.14747614028,,59269.38981352482,-1.3673567695877864,3.119533355216845,1.7845609742201145,-0.25477981644577974,3.119533355216845
2021blz,12.823050810642599,18.394803022147496,-17.314599509071083,1.5844754765022384,0.4528298143291436,-0.6449918724676387,31.36788360274884,6.742216799728965,-7.895133482802137,59251.86612596313,15.44676031157385,59245.76480328645,11.021135850269944,59273.00444073531,4.432156849894366,59239.74332559118,59351.17706336673,59239.04307515249,-1.8678391974972328,2.9480427105736453,1.7565992537105892,-0.23052316855069965,2.9480427105736453
2021axu,40.01793738107517,10.406992994053798,-12.427887264458622,10.36496580234154,2.1971212357032,-2.4030325026981654,66.27089063447002,9.780290228921544,-11.878765616828616,59246.26221492675,4.916536325692068,59219.63371179674,3.1098767398501823,59302.925446252564,5.146012854047394,59189.758733256516,59443.49360131262,59206.24427754567,-7.5113509387665545,5.49045666836173,1.6683792093492114,-0.3432708223933403,5.49045666836173
2021ack,40.88941702961165,11.911554596372603,-31.764162196094127,10.20985727997224,4.335994038221726,-4.909216639258801,55.21121589777529,12.3584106102347,-15.277188348600603,59229.890042889674,10.494434137778022,59204.451111668146,9.962244947375373,59279.292440521785,6.986389279819714,59174.64437295391,59401.72245975151,59189.00062586006,-21.269728058316105,1.4171204585945816,1.8815211543585868,-0.18594857512505203,1.4171204585945816
2021lo,44.54529645605362,17.116450520537974,-34.75058841837751,9.515461734621375,2.9811296029024072,-2.774613946345358,132.64762769330676,20.13197279972337,-19.963244663307847,59259.61722284596,15.00363845385443,59229.52123526286,4.345477743393378,59349.74803940109,16.272025857286057,59199.0635683487,,59215.07192638991,-19.746949964523083,2.1128120666835457,1.7913789688744655,-0.22439820204649186,2.1128120666835457
2020acka,68.85928344387503,34.6159019572707,-78.73011972415873,7.068685078781169,4.787727052409924,-7.48264980458495,260.5848758708149,42.59403545676639,-27.81924589187554,59204.26947333591,32.99049387463777,59177.11026659677,29.103160633730045,59344.71006413875,65.60989855018684,59154.5218767475,,59135.410189892034,-45.73962584952096,1.62540808263293,1.8848019806280654,-0.1865257183115414,1.62540808263293
