         MJD         m       dm    uJy  duJy F  err  chi/N       RA      Dec        x        y  maj  min   phi  apfit  mag5sig   Sky            Obs    Mask
57314.566248 19.510313      NaN      1    19 c    0   0.86 105.8277 23.02908  7183.50  4196.58 4.10 3.94   8.3 -0.435    19.34 21.24 02a57314o0534c       0
57314.588577 19.472870      NaN     10    17 c    0   1.11 105.8277 23.02908  7178.03  4201.64 4.11 4.00   1.0 -0.437    19.34 21.23 02a57314o0567c       0
57314.617953 19.197966      NaN     18    20 c    0   1.06 105.8277 23.02908  8643.08  2745.13 4.54 3.92  24.3 -0.457    19.34 21.16 02a57314o0603c       0
57314.650400 18.356290      NaN   -123    55 c    0   1.38 105.8277 23.02908  8643.13  2752.92 4.34 3.74  25.2 -0.478    18.25 18.91 02a57314o0640c       0
57390.401535 19.922338      NaN     -4    13 c    0   1.14 105.8277 23.02908  6878.11  4541.73 3.72 3.52  84.3 -0.405    19.53 21.45 02a57390o0328c       0
57390.414674 19.766969      NaN     -7    15 c    0   0.90 105.8277 23.02908  6595.86  3965.79 3.72 3.64 -86.2 -0.405    19.54 21.48 02a57390o0349c       0
57390.430757 19.841877      NaN     -9    14 c    0   0.95 105.8277 23.02908  7463.84  5129.97 3.75 3.48  87.8 -0.401    19.56 21.50 02a57390o0374c       0
57391.389546 19.766969      NaN    -14    15 c    0   0.90 105.8277 23.02908  6876.11  4539.59 3.70 3.59  82.4 -0.414    19.52 21.43 02a57391o0314c       0
57391.406304 19.549093      NaN     12    15 c    0   0.90 105.8277 23.02908  6595.81  3963.46 3.65 3.60 -86.1 -0.416    19.56 21.48 02a57391o0340c       0
57391.423805 19.791368      NaN      4    14 c    0   1.16 105.8277 23.02908  7464.93  5127.17 3.75 3.45  85.3 -0.405    19.56 21.50 02a57391o0352c       0
57391.429493 19.631075      NaN     11    14 c    0   1.36 105.8277 23.02908  7760.09  3385.07 3.75 3.69  32.0 -0.405    19.56 21.52 02a57391o0361c       0
57392.381987 19.631075      NaN    -21    17 c    0   1.18 105.8277 23.02908  6871.10  4468.43 4.33 4.28  82.0 -0.395    19.31 21.33 02a57392o0208c       0
57392.398858 19.051202      NaN     38    17 c    0   0.99 105.8277 23.02908  6566.63  3881.60 4.36 4.27 -10.1 -0.385    19.35 21.38 02a57392o0234c    4096
57392.415486 19.841877      NaN    -18    14 c    0   1.25 105.8277 23.02908  7410.85  5036.98 3.81 3.53  87.3 -0.422    19.50 21.42 02a57392o0260c       0
57392.442501 19.696897      NaN     -9    16 c    0   1.15 105.8277 23.02908  2849.56  7182.94 4.01 3.73 -59.7 -0.412    19.49 21.42 02a57392o0300c       0
57402.413397 19.841877      NaN    -18    14 c    0   1.35 105.8277 23.02908  3877.50  6164.57 3.81 3.53 -72.4 -0.414    19.60 21.53 02a57402o0357c       0
57402.440055 19.841877      NaN     -6    14 c    0   1.21 105.8277 23.02908  4155.09  6743.72 3.70 3.48 -85.5 -0.409    19.60 21.52 02a57402o0395c       0
57402.462176 19.271854      NaN     31    14 c    0   1.04 105.8277 23.02908  3281.58  5591.69 3.84 3.61 -57.0 -0.397    19.57 21.51 02a57402o0425c       0
57402.474030 19.696897      NaN     -9    16 c    0   0.83 105.8277 23.02908  2977.21  7334.01 3.78 3.56 -80.1 -0.415    19.57 21.48 02a57402o0439c       0
57403.414066 19.922338      NaN     -3    13 c    0   1.20 105.8277 23.02908  6864.91  4563.84 3.65 3.53  88.6 -0.428    19.53 21.40 02a57403o0356c       0
57403.436454 19.841877      NaN     -7    14 c    0   1.08 105.8277 23.02908  4158.01  6743.55 3.79 3.53 -72.4 -0.414    19.59 21.55 02a57403o0390c       0
57403.444718 19.589310      NaN     13    14 c    0   1.22 105.8277 23.02908  3283.72  5584.66 3.94 3.60 -59.2 -0.407    19.58 21.55 02a57403o0401c       0
57403.471368 19.367717      NaN     19    16 c    0   0.90 105.8277 23.02908  2978.92  7331.18 3.94 3.62 -74.0 -0.419    19.55 21.54 02a57403o0437c       0
57420.409854 19.766969      NaN     -4    15 c    0   0.91 105.8277 23.02908  3447.98  6609.64 3.93 3.68 -73.1 -0.387    19.58 21.61 02a57420o0286c       0
57420.428806 19.696897      NaN    -16    16 c    0   0.80 105.8277 23.02908  3144.78  6030.81 3.89 3.62 -70.5 -0.390    19.59 21.59 02a57420o0314c       0
57420.456155 19.766969      NaN     -9    15 c    0   1.11 105.8277 23.02908  4304.55  5449.62 4.11 3.92 -68.8 -0.364    19.48 21.54 02a57420o0356c       0
57420.462941 19.791368      NaN      4    14 c    0   1.13 105.8277 23.02908  4143.83  5587.74 3.94 3.73 -71.3 -0.371    19.52 21.53 02a57420o0366c       0
57427.394300 19.674510      NaN      3    16 c    0   0.94 105.8277 23.02908  3239.73  6562.72 3.82 3.56 -60.8 -0.412    19.54 21.46 02a57427o0325c       0
57427.417987 19.766969      NaN     -2    15 c    0   1.18 105.8277 23.02908  3001.12  5994.89 3.81 3.56 -60.3 -0.413    19.56 21.49 02a57427o0361c       0
57427.434078 19.652575      NaN      7    15 c    0   1.07 105.8277 23.02908  4185.49  5420.16 3.74 3.55 -59.5 -0.406    19.55 21.47 02a57427o0387c       0
57427.459365 19.743105      NaN      3    15 c    0   0.89 105.8277 23.02908  4191.56  5493.44 3.72 3.53 -59.1 -0.410    19.52 21.41 02a57427o0427c       0
57432.379802 19.696897      NaN     -6    16 c    0   1.17 105.8277 23.02908  3368.77  6589.27 3.81 3.55 -55.6 -0.417    19.30 20.97 02a57432o0310c       0
57432.399232 19.569016      NaN      0    18 c    0   1.04 105.8277 23.02908  3120.95  6019.40 4.06 3.73 -49.5 -0.400    19.31 21.08 02a57432o0339c       0
57432.419834 19.302877      NaN     29    14 c    0   1.08 105.8277 23.02908  4313.37  5448.57 3.75 3.57 -45.8 -0.419    19.51 21.41 02a57432o0370c       0
57432.437811 19.674510      NaN      3    16 c    0   1.04 105.8277 23.02908  4148.16  5478.46 3.97 3.71 -40.6 -0.399    19.45 21.40 02a57432o0399c       0
57433.367303 19.302877      NaN      5    22 c    0   1.03 105.8277 23.02908  3101.82  6315.23 4.04 3.74 -55.5 -0.433    19.02 20.53 02a57433o0288c       0
57433.385538 19.256669      NaN    -12    24 c    0   0.93 105.8277 23.02908  2854.36  5744.40 4.23 3.83 -49.3 -0.412    18.99 20.53 02a57433o0317c       0
57433.397444 19.038793      NaN     15    25 c    0   0.81 105.8277 23.02908  4031.95  5166.40 4.28 4.02 -46.1 -0.391    18.96 20.54 02a57433o0336c       0
57433.421821 19.401649      NaN    -30    21 c    0   0.96 105.8277 23.02908  4125.73  5472.56 3.96 3.71 -50.6 -0.419    19.06 20.61 02a57433o0374c       0
57450.345926 19.454622      NaN     14    16 c    0   0.96 105.8277 23.02908  3364.73  6667.03 3.88 3.51 -64.1 -0.445    19.56 21.53 02a57450o0286c       0
57450.363235 19.766969      NaN    -19    15 c    0   0.95 105.8277 23.02908  3080.97  6089.89 3.83 3.49 -57.5 -0.447    19.57 21.53 02a57450o0320c       0
57450.405472 19.743105      NaN      3    15 c    0   1.14 105.8277 23.02908  4104.32  5569.86 3.68 3.48 -51.0 -0.414    19.52 21.40 02a57450o0395c       0
57451.337129 19.549093      NaN      6    17 c    0   1.00 105.8277 23.02908  3151.30  6782.77 3.88 3.54 -61.3 -0.458    19.52 21.47 02a57451o0273c       0
57451.355413 19.631075      NaN      2    17 c    0   0.84 105.8277 23.02908  2866.85  6206.02 3.97 3.55 -54.8 -0.459    19.49 21.43 02a57451o0307c       0
57451.366344 19.631075      NaN    -23    17 c    0   0.88 105.8277 23.02908  4027.55  5623.89 3.77 3.52 -55.2 -0.454    19.50 21.42 02a57451o0326c       0
57451.389848 19.549093      NaN      9    16 c    0   0.99 105.8277 23.02908  4101.12  5568.95 3.79 3.51 -51.2 -0.437    19.49 21.37 02a57451o0369c       0
57455.333553 19.051202      NaN    -20    29 c    0   0.77 105.8277 23.02908  3154.07  6628.07 3.94 3.61 -63.6 -0.448    18.96 20.84 02a57455o0239c       0
57455.350917 18.944322      NaN    -33    32 c    0   0.96 105.8277 23.02908  2870.73  6052.00 3.98 3.60 -55.0 -0.447    18.83 20.69 02a57455o0273c       0
57455.370855 18.944322      NaN    -26    32 c    0   1.00 105.8277 23.02908  4033.65  5469.89 3.80 3.57 -52.1 -0.450    18.72 20.48 02a57455o0308c       0
57455.394990 18.445391      NaN      7    49 c    0   0.78 105.8277 23.02908  4102.27  5570.35 3.70 3.48 -54.7 -0.449    18.26 19.97 02a57455o0347c       0
57479.283069 19.089302      NaN     26    20 c    0   0.88 105.8277 23.02908  2990.56  6944.00 3.88 3.48 -70.1 -0.475    19.31 21.07 02a57479o0095c       0
57479.300724 19.155932      NaN     12    23 c    0   0.76 105.8277 23.02908  2706.52  6386.74 3.94 3.50 -62.2 -0.470    19.27 21.04 02a57479o0130c       0
57479.318455 19.038793      NaN     33    19 c    0   1.11 105.8277 23.02908  3870.70  5785.13 3.86 3.54 -57.7 -0.470    19.25 20.99 02a57479o0165c       0
57479.337028 19.351140      NaN    -11    22 c    0   0.89 105.8277 23.02908  4087.19  5556.91 3.93 3.62 -39.8 -0.495    19.23 20.98 02a57479o0200c       0
57483.258177 19.401649      NaN    -33    21 c    0   0.84 105.8277 23.02908  3333.81  7004.33 3.90 3.77 -79.8 -0.452    19.28 21.06 02a57483o0103c    8192
57483.312150 19.454622      NaN      8    18 c    0   1.17 105.8277 23.02908  4089.79  5556.14 3.94 3.67 -57.6 -0.479    19.24 21.01 02a57483o0150c    8192
57487.251197 19.401649      NaN    -33    21 c    0   1.17 105.8277 23.02908  3289.68  6695.10 4.10 3.90 -72.6 -0.463    19.16 20.87 02a57487o0092c       0
57487.268039 19.454622      NaN    -40    20 c    0   0.99 105.8277 23.02908  3003.57  6114.61 3.97 3.65 -54.8 -0.456    19.20 20.87 02a57487o0124c       0
57487.285648 19.351140      NaN     -1    22 c    0   0.98 105.8277 23.02908  4162.78  5533.18 3.92 3.67 -56.3 -0.487    19.19 20.87 02a57487o0157c       0
57487.304659 19.271854      NaN     10    21 c    0   1.08 105.8277 23.02908  4090.22  5556.25 4.02 3.74 -58.1 -0.480    19.15 20.84 02a57487o0190c       0
57489.245986 18.921935      NaN     31    23 c    0   1.10 105.8277 23.02908  3355.55  6541.16 4.13 3.88 -79.4 -0.492    19.01 20.64 02a57489o0075c       0
57489.260341 19.302877      NaN     -2    23 c    0   0.96 105.8277 23.02908  3073.37  5961.33 4.05 3.71 -68.2 -0.473    19.07 20.66 02a57489o0103c       0
57489.277550 19.128787      NaN    -30    27 c    0   1.01 105.8277 23.02908  4232.80  5380.65 4.12 3.50  22.8 -0.458    18.85 20.70 02a57489o0136c       0
57489.295520 19.318728      NaN      4    22 c    0   1.02 105.8277 23.02908  4086.51  5557.83 3.92 3.65 -68.6 -0.492    19.06 20.75 02a57489o0169c       0
57507.288892 19.142275      NaN     10    24 c    0   0.99 105.8277 23.02908  3480.37  6432.49 3.88 3.62 -59.8 -0.460    19.00 20.65 02a57507o0139c    8192
57509.236560 18.336727      NaN    -92    56 c    0   1.02 105.8277 23.02908  3480.51  6434.71 3.98 3.74 -78.8 -0.442    18.25 19.19 02a57509o0051c       0
57509.243166 19.089302      NaN      5    27 c    0   0.97 105.8277 23.02908  3517.55  6395.00 3.95 3.71 -70.8 -0.443    18.83 20.26 02a57509o0064c       0
57509.253272 18.910912      NaN     32    23 c    0   1.12 105.8277 23.02908  3463.68  6375.04 3.90 3.67 -67.6 -0.449    19.03 20.67 02a57509o0084c       0
57509.266241 19.051202      NaN     29    20 c    0   1.31 105.8277 23.02908  3552.80  6450.54 3.89 3.61 -66.6 -0.457    19.02 20.65 02a57509o0110c       0
57509.282724 19.256669      NaN    -15    24 c    0   0.95 105.8277 23.02908  3446.66  6468.54 3.79 3.55 -65.1 -0.464    18.98 20.57 02a57509o0143c       0
57510.256171 19.197966 0.357150     78    25 c    0   0.93 105.8277 23.02908  3486.14  6430.03 3.97 3.68 -65.9 -0.465    18.98 20.62 02a57510o0082c       0
57510.271424 19.183773      NaN      4    25 c    0   1.03 105.8277 23.02908  3520.82  6388.89 3.91 3.64 -66.8 -0.467    18.95 20.58 02a57510o0112c       0
57510.288518 19.128787      NaN      2    27 c    0   1.08 105.8277 23.02908  3466.84  6369.54 4.03 3.75 -54.9 -0.464    18.86 20.52 02a57510o0146c       0
57511.274829 18.967180      NaN     18    26 c    0   1.04 105.8277 23.02908  5334.97  6607.69 4.07 3.78 -80.2 -0.464    18.89 20.54 02a57511o0129c    8192
57511.286306 18.889197      NaN     19    28 c    0   0.85 105.8277 23.02908  5317.05  6569.27 3.93 3.62 -79.3 -0.465    18.88 20.47 02a57511o0152c    8192
57513.243182 18.786693      NaN    -35    37 c    0   1.02 105.8277 23.02908  3395.81  5469.58 4.03 3.73 -66.5 -0.474    18.62 19.88 02a57513o0055c       0
57513.251557 19.212347      NaN     -3    25 c    0   0.97 105.8277 23.02908  3378.73  5430.07 3.97 3.69 -60.8 -0.475    18.92 20.45 02a57513o0071c       0
57513.262076 19.051202      NaN    -10    29 c    0   0.79 105.8277 23.02908  3431.41  5506.13 3.96 3.64 -59.7 -0.467    18.95 20.53 02a57513o0092c       0
57513.274855 18.900000      NaN     24    26 c    0   1.07 105.8277 23.02908  3448.78  5387.55 4.06 3.75 -52.8 -0.468    18.93 20.56 02a57513o0117c       0
57669.635377 19.696897      NaN     -9    16 c    0   0.68 105.8277 23.02908  6130.38  4539.81 3.72 3.50 -83.9 -0.410    19.41 21.15 02a57669o0757c    8192
57685.584048 19.401649      NaN     -2    21 c    0   1.03 105.8277 23.02908  8914.68  3224.13 3.98 3.57 -83.4 -0.402    19.17 20.79 02a57685o0713c       0
57685.600030 19.128787      NaN     26    19 c    0   1.15 105.8277 23.02908  8928.45  3268.72 4.02 3.60 -83.5 -0.398    19.20 20.85 02a57685o0736c       0
57685.616127 19.351140      NaN      2    22 c    0   0.93 105.8277 23.02908  8876.53  3190.77 3.98 3.56 -82.6 -0.407    19.15 20.77 02a57685o0759c       0
57685.632300 19.454622      NaN    -33    20 c    0   1.12 105.8277 23.02908  8854.92  3308.47 3.97 3.56 -82.2 -0.409    19.15 20.76 02a57685o0782c       0
57685.648336 18.286218      NaN     19    53 c    0   1.17 105.8277 23.02908  1624.74  7197.49 4.60 3.86   7.0 -0.428    18.30 19.41 02a57685o0805c       0
57689.582279 19.766969      NaN     -3    15 c    0   1.15 105.8277 23.02908  8116.80  4435.57 3.70 3.33 -79.9 -0.435    19.58 21.36 02a57689o0720c       0
57689.598065 19.766969      NaN    -12    15 c    0   1.10 105.8277 23.02908  8132.23  4479.70 3.80 3.41 -80.2 -0.421    19.56 21.35 02a57689o0744c       0
57689.613471 19.674510      NaN      6    15 c    0   1.10 105.8277 23.02908  2441.87  6045.83 3.73 3.56  47.7 -0.443    19.54 21.33 02a57689o0768c       0
57689.629663 19.696897      NaN    -21    16 c    0   1.37 105.8277 23.02908  2455.12  5932.13 3.82 3.61  25.2 -0.433    19.47 21.24 02a57689o0792c       0
57689.646116 19.351140      NaN     -1    22 c    0   0.94 105.8277 23.02908  2418.04  5987.37 3.60 3.50  42.6 -0.466    19.15 20.55 02a57689o0816c       0
57693.572530 14.977151      NaN   1748   654 c    0   1.17 105.8277 23.02908  5909.60  3613.41 3.95 3.77  88.6 -0.367    15.94 17.60 02a57693o0683c       2
57693.589426 19.841877      NaN    -10    14 c    0   1.07 105.8277 23.02908  5925.38  3657.33 4.08 3.91 -90.0 -0.366    19.48 21.39 02a57693o0709c       0
57693.604865 19.631075      NaN     -7    17 c    0   1.07 105.8277 23.02908  4648.64  6871.81 3.92 3.86  24.5 -0.391    19.40 21.27 02a57693o0733c       0
57693.620920 19.367717      NaN     10    19 c    0   1.12 105.8277 23.02908  4662.45  6756.04 3.81 3.76  29.2 -0.408    19.32 21.12 02a57693o0757c       0
57693.637151 18.542463      NaN     24    39 c    0   1.21 105.8277 23.02908  4624.01  6811.98 4.03 3.97  68.0 -0.386    18.24 19.95 02a57693o0781c       0
57697.570415 19.696897      NaN    -40    16 c    0   1.18 105.8277 23.02908  6679.04  5726.07 3.77 3.54 -81.7 -0.411    19.66 21.59 02a57697o0482c       0
57697.577393 19.696897      NaN    -52    16 c    0   1.38 105.8277 23.02908  6696.46  5767.36 3.78 3.55 -76.4 -0.421    19.65 21.59 02a57697o0493c       0
57697.592714 19.766969      NaN     -3    15 c    0   0.87 105.8277 23.02908  3872.12  4763.52 3.82 3.65  77.9 -0.404    19.65 21.56 02a57697o0517c       0
57697.608350 19.674510      NaN      6    15 c    0   0.92 105.8277 23.02908  3886.97  4647.79 3.88 3.74  76.8 -0.398    19.62 21.54 02a57697o0541c       0
57697.623860 19.841877      NaN    -10    14 c    0   1.40 105.8277 23.02908  3849.46  4703.91 3.78 3.68  81.3 -0.413    19.63 21.54 02a57697o0565c       0
57721.520337 19.569016      NaN    -67    18 c    0   1.11 105.8277 23.02908  7645.25  2454.90 5.13 4.95 -82.6 -0.334    19.38 21.71 02a57721o0604c    4096
57721.528704 19.076453      NaN     36    17 c    0   1.02 105.8277 23.02908  2853.73  7954.15 4.97 4.77  11.6 -0.336    19.45 21.74 02a57721o0619c       0
57721.536960 19.183773      NaN     16    21 c    0   1.13 105.8277 23.02908  2905.47  8035.72 5.02 4.57   9.6 -0.341    19.20 21.43 02a57721o0634c       0
57721.549403 19.241693      NaN     15    20 c    0   0.84 105.8277 23.02908  2920.24  7916.91 4.97 4.44  -0.7 -0.340    19.44 21.67 02a57721o0656c       0
57745.456856 19.334813      NaN     27    14 c    0   0.76 105.8277 23.02908  5572.39  4444.71 3.78 3.62 -89.6 -0.395    19.67 21.61 02a57745o0501c       0
57745.471215 19.589310      NaN     10    15 c    0   1.14 105.8277 23.02908  4927.76  5968.99 3.96 3.89   9.9 -0.384    19.60 21.61 02a57745o0526c       0
57745.483943 19.766969      NaN    -12    15 c    0   1.04 105.8277 23.02908  4979.01  6046.70 3.76 3.72   8.0 -0.402    19.65 21.61 02a57745o0549c       0
57745.504980 19.401649      NaN     20    15 c    0   0.96 105.8277 23.02908  4995.42  5931.10 3.82 3.77  54.2 -0.394    19.64 21.63 02a57745o0588c       0
57745.517539 19.719755      NaN      4    15 c    0   1.31 105.8277 23.02908  4961.73  5991.16 4.39 3.86  -1.6 -0.388    19.53 21.58 02a57745o0610c       0
57753.438683 19.696897      NaN    -21    16 c    0   1.13 105.8277 23.02908  2597.04  6745.30 3.78 3.66  59.8 -0.406    19.54 21.48 02a57753o0347c    8192
57753.453179 17.313807      NaN     22   137 c    0   1.03 105.8277 23.02908  2579.46  6706.19 3.80 3.69  62.0 -0.396    17.14 18.92 02a57753o0373c       2
57753.475869 16.761202      NaN   -206   239 c    0   0.93 105.8277 23.02908  2634.93  6786.55 3.73 3.62  58.8 -0.406    16.64 18.37 02a57753o0414c       2
57753.486678 16.226755      NaN    -44   391 c    0   0.79 105.8277 23.02908  2650.48  6670.05 3.74 3.65  64.4 -0.397    16.17 17.87 02a57753o0434c       2
57753.498654 17.664614      NaN     -5   104 c    0   0.95 105.8277 23.02908  2615.37  6731.96 3.75 3.64  57.7 -0.408    17.61 19.35 02a57753o0456c       2
57757.443225 19.922338      NaN     -4    13 c    0   1.21 105.8277 23.02908  4958.79  6780.64 3.61 3.53  77.9 -0.424    19.65 21.52 02a57757o0457c       0
57757.451813 19.743105      NaN      6    14 c    0   1.25 105.8277 23.02908  4922.67  6743.58 3.59 3.52  83.3 -0.427    19.63 21.49 02a57757o0472c       0
57757.460744 19.766969      NaN    -11    15 c    0   1.11 105.8277 23.02908  4995.20  6821.85 3.59 3.53  73.0 -0.432    19.63 21.49 02a57757o0489c       0
57757.483272 19.696897      NaN      0    16 c    0   0.91 105.8277 23.02908  5015.22  6709.05 3.57 3.51  79.5 -0.434    19.59 21.42 02a57757o0530c       0
57757.494018 19.631075      NaN      8    15 c    0   1.00 105.8277 23.02908  4978.56  6762.35 4.00 3.62   0.2 -0.418    19.52 21.40 02a57757o0548c       0
57777.409150 19.631075      NaN      1    17 c    0   0.83 105.8277 23.02908  2214.28  5314.58 3.87 3.74  77.5 -0.390    19.60 21.60 02a57777o0410c       0
57777.425839 19.631075      NaN      8    15 c    0   0.90 105.8277 23.02908  2196.01  5274.91 3.88 3.75  75.8 -0.386    19.58 21.60 02a57777o0440c       0
57777.438760 19.841877      NaN     -6    14 c    0   1.06 105.8277 23.02908  2249.96  5355.76 3.86 3.71  79.4 -0.387    19.59 21.59 02a57777o0463c       0
57777.450234 19.841877      NaN    -22    14 c    0   1.21 105.8277 23.02908  2270.48  5237.16 3.81 3.70  75.1 -0.389    19.58 21.56 02a57777o0483c       0
57777.460056 19.472870      NaN     19    14 c    0   0.92 105.8277 23.02908  2236.17  5297.10 3.75 3.61  82.6 -0.397    19.59 21.55 02a57777o0501c       0
57781.390142 19.841877      NaN    -10    14 c    0   1.20 105.8277 23.02908  2553.96  5583.41 3.82 3.62  61.1 -0.402    19.70 21.69 02a57781o0311c       0
57781.417979 19.589310      NaN     10    15 c    0   0.93 105.8277 23.02908  2538.60  5546.03 3.84 3.66  64.0 -0.398    19.73 21.74 02a57781o0360c       0
57781.427979 19.609992      NaN      9    15 c    0   1.00 105.8277 23.02908  2610.59  5620.15 3.87 3.68  64.2 -0.395    19.71 21.73 02a57781o0378c       0
57781.439073 19.766969      NaN    -10    15 c    0   0.89 105.8277 23.02908  2628.63  5507.70 3.84 3.64  67.2 -0.399    19.71 21.72 02a57781o0398c       0
57781.461196 19.841877      NaN    -12    14 c    0   0.91 105.8277 23.02908  2579.19  5564.31 3.76 3.59  65.2 -0.402    19.70 21.67 02a57781o0437c       0
57805.353070 19.183773      NaN     25    18 c    0   0.86 105.8277 23.02908  2821.33  7911.82 3.80 3.67  41.4 -0.416    19.59 21.52 02a57805o0258c       0
57805.369341 19.766969      NaN    -10    15 c    0   1.12 105.8277 23.02908  2807.34  7870.72 3.82 3.69  40.9 -0.415    19.54 21.48 02a57805o0289c       0
57805.381619 19.491430      NaN      6    18 c    0   0.97 105.8277 23.02908  2861.62  7950.15 3.99 3.89  55.4 -0.394    19.52 21.50 02a57805o0311c       0
57805.393821 19.631075      NaN      1    17 c    0   0.97 105.8277 23.02908  2881.54  7831.04 3.87 3.74  44.9 -0.407    19.55 21.50 02a57805o0331c       0
57805.416612 19.472870      NaN     13    16 c    0   0.92 105.8277 23.02908  2847.03  7887.51 3.74 3.61  42.9 -0.423    19.56 21.48 02a57805o0372c       0
57809.354661 15.946821      NaN   -600   506 c    0   0.93 105.8277 23.02908  3090.33  5623.32 3.83 3.67  78.6 -0.384    15.89 17.61 02a57809o0258c       2
57809.361766 18.280067      NaN      8    57 c    0   1.03 105.8277 23.02908  3074.35  5584.50 3.79 3.64  71.6 -0.386    17.91 19.67 02a57809o0271c    8192
57809.383317 16.289631      NaN   -626   369 c    0   1.15 105.8277 23.02908  3130.75  5661.30 3.70 3.58  68.1 -0.390    16.25 17.86 02a57809o0310c       2
57809.395073 14.200254      NaN   2996  1530 c    0   0.85 105.8277 23.02908  3150.46  5541.38 3.83 3.79  67.2 -0.383    17.16 18.91 02a57809o0330c       2
57809.405151 18.459772      NaN   -102    50 c    0   1.23 105.8277 23.02908  3115.39  5600.76 3.77 3.69  37.1 -0.386    17.99 19.72 02a57809o0348c    8192
57817.268027 19.169763      NaN    -57    26 c    0   1.05 105.8277 23.02908  6779.73  5343.85 4.13 4.02  77.9 -0.389    18.93 20.46 02a57817o0016c    8192
57817.275938 19.169763      NaN    -35    26 c    0   1.05 105.8277 23.02908  6812.31  5287.03 4.16 3.93  85.3 -0.400    18.95 20.46 02a57817o0031c    8192
57833.303452 19.401649      NaN     14    17 c    0   1.00 105.8277 23.02908  3197.35  4717.26 3.77 3.57  72.7 -0.398    18.92 20.64 02a57833o0150c       0
57833.315512 19.436675      NaN      6    19 c    0   0.94 105.8277 23.02908  3182.00  4677.57 4.17 3.76   5.3 -0.388    18.84 20.63 02a57833o0172c       0
57833.325361 19.696897      NaN      0    16 c    0   1.12 105.8277 23.02908  3236.60  4757.45 3.69 3.54  70.1 -0.407    18.93 20.63 02a57833o0190c       0
57833.346239 19.549093      NaN      6    17 c    0   1.13 105.8277 23.02908  3259.79  4639.85 4.17 3.77   5.4 -0.378    18.80 20.60 02a57833o0229c       0
57833.357873 19.367717      NaN     13    18 c    0   0.87 105.8277 23.02908  3226.20  4693.21 3.73 3.62  56.7 -0.408    18.87 20.57 02a57833o0251c       0
57837.327987 19.401649      NaN    -15    21 c    0   1.05 105.8277 23.02908  2501.36  5838.72 3.88 3.71  72.8 -0.389    18.75 20.39 02a57837o0123c       0
57837.338936 19.334813      NaN      9    20 c    0   1.25 105.8277 23.02908  2520.65  5720.50 3.85 3.68  70.3 -0.392    18.74 20.38 02a57837o0144c       0
57837.347282 19.454622      NaN    -10    20 c    0   1.41 105.8277 23.02908  2485.43  5780.01 3.90 3.75  70.7 -0.389    18.71 20.34 02a57837o0159c       0
57841.291465 19.318728      NaN     13    19 c    0   1.18 105.8277 23.02908  2421.60  7140.33 3.85 3.65  49.5 -0.415    18.82 20.52 02a57841o0120c       0
57841.303529 19.351140      NaN    -21    22 c    0   0.92 105.8277 23.02908  2405.27  7100.91 3.80 3.63  50.4 -0.418    18.81 20.48 02a57841o0143c       0
57841.318186 19.256669      NaN      5    23 c    0   0.86 105.8277 23.02908  2462.26  7175.21 3.78 3.60  51.1 -0.420    18.79 20.46 02a57841o0171c       0
57841.326514 19.351140      NaN    -19    22 c    0   1.03 105.8277 23.02908  2480.47  7061.04 3.93 3.75  60.2 -0.397    18.76 20.46 02a57841o0187c       0
57841.347535 19.401649      NaN    -17    21 c    0   1.32 105.8277 23.02908  2445.09  7118.55 3.87 3.69  57.4 -0.408    18.73 20.38 02a57841o0227c       0
57845.232142 18.131260      NaN     64    47 c    0   0.92 105.8277 23.02908  5249.44  6266.28 4.24 3.99  69.0 -0.480    18.17 19.24 02a57845o0027c       0
57845.237434 18.816441      NaN    -28    36 c    0   1.18 105.8277 23.02908  5232.30  6227.56 5.38 4.35  -1.4 -0.415    18.16 19.62 02a57845o0036c       0
57845.245288 18.558199      NaN     25    38 c    0   0.90 105.8277 23.02908  5286.55  6307.98 4.73 4.18   3.4 -0.482    18.31 19.76 02a57845o0050c       0
57845.254097 18.136622      NaN     78    42 c    0   0.94 105.8277 23.02908  5303.45  6187.61 6.19 4.63  -3.6 -0.402    18.10 19.77 02a57845o0066c       0
57845.263972 18.816441      NaN      0    36 c    0   0.98 105.8277 23.02908  5269.86  6244.52 4.21 3.86  80.8 -0.495    18.41 19.73 02a57845o0084c       0
57865.306863 19.510313      NaN     -6    19 c    0   1.01 105.8277 23.02908  4138.72  5233.74 3.11 2.95  21.6 -0.475    18.86 19.96 02a57865o0095c    8192
57865.321895 17.664614      NaN    -43   104 c    0   0.97 105.8277 23.02908  4105.72  5288.60 3.27 3.14  27.1 -0.477    17.11 18.23 02a57865o0122c       2
58043.645509 19.128787      NaN     11    24 c    0   0.92 105.8277 23.02908  8212.98   323.37 3.13 3.04  84.9 -0.371    19.06 20.39 02a58043o0006c    8192
58043.651931 18.317510      NaN    -33    57 c    0   1.19 105.8277 23.02908  2480.03 10014.37 2.85 2.73   7.4 -0.459    17.87 18.89 02a58043o0018c    8192
58043.654927 17.252588      NaN    -58   152 c    0   1.33 105.8277 23.02908  8197.40   441.48 3.30 3.17  88.7 -0.466    16.97 18.03 02a58043o0024c       2
58071.576434 20.103715      NaN      8     9 c    0   1.03 105.8277 23.02908  5433.71  7160.13 2.46 2.29  33.0 -0.482    19.73 21.45 02a58071o0697c       0
58071.584935 20.039830      NaN     10     9 c    0   1.33 105.8277 23.02908  5074.75  3309.59 2.82 2.63  45.9 -0.404    19.59 21.37 02a58071o0714c       0
58071.585848 20.449472      NaN     -8     8 c    0   1.36 105.8277 23.02908  5021.51  3230.99 2.78 2.59  42.0 -0.405    19.65 21.42 02a58071o0716c       0
58075.559078 20.449472      NaN      1     8 c    0   1.02 105.8277 23.02908  5414.33  8210.52 2.43 2.26  27.1 -0.480    19.75 21.36 02a58075o0673c       0
58075.569673 20.449472      NaN    -16     8 c    0   1.05 105.8277 23.02908  5046.29  2182.37 2.53 2.37  58.2 -0.415    19.73 21.40 02a58075o0694c       0
58075.570585 20.039830      NaN     13     8 c    0   1.10 105.8277 23.02908  5099.45  2260.57 2.58 2.43  34.7 -0.407    19.71 21.38 02a58075o0696c       0
58075.586257 20.244005      NaN      7     8 c    0   1.23 105.8277 23.02908  5117.46  2145.54 2.57 2.43  54.1 -0.412    19.74 21.43 02a58075o0726c       0
58079.591680 20.207197      NaN      1    10 c    0   0.82 105.8277 23.02908  8668.22 10401.44 2.63 2.40  20.1 -0.437    19.76 21.60 02a58079o0761c    8192
58079.593050 20.207197      NaN     -3    10 c    0   0.76 105.8277 23.02908  4795.00   657.81 2.62 2.41  56.6 -0.419    19.79 21.59 02a58079o0764c    8192
58135.486451 20.103715      NaN     -9    11 c    0   0.94 105.8277 23.02908  6272.28  1987.68 3.28 3.02  44.1 -0.398    19.51 21.49 02a58135o0603c       0
58135.502182 20.207197      NaN    -15    10 c    0   0.95 105.8277 23.02908  6255.99  1950.21 3.22 2.93  48.1 -0.391    19.53 21.43 02a58135o0636c       0
58135.508684 20.171596      NaN      3    10 c    0   1.29 105.8277 23.02908  6310.11  2026.19 3.25 3.00  46.6 -0.386    19.43 21.41 02a58135o0650c       0
58135.517600 20.009244      NaN    -22    12 c    0   0.81 105.8277 23.02908  6328.59  1909.98 3.58 3.30  42.8 -0.378    19.36 21.38 02a58135o0668c       0
58167.423325 14.926243      NaN    942   982 c    0   1.37 105.8277 23.02908  1313.51  9888.96 2.86 2.26  14.3 -0.441    14.47 15.84 02a58167o0450c       2
58167.433863 14.228095      NaN  -2681  2464 c    0   0.94 105.8277 23.02908  1368.45  9966.51 2.85 2.37  17.2 -0.481    16.25 17.71 02a58167o0471c       2
58167.442076 17.782105      NaN     66    72 c    0   1.14 105.8277 23.02908  7074.82   255.92 3.19 2.66  41.1 -0.423    17.46 19.03 02a58167o0487c       2
58167.444522 18.816441      NaN    -19    36 c    0   1.13 105.8277 23.02908  1388.47  9847.90 2.89 2.40  14.8 -0.436    18.13 19.73 02a58167o0492c    8192
58167.452582 19.302877      NaN    -12    23 c    0   1.22 105.8277 23.02908  7094.52   137.28 3.19 2.66  42.0 -0.435    18.87 20.51 02a58167o0508c    8192
58171.383826 19.089302      NaN    -67    28 c    0   1.24 105.8277 23.02908  5713.19   406.37 3.07 2.65  39.6 -0.424    18.68 20.15 02a58171o0157c       0
58171.388121 18.526952      NaN    -81    47 c    0   1.08 105.8277 23.02908  9554.15 10169.51 2.74 2.56  13.7 -0.410    18.26 19.50 02a58171o0165c       0
58171.395042 18.910912      NaN    -31    33 c    0   0.88 105.8277 23.02908    60.43 10193.61 2.92 2.39  16.9 -0.400    19.09 20.40 02a58171o0178c       0
58171.395956 19.401649      NaN     17    16 c    0   1.17 105.8277 23.02908  9536.68 10130.35 2.80 2.65  16.1 -0.404    19.30 20.74 02a58171o0180c       0
58171.397860 19.922338      NaN     -1    13 c    0   1.07 105.8277 23.02908  5695.32   368.69 2.92 2.48  43.6 -0.434    19.41 20.88 02a58171o0184c       0
58171.404388 20.103715      NaN     -6    11 c    0   1.07 105.8277 23.02908  5748.67   443.81 3.02 2.60  43.4 -0.424    19.60 21.25 02a58171o0198c       0
58171.405771 19.922338      NaN    -29    13 c    0   0.99 105.8277 23.02908    98.30 10072.53 2.95 2.38  18.5 -0.407    19.60 21.25 02a58171o0201c       0
58171.406244 20.009244      NaN     -9    12 c    0   0.80 105.8277 23.02908  9589.41 10210.45 2.73 2.55   3.5 -0.427    19.64 21.32 02a58171o0202c       0
58171.414698 20.009244      NaN      5    11 c    0   0.84 105.8277 23.02908  9606.77 10093.79 2.72 2.55   5.8 -0.426    19.65 21.39 02a58171o0219c       0
58171.415698 20.207197      NaN     -2    10 c    0   1.32 105.8277 23.02908  5767.24   328.82 3.03 2.51  41.7 -0.431    19.62 21.36 02a58171o0221c       0
58227.272303 19.569016      NaN      1    18 c    0   0.75 105.8277 23.02908  1564.44  9853.85 2.89 2.73 -28.8 -0.413    19.04 20.53 02a58227o0081c    8192
58251.244519 18.900000      NaN     33    23 c    0   1.18 105.8277 23.02908  4377.75  2232.64 2.65 2.43 -65.3 -0.371    18.62 19.47 02a58251o0051c       0
58251.255103 19.922338      NaN     -2    13 c    0   1.01 105.8277 23.02908  4358.57  2193.60 2.67 2.44 -67.4 -0.374    19.16 20.40 02a58251o0073c       0
58251.266112 19.766969      NaN    -19    15 c    0   0.80 105.8277 23.02908  4428.41  2270.72 2.62 2.42 -63.3 -0.380    19.17 20.42 02a58251o0096c       0
58251.277247 19.979496      NaN      6    11 c    0   2.04 105.8277 23.02908  4445.67  2154.05 2.56 2.47 -63.3 -0.383    19.15 20.37 02a58251o0119c       0
58427.630315 19.549093      NaN     25    10 c    0   1.04 105.8277 23.02908   192.27  9616.46 2.59 2.25   7.2 -0.420    19.73 21.48 02a58427o0716c       0
58427.639637 20.207197      NaN      0    10 c    0   1.04 105.8277 23.02908   153.10  9578.64 2.53 2.22   6.8 -0.435    19.71 21.41 02a58427o0731c       0
58427.644555 20.103715      NaN    -15    11 c    0   0.97 105.8277 23.02908  9690.53  9637.87 2.61 2.49  12.7 -0.426    19.62 21.13 02a58427o0738c       0
58427.653411 19.014394      NaN     -4    30 c    0   1.05 105.8277 23.02908   220.35  9654.70 2.64 2.26   4.4 -0.444    18.58 19.34 02a58427o0752c       0
58427.658755 17.318857      NaN     75   118 c    0   0.94 105.8277 23.02908  9667.70  9598.73 2.77 2.56  23.2 -0.419    17.30 17.78 02a58427o0759c       2
58431.626549 20.103715      NaN     -5    11 c    0   0.79 105.8277 23.02908  5449.22  3400.76 2.52 2.40 -82.1 -0.407    19.74 21.50 02a58431o0919c       0
58431.641503 19.922338      NaN    -14    13 c    0   0.88 105.8277 23.02908  5409.13  3362.62 2.53 2.45 -88.9 -0.408    19.70 21.41 02a58431o0946c       0
58431.655176 19.256669      NaN    -22    24 c    0   1.12 105.8277 23.02908  5478.17  3440.84 2.53 2.48 -68.3 -0.413    18.64 19.40 02a58431o0967c       0
58435.627292 20.009244      NaN      0    12 c    0   1.17 105.8277 23.02908  4953.39  1724.98 2.59 2.49  72.4 -0.396    19.44 21.20 02a58435o0919c       0
58435.630191 19.351140      NaN     30    12 c    0   0.87 105.8277 23.02908  4934.96  1687.02 2.54 2.40  51.8 -0.404    19.32 20.96 02a58435o0924c       0
58435.640800 19.419021      NaN     26    12 c    0   0.96 105.8277 23.02908  4986.50  1765.31 2.55 2.43  45.9 -0.405    19.10 20.69 02a58435o0944c       0
58435.654727 18.631975      NaN     32    32 c    0   1.08 105.8277 23.02908  5003.05  1646.16 2.64 2.52  43.3 -0.401    18.20 19.17 02a58435o0965c       0
58455.514498 20.449472      NaN     -3     8 c    0   1.41 105.8277 23.02908  4230.40   642.95 2.74 2.40  38.6 -0.431    19.75 21.65 02a58455o0606c       0
58455.516892 20.207197      NaN     -6    10 c    0   0.83 105.8277 23.02908  2453.42   192.85 2.80 2.49  34.5 -0.397    19.71 21.64 02a58455o0610c       0
58455.528501 20.321591      NaN     -2     9 c    0   0.88 105.8277 23.02908  6369.07  9881.13 2.66 2.44   2.4 -0.447    19.72 21.64 02a58455o0631c       0
58455.532199 20.103715      NaN      0    11 c    0   0.58 105.8277 23.02908  2409.75   156.08 3.04 2.53  22.9 -0.399    19.72 21.65 02a58455o0637c       0
58455.536124 20.009244      NaN      6    10 c    0   0.86 105.8277 23.02908  2482.47   236.75 2.87 2.43  34.2 -0.406    19.76 21.65 02a58455o0644c       0
58455.537581 20.207197      NaN     -6    10 c    0   0.95 105.8277 23.02908  6420.13  9960.74 2.56 2.33   2.9 -0.459    19.78 21.65 02a58455o0647c       0
58455.554470 19.868040      NaN     11    10 c    0   0.82 105.8277 23.02908  6429.64  9843.55 2.75 2.67  74.3 -0.404    19.74 21.68 02a58455o0675c       0
58455.555843 20.244005      NaN      5     8 c    0   1.13 105.8277 23.02908  2495.49   120.58 2.90 2.41  40.6 -0.432    19.76 21.67 02a58455o0678c       0
58459.518936 20.103715      NaN      3    10 c    0   0.96 105.8277 23.02908  4436.05  5306.84 2.48 2.40  36.4 -0.423    19.74 21.63 02a58459o0686c       0
58459.524742 20.282105      NaN      4     8 c    0   1.37 105.8277 23.02908  4453.60  5347.90 2.54 2.50  26.3 -0.418    19.73 21.62 02a58459o0698c       0
58459.532278 20.321591      NaN     -1     9 c    0   0.94 105.8277 23.02908  4483.97  5388.10 2.48 2.46  42.9 -0.423    19.73 21.60 02a58459o0714c       0
58459.538569 20.039830      NaN      8     9 c    0   0.82 105.8277 23.02908  4500.59  5270.93 2.46 2.42  30.9 -0.420    19.73 21.60 02a58459o0727c       0
58487.481191 19.868040 0.291295     41    11 c    0   0.90 105.8277 23.02908  8215.44  3438.42 2.79 2.71 -58.5 -0.402    19.57 21.41 02a58487o0587c       0
58487.488425 19.631075 0.212889     51    10 c    0   1.18 105.8277 23.02908  8249.66  3480.05 2.86 2.72 -74.6 -0.403    19.48 21.39 02a58487o0601c       0
58487.488883 19.816329 0.252497     43    10 c    0   1.15 105.8277 23.02908  8196.38  3401.72 2.85 2.73 -75.5 -0.402    19.51 21.39 02a58487o0602c       0
58487.495911 20.009244 0.301593     36    10 c    0   1.09 105.8277 23.02908  8265.60  3363.09 2.73 2.66 -52.2 -0.400    19.54 21.40 02a58487o0616c       0
58491.455252 19.491430 0.224635     58    12 c    0   0.72 105.8277 23.02908  5377.17  9223.04 2.60 2.53  10.8 -0.445    19.62 21.50 02a58491o0543c       0
58491.466520 19.287255 0.155105     70    10 c    0   1.15 105.8277 23.02908  5355.03  9183.40 2.57 2.49 -11.1 -0.445    19.64 21.50 02a58491o0566c       0
58491.479931 19.549093 0.217147     55    11 c    0   1.02 105.8277 23.02908  5405.33  9263.85 2.67 2.53  -3.4 -0.447    19.59 21.50 02a58491o0592c       0
58491.487741 19.302877 0.188824     69    12 c    0   0.76 105.8277 23.02908  5420.61  9146.56 2.65 2.48  -4.5 -0.449    19.67 21.51 02a58491o0608c       0
58519.406134 18.900000 0.108574    100    10 c    0   0.87 105.8277 23.02908  6353.42  5361.58 2.47 2.37 -63.2 -0.429    19.80 21.71 02a58519o0419c       0
58519.418738 18.955691 0.114288     95    10 c    0   0.70 105.8277 23.02908  6333.58  5321.51 2.53 2.45 -59.1 -0.427    19.78 21.70 02a58519o0444c       0
58519.431802 18.933071 0.100738     97     9 c    0   1.09 105.8277 23.02908  6404.07  5400.34 2.55 2.46 -61.7 -0.423    19.77 21.67 02a58519o0470c       0
58519.438917 19.241693 0.118985     73     8 c    0   1.26 105.8277 23.02908  6422.44  5284.32 2.58 2.48 -54.5 -0.416    19.75 21.66 02a58519o0485c       0
58523.405214 19.155932 0.151178     79    11 c    0   0.85 105.8277 23.02908  2479.07  5362.97 2.63 2.37  15.2 -0.450    19.67 21.56 02a58523o0417c       0
58523.413579 19.026525 0.134192     89    11 c    0   0.87 105.8277 23.02908  2460.94  5323.31 2.56 2.33  23.6 -0.454    19.68 21.53 02a58523o0432c       0
58523.420441 19.384550 0.186611     64    11 c    0   0.75 105.8277 23.02908  2515.38  5400.13 2.52 2.31  24.1 -0.458    19.63 21.53 02a58523o0446c       0
58523.433284 19.089302 0.129254     84    10 c    0   0.88 105.8277 23.02908  2535.11  5283.45 2.57 2.36  22.3 -0.449    19.66 21.52 02a58523o0470c       0
58575.326755 19.318728      NaN     32    12 c    0   1.23 105.8277 23.02908  3676.80  7213.95 2.84 2.80  12.7 -0.378    19.28 21.07 02a58575o0005c    8192
58579.298009 20.009244 0.301593     36    10 c    0   1.16 105.8277 23.02908   546.45  5386.58 2.39 2.31  27.0 -0.382    19.53 21.13 02a58579o0169c       0
58579.306425 20.207197 0.361912     30    10 c    0   0.94 105.8277 23.02908   512.55  5345.06 2.32 2.32 -18.8 -0.388    19.55 21.13 02a58579o0187c       0
58579.307339 19.631075      NaN     18    11 c    0   0.92 105.8277 23.02908 10143.48  5430.30 2.69 2.49  29.5 -0.408    19.55 21.23 02a58579o0189c       0
58579.315340 19.674510      NaN     19    10 c    0   1.16 105.8277 23.02908   585.62  5419.83 2.35 2.33  -0.2 -0.391    19.54 21.11 02a58579o0206c       0
58579.315798 19.841877 0.258509     42    10 c    0   1.04 105.8277 23.02908 10126.88  5389.89 2.59 2.52   8.6 -0.419    19.56 21.21 02a58579o0207c       0
58579.323761 20.207197 0.325721     30     9 c    0   1.38 105.8277 23.02908   605.66  5302.24 2.35 2.29 -30.0 -0.394    19.51 21.09 02a58579o0224c       0
58579.324757 19.894850      NaN     13     9 c    0   1.56 105.8277 23.02908 10182.53  5468.19 2.60 2.50  21.0 -0.417    19.56 21.20 02a58579o0226c       0
58579.333143 19.419021      NaN     26    12 c    0   0.87 105.8277 23.02908 10202.16  5351.36 2.59 2.51  -3.4 -0.417    19.55 21.17 02a58579o0244c       0
58583.266672 19.142275      NaN     35    15 c    0   0.89 105.8277 23.02908  6498.99  1494.29 2.97 2.71 -48.3 -0.392    19.09 20.45 02a58583o0097c       0
58583.275012 19.226921      NaN     32    14 c    0   1.31 105.8277 23.02908  6481.27  1453.36 3.11 2.77 -46.5 -0.381    19.04 20.46 02a58583o0114c       0
58583.283286 19.142275      NaN     26    18 c    0   1.09 105.8277 23.02908  6534.18  1530.37 3.71 3.41 -48.6 -0.372    18.87 20.49 02a58583o0131c       0
58583.291433 19.089302      NaN     18    22 c    0   0.99 105.8277 23.02908  6571.31  1413.60 4.01 3.72 -45.3 -0.357    18.61 20.29 02a58583o0148c       0
58603.271695 19.696897      NaN      6    14 c    0   0.95 105.8277 23.02908  8211.65  1512.54 2.64 2.32 -47.0 -0.408    19.22 20.63 02a58603o0099c       0
58603.280760 19.155932      NaN     28    17 c    0   0.66 105.8277 23.02908  8193.83  1474.33 2.62 2.31 -47.0 -0.409    19.21 20.63 02a58603o0118c       0
58603.289763 19.569016      NaN     12    14 c    0   0.98 105.8277 23.02908  8248.88  1552.65 2.64 2.32 -45.3 -0.405    19.21 20.61 02a58603o0137c       0
58603.298850 19.436675      NaN     16    15 c    0   0.81 105.8277 23.02908  8270.59  1432.68 2.75 2.34 -48.1 -0.409    19.14 20.57 02a58603o0156c       0
58607.257322 19.922338      NaN     -4    13 c    0   0.98 105.8277 23.02908  1694.90  7315.67 2.76 2.40 -47.7 -0.412    19.26 20.75 02a58607o0066c       0
58607.265210 19.454622      NaN     24    12 c    0   0.95 105.8277 23.02908  1678.10  7274.82 2.67 2.37 -51.1 -0.407    19.29 20.71 02a58607o0083c       0
58607.273576 19.631075      NaN      3    16 c    0   0.86 105.8277 23.02908  1733.02  7350.24 2.74 2.46 -50.5 -0.395    19.19 20.68 02a58607o0101c       0
58607.282533 19.652575      NaN     11    13 c    0   1.58 105.8277 23.02908  1772.38  7230.84 2.77 2.29 -48.2 -0.426    19.21 20.62 02a58607o0120c       0
58611.243708 19.401649      NaN    -11    21 c    0   1.51 105.8277 23.02908  4209.28  9440.05 2.78 2.42  50.0 -0.371    18.88 19.84 02a58611o0029c       0
58611.245573 19.287255      NaN     10    20 c    0   1.08 105.8277 23.02908  4190.22  9400.96 2.74 2.41  52.0 -0.373    19.01 20.07 02a58611o0033c       0
58611.251370 19.922338      NaN     -1    13 c    0   1.40 105.8277 23.02908  4246.46  9478.94 2.69 2.44  50.3 -0.379    19.21 20.44 02a58611o0045c       0
58611.267545 19.226921      NaN     26    16 c    0   1.25 105.8277 23.02908  4266.23  9359.93 2.68 2.43  56.8 -0.381    19.26 20.48 02a58611o0079c       0
58751.511743 19.589310      NaN      5    16 c    0   0.95 105.8277 23.02908  7018.08  9080.84 2.72 2.39  35.4 -0.394    19.36 20.89 02a58751o0529c       0
58751.517061 19.719755      NaN     11    12 c    0   1.23 105.8277 23.02908  7042.59  9118.96 2.67 2.38  32.6 -0.397    19.39 20.94 02a58751o0539c       0
58751.520343 20.009244      NaN     -3    12 c    0   1.22 105.8277 23.02908  6984.75  9042.61 2.68 2.41 -48.3 -0.410    19.44 20.95 02a58751o0546c       0
58751.529244 20.009244      NaN     -1    12 c    0   1.27 105.8277 23.02908  6964.98  9158.88 2.69 2.42  36.1 -0.387    19.42 20.99 02a58751o0562c       0
58755.609682 20.009244      NaN     -2    12 c    0   1.40 105.8277 23.02908   753.15  8849.21 2.41 2.21 -45.9 -0.456    19.56 21.13 02a58755o0830c       0
58755.612951 19.922338      NaN    -19    13 c    0   0.96 105.8277 23.02908   772.90  8889.32 2.40 2.21 -47.3 -0.454    19.55 21.13 02a58755o0837c       0
58755.622194 20.009244      NaN    -10    12 c    0   1.20 105.8277 23.02908   714.90  8806.92 2.45 2.27 -48.7 -0.446    19.53 21.13 02a58755o0855c       0
58755.632342 19.841877      NaN    -16    14 c    0   0.64 105.8277 23.02908   691.58  8927.88 2.45 2.21 -46.7 -0.455    19.51 21.06 02a58755o0875c       0
58755.644096 18.481707      NaN     45    34 c    0   1.31 105.8277 23.02908   734.14  8868.20 2.37 2.23 -44.5 -0.465    18.47 19.38 02a58755o0896c       0
58763.586929 20.282105      NaN      1     9 c    0   1.58 105.8277 23.02908  2602.07  3245.71 2.33 2.30 -87.1 -0.409    19.54 21.11 02a58763o0681c       0
58763.591283 20.405150      NaN      1     8 c    0   1.53 105.8277 23.02908  2618.52  3285.98 2.35 2.32  87.9 -0.404    19.54 21.13 02a58763o0689c       0
58763.596533 20.137125      NaN      5     9 c    0   0.73 105.8277 23.02908  2565.52  3206.92 2.35 2.29 -86.7 -0.406    19.55 21.18 02a58763o0700c       0
58763.606517 20.321591      NaN    -10     9 c    0   1.19 105.8277 23.02908  2546.73  3326.11 2.34 2.28 -79.1 -0.413    19.59 21.21 02a58763o0720c       0
58763.644664 19.529530      NaN     14    14 c    0   1.94 105.8277 23.02908  2593.71  3267.55 2.39 2.32  83.6 -0.410    18.95 20.05 02a58763o0794c       0
58783.545016 20.207197      NaN      0    10 c    0   1.25 105.8277 23.02908  8644.14  3452.53 2.47 2.32 -60.4 -0.401    19.69 21.36 02a58783o0681c       0
58783.548233 20.137125      NaN      5     9 c    0   1.11 105.8277 23.02908  8658.25  3491.44 2.40 2.34 -68.3 -0.399    19.67 21.37 02a58783o0688c       0
58783.554725 20.449472      NaN     -1     8 c    0   1.19 105.8277 23.02908  8609.37  3412.86 2.51 2.42 -37.6 -0.391    19.63 21.37 02a58783o0701c       0
58783.567945 20.009244      NaN      6    10 c    0   0.94 105.8277 23.02908  8590.51  3532.03 2.47 2.38 -46.3 -0.393    19.65 21.37 02a58783o0728c       0
58787.620769 19.766969      NaN    -14    15 c    0   1.34 105.8277 23.02908  1756.73  7021.62 2.36 2.18 -36.2 -0.432    19.12 20.67 02a58787o0814c       0
58787.625152 19.922338      NaN    -10    13 c    0   1.59 105.8277 23.02908  1777.71  7062.59 2.38 2.21 -46.6 -0.424    19.15 20.72 02a58787o0823c       0
58787.634093 19.791368      NaN      2    14 c    0   1.18 105.8277 23.02908  8870.65  3593.51 2.42 2.24 -62.4 -0.397    19.09 20.60 02a58787o0840c       0
58787.641152 20.009244      NaN      0    12 c    0   0.78 105.8277 23.02908  8888.68  3479.45 2.49 2.24 -62.4 -0.394    19.37 20.91 02a58787o0851c       0
58791.501214 20.103715      NaN    -24    11 c    0   1.13 105.8277 23.02908  1746.85  7013.64 2.75 2.29  34.4 -0.364    19.51 21.21 02a58791o0636c       0
58791.505633 19.922338      NaN     -5    13 c    0   0.96 105.8277 23.02908  1766.00  7053.35 2.97 2.35  35.2 -0.354    19.48 21.21 02a58791o0645c       0
58791.512977 20.103715      NaN    -23    11 c    0   1.16 105.8277 23.02908  1708.97  6976.04 2.61 2.28  30.5 -0.380    19.52 21.15 02a58791o0660c       0
58791.523928 20.207197      NaN     -6    10 c    0   1.49 105.8277 23.02908  1690.22  7093.17 2.38 2.28  22.0 -0.398    19.60 21.22 02a58791o0681c       0
58795.557363 19.510313      NaN      3    18 c    0   1.07 105.8277 23.02908  4465.07  1231.82 2.40 2.19 -62.7 -0.419    18.80 20.27 02a58795o0634c       0
58795.560571 19.841877      NaN    -16    14 c    0   0.78 105.8277 23.02908  4484.54  1271.32 2.43 2.25 -63.6 -0.415    19.33 20.94 02a58795o0641c       0
58795.568522 19.922338      NaN      9    10 c    0   1.04 105.8277 23.02908  4425.26  1194.05 2.41 2.17 -60.0 -0.426    19.57 21.25 02a58795o0658c       0
58795.579113 19.529530      NaN     17    13 c    0   0.74 105.8277 23.02908  4410.46  1311.83 2.43 2.22 -59.5 -0.419    19.58 21.24 02a58795o0680c       0
58815.527545 19.894850      NaN     10    10 c    0   1.30 105.8277 23.02908   703.25  3315.54 2.50 2.30 -60.7 -0.416    19.56 21.43 02a58815o0685c       0
58815.531553 19.766969      NaN     12    11 c    0   0.98 105.8277 23.02908   723.72  3354.62 2.53 2.33 -55.6 -0.413    19.58 21.44 02a58815o0692c       0
58815.537540 20.103715      NaN    -10    11 c    0   0.84 105.8277 23.02908   662.22  3277.92 2.54 2.36 -64.3 -0.416    19.63 21.53 02a58815o0704c       0
58815.555510 20.103715      NaN     -1    11 c    0   0.90 105.8277 23.02908   644.56  3398.11 2.54 2.31 -54.9 -0.406    19.41 21.27 02a58815o0741c       0
58867.436910 20.009244      NaN     12     8 c    0   1.40 105.8277 23.02908  4656.08  5173.90 2.34 2.28 -70.7 -0.412    19.78 21.66 02a58867o0518c       0
58867.444146 20.207197      NaN      6     8 c    0   1.04 105.8277 23.02908  4634.75  5134.25 2.39 2.32  50.1 -0.406    19.75 21.65 02a58867o0533c       0
58867.446954 20.449472      NaN     -4     8 c    0   0.94 105.8277 23.02908  4693.80  5211.86 2.41 2.35 -69.8 -0.411    19.77 21.67 02a58867o0539c       0
58867.458516 20.321591      NaN     -5     9 c    0   0.98 105.8277 23.02908  4716.35  5097.66 2.25 2.20 -65.4 -0.417    19.81 21.66 02a58867o0563c       0
58871.477087 20.103715      NaN      9     8 c    0   0.96 105.8277 23.02908  4651.67  5171.42 2.32 2.30  28.6 -0.411    19.76 21.54 02a58871o0556c       0
58871.481285 20.207197      NaN     -2    10 c    0   0.75 105.8277 23.02908  4641.83  5136.69 2.28 2.25  53.6 -0.410    19.77 21.53 02a58871o0564c       0
58871.486873 20.449472      NaN    -15     8 c    0   1.13 105.8277 23.02908  4699.12  5213.34 2.31 2.27  53.9 -0.405    19.72 21.51 02a58871o0575c       0
58871.501388 20.405150      NaN      4     7 c    0   1.52 105.8277 23.02908  4715.89  5092.72 2.38 2.27  41.4 -0.409    19.73 21.45 02a58871o0604c       0
58875.455589 20.039830      NaN      8     9 c    0   0.88 105.8277 23.02908  7466.41  1309.46 2.56 2.24 -55.8 -0.408    19.75 21.67 02a58875o0542c       0
58875.458558 19.979496      NaN     10     9 c    0   0.73 105.8277 23.02908  7446.84  1270.00 2.56 2.23 -56.9 -0.408    19.76 21.67 02a58875o0548c       0
58875.465865 20.244005      NaN      2     9 c    0   1.03 105.8277 23.02908  7505.05  1348.84 2.61 2.32 -54.9 -0.403    19.76 21.66 02a58875o0563c       0
58875.477414 20.244005      NaN      2     9 c    0   0.96 105.8277 23.02908  7528.45  1231.98 2.53 2.26 -56.8 -0.411    19.74 21.65 02a58875o0586c       0
58903.279994 20.449472      NaN     -7     8 c    0   0.91 105.8277 23.02908  6476.38  3069.77 2.83 2.51 -55.7 -0.391    19.60 21.60 02a58903o0152c       0
58903.283587 19.979496      NaN      3     9 c    0   0.97 105.8277 23.02908  6495.77  3107.50 2.74 2.41 -52.8 -0.399    19.64 21.61 02a58903o0159c       0
58903.292112 20.207197      NaN     -8    10 c    0   0.68 105.8277 23.02908  4137.22  7530.13 2.69 2.38 -58.4 -0.417    19.68 21.61 02a58903o0172c       0
58903.307859 20.071303      NaN      0     9 c    0   1.04 105.8277 23.02908  4152.08  7418.51 2.68 2.33 -48.9 -0.428    19.71 21.63 02a58903o0203c       0
58931.351612 19.089302      NaN    -30    28 c    0   0.41 105.8277 23.02908    38.67  9241.35 2.85 2.24 -50.2 -0.445    19.55 21.34 02a58931o0240c       0
58931.354382 20.103715      NaN    -14    11 c    0   1.15 105.8277 23.02908  9937.92  9235.42 2.93 2.78 -53.5 -0.368    19.63 21.44 02a58931o0246c       0
58931.357596 19.719755      NaN      4    12 c    0   1.03 105.8277 23.02908  9919.29  9196.63 3.08 2.76 -51.1 -0.365    19.67 21.43 02a58931o0253c       0
58931.362667 19.696897      NaN     -1    14 c    0   1.09 105.8277 23.02908    61.93  9121.13 2.67 2.15 -49.8 -0.446    19.55 21.33 02a58931o0264c       0
58931.363124 20.009244      NaN     -8    12 c    0   0.89 105.8277 23.02908  9977.53  9275.01 3.04 2.85 -49.4 -0.360    19.60 21.42 02a58931o0265c       0
58931.372959 19.318728      NaN     19    14 c    0   1.00 105.8277 23.02908  9998.69  9156.94 3.39 3.00 -52.7 -0.353    19.44 21.38 02a58931o0286c       0
58951.258034 20.103715      NaN    -24    11 c    0   0.62 105.8277 23.02908  3534.00  1496.70 2.45 2.21 -60.6 -0.420    19.55 21.05 02a58951o0034c       0
58951.261256 20.103715      NaN    -19    11 c    0   0.93 105.8277 23.02908  3514.39  1459.07 2.43 2.20 -59.0 -0.425    19.57 21.11 02a58951o0041c       0
58951.267383 20.071303      NaN      0     9 c    0   1.35 105.8277 23.02908  3574.33  1536.41 2.48 2.19 -56.5 -0.418    19.57 21.12 02a58951o0054c       0
58951.279264 19.868040      NaN      1    11 c    0   1.01 105.8277 23.02908  3595.06  1418.52 2.56 2.19 -53.1 -0.431    19.56 21.09 02a58951o0079c       0
58959.238238 19.529530      NaN      1    16 c    0   0.89 105.8277 23.02908  9814.02  1745.17 2.50 2.30 -49.8 -0.408    19.17 20.41 02a58959o0030c       0
58959.241643 20.009244      NaN    -35    12 c    0   1.27 105.8277 23.02908  9796.35  1703.58 2.53 2.29 -51.6 -0.413    19.38 20.73 02a58959o0037c       0
58959.246858 20.103715      NaN     -9    11 c    0   1.11 105.8277 23.02908  9854.81  1782.04 2.61 2.32 -52.7 -0.412    19.45 20.93 02a58959o0048c       0
58959.256948 20.071303      NaN     -6    11 c    0   1.04 105.8277 23.02908  9875.37  1665.54 2.57 2.28 -51.0 -0.413    19.49 20.96 02a58959o0069c       0
58963.265692 14.517192      NaN  -2330  1888 c    0   0.96 105.8277 23.02908  7944.19  7337.64 3.26 2.99  39.7 -0.389    13.97 15.38 02a58963o0089c 8388610
58963.274454 15.809917      NaN    287   476 c    0   1.08 105.8277 23.02908  7982.94  7376.05 3.43 3.16  36.3 -0.407    15.63 17.03 02a58963o0108c 8388610
58963.286401 11.804058      NaN -24661 22975 c    0   1.42 105.8277 23.02908  8005.88  7258.33 3.36 3.16  34.7 -0.369    12.62 14.06 02a58963o0134c 8388610
58987.244422 18.786693      NaN    -16    37 c    0   0.98 105.8277 23.02908  8814.04  3573.67 2.67 2.64  18.0 -0.360    18.17 18.96 02a58987o0025c       0
58987.247630 18.786693      NaN     26    26 c    0   1.20 105.8277 23.02908  8794.34  3532.43 2.75 2.66  24.2 -0.363    18.57 19.51 02a58987o0032c       0
58987.254525 19.569016      NaN    -15    18 c    0   0.99 105.8277 23.02908  8853.16  3609.72 2.76 2.72 -18.9 -0.356    18.95 20.09 02a58987o0047c       0
58987.264639 19.766969      NaN    -30    15 c    0   1.20 105.8277 23.02908  8874.00  3491.26 2.68 2.59 -38.3 -0.369    19.01 20.23 02a58987o0069c       0
59119.595555 19.766969      NaN      2    12 c    0   0.73 105.8277 23.02908  6365.55  1126.79 2.47 2.30 -67.5 -0.405    19.48 21.21 02a59119o0807c       0
59119.599246 20.207197      NaN     -7    10 c    0   0.91 105.8277 23.02908  6384.46  1165.63 2.42 2.28 -65.0 -0.409    19.55 21.22 02a59119o0815c       0
59119.606635 19.609992      NaN     15    10 c    0   1.32 105.8277 23.02908  6327.24  1087.86 2.43 2.30 -69.7 -0.405    19.52 21.14 02a59119o0831c       0
59119.623411 19.766969      NaN    -32    15 c    0   0.92 105.8277 23.02908  6304.77  1206.21 2.40 2.28 -73.1 -0.404    19.15 20.73 02a59119o0867c       0
59139.585830 18.640491      NaN     54    22 c    0   1.47 105.8277 23.02908  1695.64  5064.95 2.44 2.28  48.1 -0.417    18.53 20.08 02a59139o0818c       0
59139.589038 17.479496      NaN    108    85 c    0   1.08 105.8277 23.02908  1714.63  5104.24 2.42 2.26  47.4 -0.420    17.08 18.62 02a59139o0825c       2
59139.594530 19.115465      NaN     15    20 c    0   1.12 105.8277 23.02908  1655.67  5026.88 2.44 2.31  45.6 -0.413    18.97 20.57 02a59139o0837c       0
59139.605494 18.550302      NaN     -7    46 c    0   1.26 105.8277 23.02908  1636.33  5143.59 2.41 2.24  42.4 -0.421    18.01 19.51 02a59139o0860c       0
59147.558792 20.207197      NaN    -13    10 c    0   0.98 105.8277 23.02908  7048.87  9081.34 2.55 2.39  40.2 -0.401    19.72 21.40 02a59147o0723c       0
59147.561994 20.207197      NaN     -9    10 c    0   1.18 105.8277 23.02908  7069.98  9120.14 2.53 2.42  39.0 -0.403    19.69 21.40 02a59147o0730c       0
59147.565234 19.950541      NaN      1    10 c    0   1.08 105.8277 23.02908  7010.45  9042.82 2.55 2.42  43.3 -0.399    19.66 21.40 02a59147o0737c       0
59147.570274 20.207197      NaN     -8    10 c    0   0.79 105.8277 23.02908  6989.60  9159.92 2.57 2.39  40.3 -0.399    19.69 21.42 02a59147o0748c       0
59175.608775 19.979496      NaN     -3    11 c    0   1.07 105.8277 23.02908  4628.23  3241.54 2.38 2.33 -62.3 -0.399    19.49 21.14 02a59175o0076c       0
59175.611975 19.894850      NaN      3    10 c    0   1.18 105.8277 23.02908  4611.10  3199.06 2.44 2.39 -67.1 -0.400    19.46 21.15 02a59175o0083c       0
59175.617093 19.868040      NaN      1    11 c    0   0.84 105.8277 23.02908  4670.01  3276.05 2.33 2.25 -69.7 -0.402    19.55 21.17 02a59175o0094c       0
59175.631418 20.321591      NaN    -20     9 c    0   1.87 105.8277 23.02908  4691.05  3157.58 2.37 2.33 -89.8 -0.401    19.48 21.09 02a59175o0124c       0
59192.457202 20.207197      NaN    -14    10 c    0   1.28 105.8277 23.02908  1775.15  6998.50 2.50 2.46 -66.1 -0.411    19.67 21.63 02a59192o0591c       0
59192.478815 20.321591      NaN    -19     9 c    0   1.49 105.8277 23.02908  1803.70  7043.64 2.45 2.45 -45.2 -0.411    19.70 21.64 02a59192o0633c       0
59192.482946 20.207197      NaN    -27    10 c    0   1.16 105.8277 23.02908  1747.98  6965.62 2.48 2.44 -80.8 -0.414    19.69 21.61 02a59192o0642c       0
59192.489253 20.171596      NaN     -6    10 c    0   1.27 105.8277 23.02908  1727.37  7082.46 2.50 2.45 -76.7 -0.412    19.65 21.52 02a59192o0655c       0
59195.503503 20.009244      NaN     -9    12 c    0   0.80 105.8277 23.02908  6103.12  9345.39 2.79 2.76  54.8 -0.390    19.65 21.76 02a59195o0684c       0
59195.507007 20.137125      NaN     -2     9 c    0   1.47 105.8277 23.02908  6083.73  9306.70 2.75 2.68  43.7 -0.392    19.66 21.63 02a59195o0690c       0
59195.537473 19.652575      NaN      7    12 c    0   0.76 105.8277 23.02908  6136.44  9386.46 2.86 2.79  80.8 -0.392    19.67 21.61 02a59195o0754c       0
59195.542607 20.137125      NaN     -5    10 c    0   0.91 105.8277 23.02908  6158.36  9271.74 2.71 2.65  33.8 -0.396    19.69 21.61 02a59195o0763c       0
59197.407576 20.321591      NaN     -4     8 c    0   1.43 105.8277 23.02908  4112.27  7489.35 2.57 2.47 -70.1 -0.370    19.69 21.65 01a59197o0307c       0
59197.409417 19.979496      NaN      6     8 c    0   1.13 105.8277 23.02908  4092.65  7449.31 2.72 2.47 -63.5 -0.376    19.69 21.65 01a59197o0311c       0
59197.412180 19.922338      NaN      8     8 c    0   0.93 105.8277 23.02908  4150.21  7526.02 2.68 2.48 -62.5 -0.375    19.72 21.66 01a59197o0317c       0
59197.418633 20.103715      NaN      2     8 c    0   0.96 105.8277 23.02908  4169.40  7409.03 2.60 2.42 -77.9 -0.367    19.75 21.69 01a59197o0331c       0
59205.492119 20.103715      NaN     -1     9 c    0   0.61 105.8277 23.02908  3700.88  6938.84 2.34 2.26 -62.9 -0.385    19.88 21.57 01a59205o0585c       0
59205.495345 20.449472      NaN    -11     8 c    0   0.89 105.8277 23.02908  3722.98  6978.23 2.41 2.25 -75.7 -0.384    19.85 21.56 01a59205o0592c       0
59205.522571 20.405150      NaN     -6     8 c    0   1.17 105.8277 23.02908  3671.37  6898.41 2.38 2.21 -75.8 -0.391    19.87 21.53 01a59205o0647c       0
59205.529068 20.171596      NaN     -3     9 c    0   0.99 105.8277 23.02908  3652.63  7012.71 2.38 2.26 -26.8 -0.389    19.66 21.70 01a59205o0660c       0
59221.381020 20.405150      NaN     -6     8 c    0   0.92 105.8277 23.02908  2724.53  5269.30 2.49 2.31   6.9 -0.394    19.75 21.66 01a59221o0396c       0
59221.416264 20.449472      NaN     -9     8 c    0   1.41 105.8277 23.02908  7821.84  5311.08 2.63 2.45 -68.1 -0.389    19.80 21.69 01a59221o0468c       0
59221.424162 20.594452      NaN     -8     7 c    0   1.31 105.8277 23.02908  2761.38  5316.80 2.68 2.36  -5.7 -0.384    19.71 21.69 01a59221o0484c       0
59221.446209 20.039830      NaN     -2    10 c    0   0.83 105.8277 23.02908  7753.22  5343.06 2.59 2.53 -73.0 -0.378    19.78 21.70 01a59221o0528c       0
59223.383405 19.510313      NaN      2    16 c    0   1.03 105.8277 23.02908  5096.99  9175.21 2.62 2.47 -61.9 -0.405    19.14 20.86 02a59223o0396c       0
59223.386176 19.766969      NaN     -7    15 c    0   0.78 105.8277 23.02908  5117.05  9213.76 2.64 2.49 -57.9 -0.398    19.37 21.19 02a59223o0402c       0
59223.390293 20.103715      NaN    -20    11 c    0   0.92 105.8277 23.02908  5058.82  9135.74 2.68 2.53 -57.9 -0.392    19.64 21.47 02a59223o0411c       0
59223.395713 19.922338      NaN     -7    13 c    0   0.93 105.8277 23.02908  5039.92  9254.54 2.76 2.71 -60.1 -0.392    19.49 21.40 02a59223o0422c       0
59227.437183 17.482434      NaN     32   110 c    0   1.15 105.8277 23.02908   773.18  5382.73 2.34 2.24 -55.0 -0.427    16.97 18.78 02a59227o0482c       2
59227.579361 19.841877      NaN      2    11 c    0   0.87 105.8277 23.02908   749.42  5345.43 2.80 2.52  14.3 -0.374    19.44 21.38 02a59227o0491c       0
59227.582563 20.137125      NaN     -5    10 c    0   1.29 105.8277 23.02908   809.24  5420.14 2.68 2.54  -2.7 -0.387    19.47 21.35 02a59227o0498c       0
59227.588080 19.816329      NaN      9     9 c    0   1.33 105.8277 23.02908   827.59  5303.82 2.50 2.45  23.8 -0.399    19.52 21.36 02a59227o0510c       0
59229.447632 19.128787      NaN     17    19 c    0   1.09 105.8277 23.02908 10501.78  1312.60 2.83 2.65 -64.8 -0.377    19.75 21.77 01a59229o0235c       0
59229.450535 19.589310      NaN     -5    17 c    0   1.54 105.8277 23.02908 10522.14  1351.50 3.12 2.71 -66.1 -0.372    19.75 21.69 01a59229o0241c       0
59229.455694 19.674510      NaN      6    12 c    0   0.99 105.8277 23.02908 10465.24  1274.85 3.07 2.95 -73.2 -0.315    19.70 21.70 01a59229o0252c       0
59229.461358 20.103715      NaN     -1     9 c    0   1.31 105.8277 23.02908   570.63  1378.15 2.95 2.67  56.2 -0.387    19.69 21.70 01a59229o0264c       0
59229.464162 19.454622      NaN     20    11 c    0   1.08 105.8277 23.02908   589.23  1419.16 3.72 3.33  29.8 -0.322    19.56 21.69 01a59229o0270c       0
59229.465544 19.791368      NaN      4    11 c    0   1.17 105.8277 23.02908 10444.90  1394.75 3.22 2.76 -64.1 -0.362    19.52 21.83 01a59229o0273c       0
59229.469690 20.282105      NaN     -3     8 c    0   1.22 105.8277 23.02908   530.24  1337.98 2.60 2.47  12.7 -0.398    19.73 21.70 01a59229o0282c       0
59229.485408 19.922338      NaN      5     9 c    0   0.95 105.8277 23.02908   516.20  1453.16 2.53 2.29  29.7 -0.417    19.83 21.68 01a59229o0315c       0
59231.347506 20.449472      NaN    -12     8 c    0   1.43 105.8277 23.02908  9805.97  5178.87 2.63 2.48 -60.9 -0.410    19.68 21.42 02a59231o0318c       0
59231.350726 20.207197      NaN    -15    10 c    0   0.74 105.8277 23.02908  9826.52  5218.44 2.56 2.43 -62.2 -0.409    19.70 21.43 02a59231o0324c       0
59231.353927 19.841877      NaN      8     9 c    0   1.26 105.8277 23.02908  9768.72  5141.83 2.59 2.50 -62.6 -0.404    19.68 21.42 02a59231o0331c       0
59231.359125 20.071303      NaN      3     8 c    0   1.15 105.8277 23.02908  9749.94  5258.07 2.66 2.54 -57.0 -0.402    19.65 21.39 02a59231o0342c       0
59251.402420 20.449472      NaN    -14     8 c    0   1.27 105.8277 23.02908  6020.87  7398.54 2.49 2.45  61.6 -0.416    19.73 21.56 02a59251o0347c       0
59251.405643 19.868040      NaN      7     9 c    0   0.88 105.8277 23.02908  6003.18  7361.95 2.47 2.43 -69.6 -0.422    19.72 21.54 02a59251o0354c       0
59251.411604 20.321591      NaN    -11     9 c    0   1.45 105.8277 23.02908  6060.24  7440.19 2.50 2.45 -58.5 -0.419    19.67 21.55 02a59251o0367c       0
59251.435787 20.321591      NaN     -7     9 c    0   1.00 105.8277 23.02908  6080.82  7322.54 2.57 2.43  47.5 -0.412    19.66 21.54 02a59251o0418c       0
59253.351855 20.071303      NaN      3     8 c    0   1.30 105.8277 23.02908   760.79  8871.38 2.60 2.28 -82.2 -0.401    19.74 21.73 01a59253o0277c       0
59253.355049 20.207197      NaN    -15    10 c    0   0.70 105.8277 23.02908   781.13  8909.51 2.58 2.23 -77.4 -0.400    19.79 21.74 01a59253o0283c       0
59253.360276 20.321591      NaN    -16     9 c    0   0.77 105.8277 23.02908   723.96  8831.51 2.58 2.28 -76.8 -0.397    19.77 21.76 01a59253o0294c       0
59253.371286 20.362567      NaN     -5     8 c    0   1.21 105.8277 23.02908   707.02  8947.85 2.59 2.27 -73.3 -0.402    19.76 21.79 01a59253o0316c       0
59255.343341 20.207197      NaN    -19    10 c    0   0.96 105.8277 23.02908  6029.34  7402.06 2.58 2.44  40.7 -0.408    19.71 21.53 02a59255o0290c       0
59255.348823 20.039830      NaN     -2    10 c    0   1.02 105.8277 23.02908  6009.53  7363.18 2.66 2.44  40.3 -0.400    19.67 21.55 02a59255o0300c       0
59255.379660 19.696897      NaN     11    10 c    0   0.79 105.8277 23.02908  6064.83  7443.88 2.64 2.47  36.9 -0.398    19.67 21.63 02a59255o0364c       0
59255.382870 20.321591      NaN    -10     9 c    0   1.08 105.8277 23.02908  6086.28  7330.44 2.68 2.43  38.1 -0.394    19.71 21.62 02a59255o0371c       0
59257.383416 19.868040      NaN      7     9 c    0   0.68 105.8277 23.02908  2587.11  3271.74 2.36 2.30  81.3 -0.396    19.81 21.85 01a59257o0384c       0
59257.386179 20.594452      NaN     -9     7 c    0   1.19 105.8277 23.02908  2607.09  3310.42 2.36 2.29  74.1 -0.393    19.82 21.85 01a59257o0390c       0
59257.391276 20.449472      NaN    -13     8 c    0   1.04 105.8277 23.02908  2547.81  3230.97 2.40 2.32  18.6 -0.389    19.80 21.87 01a59257o0401c       0
59257.401034 20.207197      NaN    -10    10 c    0   1.37 105.8277 23.02908  2531.57  3345.94 2.40 2.28 -75.9 -0.404    19.55 21.93 01a59257o0421c       0
59261.330233 20.207197      NaN     -1     8 c    0   0.96 105.8277 23.02908  2575.45  3281.39 2.15 2.08  81.9 -0.403    19.88 21.78 01a59261o0259c       0
59261.337749 20.362567      NaN     -2     7 c    0   1.77 105.8277 23.02908  2597.29  3318.50 2.12 2.08 -87.3 -0.406    19.91 21.82 01a59261o0274c       0
59261.341447 20.449472      NaN    -12     8 c    0   0.87 105.8277 23.02908  2539.85  3240.35 2.14 2.08  64.4 -0.403    19.91 21.81 01a59261o0282c       0
59261.352328 20.495680      NaN     -5     7 c    0   1.77 105.8277 23.02908  2523.06  3354.44 2.22 2.15  -7.0 -0.398    19.86 21.79 01a59261o0304c       0
59277.309300 19.950541      NaN      4     9 c    0   0.80 105.8277 23.02908  8606.69  3426.93 2.64 2.44 -77.3 -0.394    19.89 21.57 01a59277o0207c       0
59277.314408 20.321591      NaN    -11     9 c    0   0.97 105.8277 23.02908  8627.91  3465.05 2.65 2.36 -80.5 -0.386    19.88 21.57 01a59277o0217c       0
59277.317173 19.816329      NaN      9     9 c    0   0.95 105.8277 23.02908  8570.25  3388.97 2.63 2.31 -80.2 -0.397    19.90 21.53 01a59277o0223c       0
59277.326963 20.449472      NaN    -20     8 c    0   1.08 105.8277 23.02908  8552.63  3503.58 2.59 2.23 -78.8 -0.401    19.91 21.58 01a59277o0243c       0
59287.274461 20.103715      NaN    -14    11 c    0   0.90 105.8277 23.02908  1945.23  9074.41 2.77 2.51 -55.1 -0.412    19.59 21.45 02a59287o0110c       0
59287.277288 20.207197      NaN    -14    10 c    0   1.19 105.8277 23.02908  1927.29  9035.94 2.82 2.50 -56.3 -0.409    19.57 21.44 02a59287o0116c       0
59287.282948 19.922338      NaN    -14    13 c    0   0.84 105.8277 23.02908  1983.95  9110.98 3.02 2.68 -52.2 -0.397    19.48 21.36 02a59287o0128c       0
59287.293335 19.510313      NaN     20    10 c    0   1.56 105.8277 23.02908  2005.52  8997.20 2.73 2.40 -55.3 -0.411    19.59 21.39 02a59287o0150c    4096
59313.278615 20.449472      NaN     -9     8 c    0   1.35 105.8277 23.02908  5087.75  9170.19 2.32 2.00 -77.1 -0.403    19.78 21.17 01a59313o0130c       0
59313.284145 19.816329      NaN     12     8 c    0   0.76 105.8277 23.02908  5107.47  9210.01 2.24 1.94 -76.5 -0.407    19.80 21.18 01a59313o0142c       0
59313.294756 20.039830      NaN     -2    10 c    0   0.96 105.8277 23.02908  5048.86  9132.27 2.29 1.97 -79.4 -0.409    19.78 21.19 01a59313o0165c       0
59313.297981 20.207197      NaN     -1     8 c    0   1.26 105.8277 23.02908  5028.95  9249.81 2.27 2.00 -79.1 -0.404    19.81 21.18 01a59313o0172c       0
59347.246642 19.102305      NaN      7    23 c    0   0.91 105.8277 23.02908  3543.52  1497.29 2.55 2.39 -67.8 -0.420    18.65 19.79 02a59347o0032c       0
59347.249843 18.921935      NaN     31    20 c    0   0.89 105.8277 23.02908  3524.24  1457.03 2.69 2.49 -71.3 -0.407    18.76 20.09 02a59347o0039c       0
59347.255345 19.491430      NaN      0    17 c    0   0.77 105.8277 23.02908  3584.46  1533.59 2.46 2.28 -62.2 -0.418    19.05 20.30 02a59347o0051c       0
59347.267734 19.743105      NaN     -3    14 c    0   1.18 105.8277 23.02908  3603.18  1416.57 2.49 2.34 -67.8 -0.412    18.98 20.30 02a59347o0078c       0
59467.604879 20.009244      NaN    -13    12 c    0   1.09 105.8277 23.02908  5891.17  5397.89 2.57 2.27  35.7 -0.384    19.42 20.93 02a59467o0809c       0
59467.609012 19.922338      NaN    -25    13 c    0   0.91 105.8277 23.02908  5908.74  5435.92 2.71 2.33  36.7 -0.377    19.39 20.94 02a59467o0818c       0
59467.626257 19.766969      NaN     -1    13 c    0   0.88 105.8277 23.02908  5850.84  5358.83 2.56 2.30  38.6 -0.383    19.38 20.89 02a59467o0854c       0
59467.636391 19.401649      NaN    -17    21 c    0   1.19 105.8277 23.02908  5831.15  5474.14 2.60 2.24  37.5 -0.375    18.87 20.06 02a59467o0876c       0
59519.488389 19.696897      NaN     11    10 c    0   1.00 105.8277 23.02908  6368.68  1123.07 2.44 2.29 -50.3 -0.402    19.62 21.37 02a59519o0652c       0
59519.523817 20.449472      NaN    -13     8 c    0   1.54 105.8277 23.02908  6397.34  1165.92 2.40 2.25 -66.0 -0.409    19.64 21.34 02a59519o0723c       0
59519.542755 19.979496      NaN      6     8 c    0   1.15 105.8277 23.02908  6353.29  1086.56 2.39 2.23 -70.9 -0.413    19.65 21.37 02a59519o0762c       0
59519.549603 20.321591      NaN     -9     9 c    0   0.95 105.8277 23.02908  6325.72  1206.63 2.39 2.27 -65.8 -0.404    19.63 21.36 02a59519o0774c       0
59523.548763 20.449472      NaN    -17     8 c    0   1.67 105.8277 23.02908  7854.88  5295.29 2.61 2.40  39.1 -0.390    19.62 21.36 02a59523o0785c       0
59523.550592 20.103715      NaN     -9    11 c    0   0.98 105.8277 23.02908  7873.76  5333.33 2.69 2.48  36.0 -0.387    19.61 21.36 02a59523o0789c       0
59523.563724 20.282105      NaN     -3     8 c    0   1.43 105.8277 23.02908  7814.45  5259.29 2.63 2.45  42.3 -0.386    19.61 21.39 02a59523o0815c       0
59523.566928 20.244005      NaN     -5     9 c    0   1.13 105.8277 23.02908  7795.66  5376.35 2.64 2.46  41.1 -0.385    19.59 21.40 02a59523o0822c       0
59523.651175 19.569016      NaN    -28    18 c    0   1.24 105.8277 23.02908  2743.62  5252.52 2.56 2.38  41.5 -0.392    18.74 19.95 02a59523o0992c       0
59527.496561 19.816329      NaN      3    11 c    0   0.97 105.8277 23.02908  7843.51  5295.75 2.69 2.40  36.9 -0.385    19.56 21.19 02a59527o0656c       0
59527.498405 20.449472      NaN    -31     8 c    0   2.26 105.8277 23.02908  7864.07  5334.97 2.68 2.39  37.6 -0.387    19.55 21.16 02a59527o0660c    4096
59527.505243 19.609992      NaN      9    12 c    0   0.93 105.8277 23.02908  7807.83  5258.75 2.62 2.34  38.5 -0.392    19.53 21.29 02a59527o0674c       0
59527.510297 19.950541      NaN     -5    12 c    0   0.98 105.8277 23.02908  7787.86  5374.81 2.63 2.39  38.8 -0.387    19.53 21.17 02a59527o0685c       0
59587.448319 20.207197      NaN     -8    10 c    0   1.08 105.8277 23.02908  8801.25  3569.78 2.50 2.46  84.8 -0.399    19.54 21.47 02a59587o0556c       0
59587.451541 20.103715      NaN    -21    11 c    0   0.80 105.8277 23.02908  8782.08  3530.84 2.50 2.47  49.9 -0.394    19.56 21.46 02a59587o0563c       0
59587.465758 19.841877      NaN      5    10 c    0   1.26 105.8277 23.02908  8841.27  3610.41 2.50 2.46  73.0 -0.399    19.58 21.46 02a59587o0593c       0
59587.470941 19.979496      NaN     -3    11 c    0   0.61 105.8277 23.02908  8863.63  3494.21 2.52 2.47  74.7 -0.396    19.56 21.46 02a59587o0604c       0
59605.903105 19.894850      NaN     -6    13 c    0   0.80 105.8277 23.02908  1648.83  4965.76 3.00 2.35  85.5 -0.397    19.34 21.37 03a59606o0295c       0
59605.905900 19.791368      NaN     -5    14 c    0   1.30 105.8277 23.02908  1668.11  5006.12 3.06 2.41  83.6 -0.395    19.30 21.35 03a59606o0301c       0
59605.911033 19.894850      NaN     -3    12 c    0   1.14 105.8277 23.02908  1614.63  4929.07 2.92 2.35  83.0 -0.401    19.36 21.34 03a59606o0312c       0
59613.392317 20.207197      NaN    -12    10 c    0   1.23 105.8277 23.02908  9880.99  7269.84 2.68 2.62  36.5 -0.413    19.65 21.57 02a59613o0420c       0
59613.395174 19.868040      NaN      4    10 c    0   1.22 105.8277 23.02908  9861.59  7231.73 2.68 2.66  -2.8 -0.410    19.64 21.58 02a59613o0426c       0
59613.400314 20.321591      NaN    -12     9 c    0   1.15 105.8277 23.02908  9919.82  7310.72 2.66 2.66 -14.7 -0.413    19.67 21.57 02a59613o0437c       0
59613.411810 20.207197      NaN    -13    10 c    0   0.96 105.8277 23.02908  9938.64  7195.68 2.62 2.59 -37.6 -0.414    19.68 21.57 02a59613o0462c       0
59614.390316 17.063000      NaN     98   146 c    0   0.19 105.8277 23.02908    30.33  7168.75 2.43 2.04 -50.1 -0.411    19.65 21.44 02a59614o0410c       2
59614.393712 19.652575      NaN     10    11 c    0   0.96 105.8277 23.02908  9884.01  7273.44 2.61 2.55  31.8 -0.414    19.69 21.47 02a59614o0417c       0
59614.397368 20.071303      NaN     -3    10 c    0   1.31 105.8277 23.02908  9864.87  7235.04 2.59 2.58  68.4 -0.413    19.67 21.47 02a59614o0425c       0
59614.402669 20.207197      NaN    -15    10 c    0   0.88 105.8277 23.02908  9924.47  7315.13 2.59 2.56 -69.6 -0.414    19.67 21.46 02a59614o0436c       0
59614.433861 19.841877      NaN      2    11 c    0   0.92 105.8277 23.02908  9935.88  7196.70 2.67 2.60 -58.9 -0.413    19.65 21.42 02a59614o0500c       0
59633.318071 19.979496      NaN      3     9 c    0   1.47 105.8277 23.02908   783.64  5382.39 2.49 2.37 -50.3 -0.425    19.57 21.33 02a59633o0242c       0
59633.321269 20.039830      NaN     -5    11 c    0   1.06 105.8277 23.02908   764.93  5344.62 2.55 2.43 -42.7 -0.421    19.52 21.33 02a59633o0249c       0
59633.327209 20.009244      NaN     -8    12 c    0   0.83 105.8277 23.02908   824.03  5421.06 2.62 2.48 -49.8 -0.427    19.53 21.32 02a59633o0262c       0
59633.336968 20.207197      NaN    -17    10 c    0   1.48 105.8277 23.02908   846.84  5307.85 2.49 2.40 -51.4 -0.435    19.53 21.33 02a59633o0283c       0
59637.332009 20.207197      NaN    -27    10 c    0   0.94 105.8277 23.02908   716.32  3444.07 2.49 2.34 -64.9 -0.432    19.63 21.49 02a59637o0244c       0
59637.335216 19.766969      NaN      5    11 c    0   0.94 105.8277 23.02908   698.83  3406.49 2.60 2.48 -64.8 -0.420    19.56 21.48 02a59637o0251c       0
59637.341199 20.207197      NaN     -8    10 c    0   0.83 105.8277 23.02908   756.21  3480.45 2.49 2.33 -60.4 -0.433    19.61 21.46 02a59637o0264c       0
59637.351712 20.009244      NaN    -11    12 c    0   0.76 105.8277 23.02908   776.66  3365.25 2.55 2.45 -70.3 -0.424    19.58 21.44 02a59637o0287c       0
59638.310694 19.950541      NaN      1    10 c    0   0.94 105.8277 23.02908   721.28  3445.19 2.50 2.33 -57.9 -0.424    19.64 21.43 02a59638o0223c       0
59638.313911 20.449472      NaN    -13     8 c    0   1.60 105.8277 23.02908   701.81  3405.82 2.45 2.34 -50.5 -0.425    19.68 21.43 02a59638o0230c       0
59638.319903 20.207197      NaN    -15    10 c    0   0.84 105.8277 23.02908   762.48  3486.17 2.43 2.30 -52.9 -0.430    19.67 21.44 02a59638o0243c       0
59638.329998 20.321591      NaN    -13     9 c    0   1.19 105.8277 23.02908   782.90  3370.57 2.40 2.30 -54.6 -0.429    19.69 21.45 02a59638o0265c       0
59645.302187 18.382935      NaN     19    45 c    0   0.84 105.8277 23.02908  2690.52  3330.97 2.29 2.13  12.0 -0.440    17.84 20.25 02a59645o0176c       0
59645.305236 16.802877      NaN   -382   230 c    0   1.63 105.8277 23.02908  2670.95  3291.69 2.28 2.17   9.8 -0.439    16.36 18.94 02a59645o0182c       2
59645.310722 18.878500      NaN    -37    34 c    0   1.32 105.8277 23.02908  2729.64  3369.48 2.31 2.21  14.9 -0.438    18.10 20.54 02a59645o0193c       0
59645.321040 18.836735      NaN     42    19 c    0   1.26 105.8277 23.02908  2750.71  3253.16 2.27 2.17  22.4 -0.436    18.73 21.15 02a59645o0214c       0
59661.296092 19.051202      NaN     20    20 c    0   1.09 105.8277 23.02908  1561.70  1592.66 2.44 2.30 -72.2 -0.440    18.63 20.43 02a59661o0183c       0
59661.300208 19.155932      NaN      3    23 c    0   1.47 105.8277 23.02908  1540.70  1553.55 2.41 2.28 -87.1 -0.443    18.45 20.32 02a59661o0192c       0
59661.306674 19.256669      NaN    -30    24 c    0   1.42 105.8277 23.02908  1601.36  1631.37 2.40 2.25 -77.1 -0.440    17.90 19.67 02a59661o0206c       0
59661.319136 19.894850      NaN     -6    13 c    0   0.92 105.8277 23.02908  1622.93  1514.60 2.39 2.25 -72.4 -0.450    19.43 21.35 02a59661o0233c       0
59662.311375 16.831577      NaN   -101   224 c    0   1.38 105.8277 23.02908  1563.37  1593.17 2.72 2.56  58.6 -0.421    16.82 18.72 02a59662o0008c       2
59662.315570 15.739727      NaN    753   359 c    0   0.97 105.8277 23.02908  1542.41  1554.49 2.55 2.42  62.2 -0.425    15.26 17.07 02a59662o0017c       2
59662.322544 18.878500      NaN     -1    32 c    0   1.16 105.8277 23.02908  1604.69  1633.60 2.48 2.37  69.4 -0.426    18.03 19.88 02a59662o0032c    8192
59662.337418 18.574166      NaN     -4    44 c    0   1.08 105.8277 23.02908  1627.11  1514.17 2.50 2.38 -88.9 -0.428    17.85 19.67 02a59662o0064c    8192
59665.245380 20.009244      NaN    -16    12 c    0   0.99 105.8277 23.02908  1568.36  1593.10 2.46 2.33 -73.2 -0.443    19.39 21.20 02a59665o0068c       0
59665.249086 20.009244      NaN    -11    12 c    0   1.20 105.8277 23.02908  1547.58  1553.14 2.51 2.26 -64.4 -0.449    19.45 21.20 02a59665o0076c       0
59665.255034 19.868040      NaN     -2    12 c    0   1.18 105.8277 23.02908  1607.18  1630.44 2.47 2.32 -68.3 -0.439    19.41 21.18 02a59665o0089c       0
59665.265614 19.841877      NaN     -9    14 c    0   0.79 105.8277 23.02908  1627.54  1512.47 2.48 2.26 -69.9 -0.445    19.42 21.16 02a59665o0112c       0
59666.286588 19.868040      NaN      4    10 c    0   1.91 105.8277 23.02908  4677.00  5177.16 2.48 2.25  38.2 -0.410    19.45 21.27 02a59666o0159c       0
59666.289787 20.207197      NaN    -10    10 c    0   1.07 105.8277 23.02908  4657.59  5137.85 2.45 2.22  39.8 -0.412    19.49 21.28 02a59666o0166c       0
59666.295753 19.766969      NaN      5    11 c    0   1.08 105.8277 23.02908  4714.49  5215.71 2.56 2.32  37.5 -0.401    19.45 21.28 02a59666o0179c       0
59666.306738 19.743105      NaN      9    10 c    0   1.27 105.8277 23.02908  4734.18  5099.68 2.54 2.25  38.6 -0.406    19.44 21.31 02a59666o0203c       0
59669.290124 19.979496      NaN     -6    12 c    0   0.80 105.8277 23.02908  4669.06  5174.22 2.58 2.29  37.7 -0.402    19.49 21.38 02a59669o0166c       0
59669.294245 19.367717      NaN     25    11 c    0   1.04 105.8277 23.02908  4650.54  5135.08 2.62 2.34  37.3 -0.396    19.45 21.37 02a59669o0175c    4096
59669.301164 20.103715      NaN    -13    11 c    0   0.83 105.8277 23.02908  4708.14  5212.41 2.58 2.30  39.0 -0.400    19.49 21.37 02a59669o0190c       0
59669.311731 19.922338      NaN    -23    13 c    0   0.72 105.8277 23.02908  4728.14  5096.73 2.59 2.34  37.1 -0.398    19.45 21.34 02a59669o0213c       0
59673.236000 15.069388      NaN   1290   703 c    0   1.41 105.8277 23.02908  4683.16  5176.52 2.67 2.31  37.6 -0.398    14.86 16.42 02a59673o0046c       2
59673.240181 18.191747      NaN     11    58 c    0   1.01 105.8277 23.02908  4664.30  5136.78 2.70 2.38  38.8 -0.393    17.78 19.45 02a59673o0055c    8192
59673.246686 14.835690      NaN    518  1233 c    0   1.10 105.8277 23.02908  4722.54  5214.55 2.69 2.37  36.2 -0.396    14.99 16.77 02a59673o0069c       2
59673.256446 16.283762      NaN    287   273 c    0   1.44 105.8277 23.02908  4742.53  5098.31 2.79 2.45  38.0 -0.384    15.79 17.45 02a59673o0090c       2
59681.238795 18.978793      NaN    -52    31 c    0   1.05 105.8277 23.02908  7491.10  1315.26 2.35 2.24  85.3 -0.418    18.25 19.86 02a59681o0018c       0
59681.242002 18.978793      NaN     -1    29 c    0   1.03 105.8277 23.02908  7471.73  1275.34 2.34 2.23 -85.9 -0.422    18.34 19.81 02a59681o0025c       0
59681.248866 18.786693      NaN      8    32 c    0   1.03 105.8277 23.02908  7530.92  1355.86 2.39 2.21 -70.7 -0.431    18.30 19.80 02a59681o0040c       0
59681.262710 18.836735      NaN     27    24 c    0   1.70 105.8277 23.02908  7552.14  1240.82 2.35 2.16 -66.4 -0.426    18.30 19.77 02a59681o0070c       0
59690.267572 19.696897      NaN    -15    16 c    0   0.92 105.8277 23.02908  6954.43  5588.86 2.75 2.36  31.9 -0.398    19.24 20.97 02a59690o0092c       0
59690.270805 19.367717      NaN     16    14 c    0   1.17 105.8277 23.02908  6935.66  5549.90 2.80 2.34  31.5 -0.398    19.25 20.97 02a59690o0099c       0
59690.276306 19.696897      NaN     -7    16 c    0   0.79 105.8277 23.02908  6993.07  5627.74 2.71 2.33  30.8 -0.401    19.27 20.96 02a59690o0111c       0
59690.287282 19.841877      NaN    -12    14 c    0   1.06 105.8277 23.02908  7014.00  5509.25 2.78 2.35  31.7 -0.397    19.25 20.98 02a59690o0135c       0
59693.268493 16.695113      NaN   -582   254 c    0   1.70 105.8277 23.02908  6953.00  5586.48 2.72 2.44  33.3 -0.399    17.18 18.74 02a59693o0093c       2
59693.271700 18.255804      NaN     15    53 c    0   1.00 105.8277 23.02908  6934.22  5547.45 2.72 2.46  32.4 -0.393    17.65 19.49 02a59693o0100c       0
59693.279041 18.317510      NaN    -92    57 c    0   1.08 105.8277 23.02908  6992.99  5623.91 2.62 2.33  30.9 -0.401    17.89 19.43 02a59693o0116c       0
59693.289105 19.241693      NaN     -6    24 c    0   1.10 105.8277 23.02908  7013.99  5507.31 2.61 2.37  28.7 -0.403    18.50 20.11 02a59693o0138c       0
59694.236333 18.767304      NaN     10    32 c    0   1.39 105.8277 23.02908  6960.68  5587.74 2.67 2.34  32.8 -0.402    18.36 19.88 02a59694o0021c       0
59694.239549 19.302877      NaN     -1    21 c    0   1.02 105.8277 23.02908  6943.43  5547.67 2.77 2.48  35.8 -0.398    18.77 20.38 02a59694o0028c       0
59694.245068 19.589310      NaN     -5    17 c    0   0.90 105.8277 23.02908  7002.46  5626.14 2.67 2.36  32.0 -0.402    19.13 20.78 02a59694o0040c       0
59694.255212 19.226921      NaN     13    18 c    0   0.89 105.8277 23.02908  7021.04  5507.41 2.78 2.56  31.9 -0.396    19.15 20.89 02a59694o0062c       0
59698.258542 19.674510      NaN     -3    15 c    0   1.18 105.8277 23.02908  4114.29  7503.71 2.56 2.36  36.5 -0.395    19.27 20.51 02a59698o0066c       0
59698.262219 19.510313      NaN      5    15 c    0   1.18 105.8277 23.02908  4094.41  7464.23 2.74 2.39  37.1 -0.375    19.25 20.50 02a59698o0074c       0
59698.267728 19.841877      NaN    -14    14 c    0   1.06 105.8277 23.02908  4151.05  7541.14 2.62 2.38  38.5 -0.386    19.22 20.51 02a59698o0086c       0
59698.300665 19.696897      NaN    -26    16 c    0   0.81 105.8277 23.02908  4171.38  7422.88 2.77 2.41  33.7 -0.376    19.14 20.49 02a59698o0112c       0
59817.610577 19.696897      NaN    -14    16 c    0   1.09 105.8277 23.02908   662.66  3307.08 2.42 2.41  68.9 -0.413    18.92 20.25 02a59817o0788c       0
59817.614692 19.529530      NaN      1    16 c    0   1.57 105.8277 23.02908   683.46  3347.93 2.44 2.41 -75.4 -0.416    18.96 20.26 02a59817o0797c       0
59817.623039 19.529530      NaN     -2    17 c    0   0.83 105.8277 23.02908   625.69  3269.64 2.36 2.30  21.7 -0.413    18.91 20.18 02a59817o0815c       0
59817.629530 17.900816      NaN     43    67 c    0   0.38 105.8277 23.02908 10512.14  3400.44 2.60 2.43 -14.8 -0.433    18.68 19.90 02a59817o0829c       2
59817.633246 18.767304      NaN      7    33 c    0   0.89 105.8277 23.02908   606.15  3385.47 2.42 2.30  16.4 -0.409    18.01 18.99 02a59817o0837c       0
59822.591082 19.454622      NaN    -28    20 c    0   1.09 105.8277 23.02908  5057.75  9181.77 2.86 2.68  25.9 -0.389    18.97 20.42 02a59822o0783c       0
59822.594740 19.401649      NaN    -29    21 c    0   1.11 105.8277 23.02908  5077.54  9221.78 2.69 2.54  19.3 -0.399    19.04 20.48 02a59822o0791c       0
59822.600189 19.454622      NaN    -33    20 c    0   1.05 105.8277 23.02908  5018.25  9141.68 2.80 2.58  28.8 -0.392    19.02 20.50 02a59822o0803c       0
59822.611138 19.454622      NaN     -9    20 c    0   0.89 105.8277 23.02908  4995.55  9257.07 2.81 2.61  33.9 -0.386    19.03 20.54 02a59822o0827c       0
59844.617237 20.039830      NaN     -5    11 c    0   1.13 105.8277 23.02908  2089.17  1578.60 3.07 2.78  48.4 -0.359    19.54 21.12 01a59844o0853c       0
59844.623137 20.009244      NaN     -7    12 c    0   0.71 105.8277 23.02908  2070.22  1536.50 3.09 2.79  42.2 -0.360    19.51 21.11 01a59844o0864c       0
59844.631642 19.868040      NaN      1    11 c    0   1.11 105.8277 23.02908  2129.77  1613.50 3.02 2.76  46.4 -0.370    19.45 20.88 01a59844o0881c       0
59844.633492 19.922338      NaN     -4    12 c    0   1.23 105.8277 23.02908  2149.82  1495.62 3.00 2.74  50.2 -0.368    19.38 20.71 01a59844o0885c       0
59847.613645 18.598565      NaN    -34    44 c    0   0.92 105.8277 23.02908  2087.60  1584.70 3.70 3.17  43.1 -0.269    17.90 19.59 01a59847o0782c       0
59847.619675 19.197966      NaN     18    17 c    0   1.33 105.8277 23.02908  2067.35  1543.20 3.27 2.89  48.4 -0.333    18.98 20.55 01a59847o0795c       0
59847.623852 19.318728      NaN     -5    22 c    0   1.10 105.8277 23.02908  2124.40  1619.23 3.32 3.01  52.7 -0.335    18.74 20.33 01a59847o0804c       0
59851.594271 20.207197      NaN     -7    10 c    0   1.18 105.8277 23.02908  8333.30  1811.77 2.84 2.80  26.2 -0.400    19.56 21.12 01a59851o0820c 8388608
59851.597504 20.009244 0.331753     29    11 c    0   1.16 105.8277 23.02908  8314.51  1772.24 2.86 2.82  20.5 -0.398    19.51 21.11 01a59851o0827c 8388608
59851.603506 20.207197      NaN    -15    10 c    0   1.33 105.8277 23.02908  8373.32  1849.89 2.91 2.83  36.5 -0.394    19.53 21.13 01a59851o0840c 8388608
59851.630200 19.609992      NaN     18     9 c    0   1.36 105.8277 23.02908  8396.47  1721.87 2.84 2.79  13.5 -0.407    19.50 21.04 01a59851o0889c 8388608
59852.575921 20.009244      NaN    -20    12 c    0   1.07 105.8277 23.02908  8331.18  1817.89 3.04 3.01  11.7 -0.387    19.43 21.10 01a59852o0716c       0
59852.579154 19.719755      NaN      4    12 c    0   0.81 105.8277 23.02908  8310.51  1776.69 3.08 3.06  20.0 -0.381    19.44 21.12 01a59852o0723c       0
59852.589249 19.791368      NaN      1    12 c    0   0.93 105.8277 23.02908  8371.45  1855.61 3.36 3.21  29.1 -0.333    19.37 21.15 01a59852o0744c       0
59852.595717 19.979496      NaN     -3    11 c    0   1.05 105.8277 23.02908  8392.34  1736.56 3.01 2.98  28.2 -0.383    19.46 21.17 01a59852o0758c       0
59855.555652 19.569016      NaN    -21    18 c    0   1.21 105.8277 23.02908  8314.78  1822.77 2.88 2.84   9.3 -0.408    18.89 20.51 01a59855o0746c       0
59855.559240 19.510313      NaN      2    16 c    0   0.97 105.8277 23.02908  8296.77  1781.83 2.85 2.83  38.0 -0.401    19.14 20.74 01a59855o0753c       0
59855.564783 18.990530      NaN     31    18 c    0   1.40 105.8277 23.02908  8355.46  1861.06 2.85 2.85  58.5 -0.412    18.95 20.57 01a59855o0765c       0
59855.578142 19.674510      NaN      0    14 c    0   0.88 105.8277 23.02908  8379.67  1740.66 3.05 2.96  28.0 -0.369    19.23 20.94 01a59855o0792c       0
59856.598874 20.171596      NaN     -3     9 c    0   0.96 105.8277 23.02908  6463.03  7404.95 3.03 2.80  51.2 -0.306    19.57 21.13 01a59856o0797c       0
59856.601646 19.791368      NaN     10     9 c    0   1.06 105.8277 23.02908  6444.51  7365.65 3.16 2.90  52.2 -0.293    19.51 21.13 01a59856o0803c       0
59856.619848 19.791368      NaN     10     9 c    0   0.89 105.8277 23.02908  6505.56  7438.04 3.09 2.82  45.9 -0.305    19.57 21.19 01a59856o0841c       0
59856.628205 20.039830      NaN      4     8 c    0   1.26 105.8277 23.02908  6527.57  7320.02 3.09 2.81  49.0 -0.301    19.55 21.15 01a59856o0857c       0
59881.565929 19.922338      NaN    -16    13 c    0   0.84 105.8277 23.02908  3096.50  9257.59 2.53 2.48  24.3 -0.405    19.52 21.16 02a59881o0645c       0
59881.568864 19.631075      NaN      5    13 c    0   0.80 105.8277 23.02908  3117.12  9296.56 2.51 2.45  38.1 -0.408    19.52 21.16 02a59881o0651c       0
59881.572027 20.009244      NaN    -31    12 c    0   1.20 105.8277 23.02908  3059.11  9217.86 2.54 2.47  23.3 -0.405    19.50 21.17 02a59881o0658c       0
59881.577522 20.207197      NaN     -9    10 c    0   1.56 105.8277 23.02908  3039.40  9335.32 2.50 2.45  48.2 -0.409    19.53 21.17 02a59881o0670c       0
59882.552651 19.791368      NaN      4    11 c    0   0.96 105.8277 23.02908  8626.89  1496.08 2.42 2.22 -65.0 -0.423    19.54 21.19 02a59882o0752c       0
59882.554912 19.841877      NaN      5    10 c    0   0.94 105.8277 23.02908  8645.78  1534.97 2.48 2.28 -65.6 -0.417    19.52 21.19 02a59882o0757c       0
59882.558720 20.103715      NaN    -19    11 c    0   1.06 105.8277 23.02908  8591.09  1457.80 2.47 2.25 -64.5 -0.424    19.54 21.19 02a59882o0765c       0
59882.563777 20.171596      NaN     -3     9 c    0   1.59 105.8277 23.02908  8571.48  1575.63 2.45 2.25 -69.0 -0.418    19.54 21.21 02a59882o0776c       0
59885.549474 20.207197      NaN     -9    10 c    0   0.78 105.8277 23.02908  8626.99  1498.33 2.46 2.28 -70.4 -0.419    19.54 21.24 02a59885o0776c       0
59885.552295 19.549093      NaN     15    11 c    0   1.04 105.8277 23.02908  8646.28  1536.41 2.46 2.30 -70.2 -0.419    19.55 21.25 02a59885o0782c       0
59885.556459 19.652575      NaN     13    10 c    0   1.13 105.8277 23.02908  8589.86  1460.22 2.47 2.29 -72.7 -0.420    19.54 21.22 02a59885o0791c       0
59885.562490 20.103715      NaN     -4    10 c    0   1.36 105.8277 23.02908  8564.55  1578.44 2.42 2.28 -66.6 -0.420    19.57 21.19 02a59885o0802c       0
59885.650228 19.256669      NaN     -4    23 c    0   1.28 105.8277 23.02908  1953.13  9048.59 2.54 2.47 -50.5 -0.426    18.77 19.83 02a59885o0978c       0
59903.595895 19.549093      NaN     18    10 c    0   1.12 105.8277 23.02908  2491.33  1397.61 3.28 2.99  51.4 -0.349    19.57 21.39 01a59903o0575c       0
59903.598669 19.791368      NaN      4    11 c    0   0.70 105.8277 23.02908  2511.22  1437.07 3.27 2.99  48.1 -0.351    19.59 21.39 01a59903o0581c       0
59903.604735 20.321591      NaN    -13     9 c    0   1.16 105.8277 23.02908  2454.43  1358.83 3.23 2.99  51.4 -0.348    19.58 21.39 01a59903o0594c       0
59904.590657 19.652575      NaN     13    10 c    0   0.79 105.8277 23.02908 10507.94  3338.15 3.17 3.05 -42.6 -0.269    19.65 21.62 01a59904o0668c       0
59904.592970 20.039830      NaN      4     8 c    0   1.20 105.8277 23.02908   637.62  3413.93 3.29 3.02  46.2 -0.287    19.66 21.65 01a59904o0673c       0
59904.596281 20.244005      NaN     -2     8 c    0   0.97 105.8277 23.02908 10490.06  3455.83 3.22 3.13 -27.2 -0.257    19.63 21.61 01a59904o0680c       0
59904.596744 19.894850      NaN      6     9 c    0   1.20 105.8277 23.02908   658.70  3453.88 3.32 3.03  44.3 -0.289    19.64 21.63 01a59904o0681c       0
59904.642888 20.207197      NaN     -9    10 c    0   0.87 105.8277 23.02908   593.43  3496.01 3.18 2.96  43.2 -0.295    19.55 21.32 01a59904o0775c       0
59904.654092 19.401649      NaN    -22    21 c    0   0.98 105.8277 23.02908   636.19  3438.67 3.50 3.24  43.8 -0.263    18.70 19.64 01a59904o0797c       0
59907.504134 19.791368      NaN      7    10 c    0   1.03 105.8277 23.02908  9887.65  7356.59 3.05 2.97  53.6 -0.372    19.73 21.60 01a59907o0676c       0
59907.510075 20.103715      NaN     -4    10 c    0   0.97 105.8277 23.02908  9927.29  7394.43 3.29 3.18  34.8 -0.353    19.63 21.60 01a59907o0688c       0
59907.517622 19.894850      NaN      6     9 c    0   1.03 105.8277 23.02908  9946.94  7275.40 3.15 3.08  53.2 -0.357    19.69 21.62 01a59907o0704c       0
59907.543458 20.171596      NaN      0     8 c    0   1.12 105.8277 23.02908 10478.91  3451.66 3.17 3.04 -28.3 -0.274    19.67 21.61 01a59907o0757c       0
59908.493090 20.039830      NaN      1     9 c    0   1.43 105.8277 23.02908    42.98  7247.45 3.19 3.04  65.5 -0.349    19.63 21.60 01a59908o0588c       0
59908.496452 19.743105      NaN      9    10 c    0   0.95 105.8277 23.02908  9927.08  7395.80 3.13 3.05  45.4 -0.359    19.66 21.61 01a59908o0595c       0
59908.506848 20.449472      NaN    -11     8 c    0   1.30 105.8277 23.02908  9949.55  7278.72 3.05 2.96  47.0 -0.361    19.73 21.64 01a59908o0614c       0
59989.122767 19.841877      NaN     -7    14 c    0   0.95 105.8277 23.02908   737.15  8810.23 2.87 2.22 -82.3 -0.351    19.33 20.99 04a59989o0253c       0
59989.125920 19.569016      NaN     11    12 c    0   1.85 105.8277 23.02908   759.14  8847.34 2.92 2.25 -85.2 -0.356    19.28 20.97 04a59989o0260c       0
59989.135844 19.841877      NaN     -4    13 c    0   1.23 105.8277 23.02908   708.18  8761.03 2.79 2.24 -83.8 -0.355    19.29 21.00 04a59989o0282c       0
59989.142150 19.743105      NaN     -3    14 c    0   0.99 105.8277 23.02908   691.84  8873.79 2.73 2.08 -82.5 -0.362    19.34 20.94 04a59989o0296c       0
59993.092640 19.569016      NaN      8    13 c    0   1.19 105.8277 23.02908  2580.79  3236.01 2.33 2.07  55.8 -0.380    19.28 20.94 04a59993o0192c       0
59993.097773 19.816329      NaN      0    12 c    0   1.30 105.8277 23.02908  2606.17  3270.28 2.49 2.23  60.8 -0.376    19.28 21.06 04a59993o0203c       0
59993.101829 19.922338      NaN     -7    13 c    0   0.89 105.8277 23.02908  2551.32  3187.66 2.50 2.23  60.3 -0.360    19.26 21.03 04a59993o0212c       0
59993.112195 20.103715      NaN    -11    11 c    0   1.72 105.8277 23.02908  2540.93  3294.78 2.42 2.13  59.6 -0.371    19.26 21.02 04a59993o0235c       0
59997.112714 19.696897      NaN     11    10 c    0   1.59 105.8277 23.02908  2607.50  3208.80 2.36 2.09  50.0 -0.380    19.35 21.04 04a59997o0088c       0
59997.115869 19.038793      NaN     12    23 c    0   0.48 105.8277 23.02908  2629.17  3245.29 2.36 2.04  53.9 -0.378    19.34 21.03 04a59997o0095c       0
59997.122757 19.922338      NaN     -7    13 c    0   0.91 105.8277 23.02908  2577.00  3162.15 2.31 2.01  57.2 -0.380    19.30 21.00 04a59997o0110c       0
59997.150329 19.696897      NaN      5    12 c    0   1.30 105.8277 23.02908  2577.91  3264.33 2.45 2.14  47.7 -0.379    19.25 20.96 04a59997o0164c       0
59998.320615 20.103715      NaN    -17    11 c    0   0.97 105.8277 23.02908  1105.15  6415.73 2.45 2.29  13.3 -0.422    19.43 21.25 02a59998o0094c       0
59998.323785 20.009244      NaN    -20    12 c    0   1.03 105.8277 23.02908  1084.52  6376.22 2.44 2.30  17.4 -0.422    19.44 21.24 02a59998o0101c       0
59998.328506 20.103715      NaN    -28    11 c    0   1.36 105.8277 23.02908  1141.72  6455.28 2.40 2.27   9.4 -0.431    19.49 21.26 02a59998o0111c       0
59998.363432 19.766969      NaN    -17    15 c    0   0.82 105.8277 23.02908  1154.37  6339.94 2.41 2.35  19.8 -0.429    19.28 21.00 02a59998o0182c       0
60015.797999 19.743105      NaN      0    13 c    0   0.78 105.8277 23.02908   704.70  8726.04 2.75 2.49 -44.5 -0.370    19.39 21.02 03a60016o0141c       0
60015.801617 19.743105      NaN      0    13 c    0   1.03 105.8277 23.02908   722.82  8766.18 2.81 2.55 -42.7 -0.370    19.36 21.01 03a60016o0149c       0
60015.807049 19.719755      NaN      1    13 c    0   1.02 105.8277 23.02908   666.23  8685.82 2.99 2.70 -43.1 -0.364    19.36 21.01 03a60016o0161c       0
60015.817186 19.631075      NaN      2    14 c    0   0.94 105.8277 23.02908   642.55  8802.04 2.95 2.70 -41.6 -0.368    19.29 20.91 03a60016o0183c       0
60015.825466 19.472870      NaN      1    17 c    0   1.00 105.8277 23.02908   685.58  8745.91 3.06 2.78 -30.5 -0.353    19.12 20.62 03a60016o0201c       0
60023.797529 17.584152      NaN    -93   112 c    0   1.15 105.8277 23.02908  2685.80  3197.53 3.30 3.13 -71.6 -0.358    17.45 19.44 03a60024o0091c       2
60023.800772 18.757738      NaN     14    31 c    0   0.80 105.8277 23.02908  2703.85  3237.62 3.96 3.86 -32.1 -0.326    18.46 20.50 03a60024o0098c       0
60023.809446 19.569016      NaN    -17    18 c    0   0.93 105.8277 23.02908  2649.85  3157.83 3.81 3.55 -73.8 -0.334    18.98 21.04 03a60024o0117c       0
60023.823516 19.696897      NaN    -24    16 c    0   1.19 105.8277 23.02908  2630.65  3272.92 3.44 3.26 -60.2 -0.349    19.03 21.01 03a60024o0148c       0
60045.278286 19.674510      NaN      3    13 c    0   1.35 105.8277 23.02908  7218.45  5579.11 2.86 2.61  32.8 -0.387    19.27 20.93 02a60045o0086c       0
60045.287613 19.256669      NaN    -35    24 c    0   0.96 105.8277 23.02908  7203.81  5540.43 2.80 2.65  30.9 -0.384    18.65 20.24 02a60045o0106c       0
60045.298525 19.631075      NaN    -53    17 c    0   1.08 105.8277 23.02908  7267.21  5616.03 2.70 2.57  28.6 -0.390    18.93 20.43 02a60045o0128c       0
60045.301817 17.610315      NaN     84    79 c    0   1.09 105.8277 23.02908  7287.79  5499.62 2.82 2.68  33.5 -0.392    17.46 18.91 02a60045o0135c       2
60047.341959 19.510313      NaN    -10    19 c    0   1.13 105.8277 23.02908  4417.25  7491.99 3.05 2.66  32.1 -0.371    18.87 20.42 02a60047o0013c       0
60047.345135 19.102305      NaN     22    18 c    0   1.00 105.8277 23.02908  4399.63  7452.92 2.91 2.59  36.1 -0.374    18.98 20.45 02a60047o0020c       0
60047.351480 19.569016      NaN     -4    17 c    0   1.01 105.8277 23.02908  4460.29  7528.78 2.85 2.62  31.9 -0.379    18.98 20.49 02a60047o0034c       0
60047.361357 19.142275      NaN     19    18 c    0   1.01 105.8277 23.02908  4484.92  7415.23 2.78 2.63  24.5 -0.379    18.95 20.44 02a60047o0055c       0
60049.248982 19.719755      NaN      1    13 c    0   1.17 105.8277 23.02908  7127.71  3639.59 2.35 2.29  47.5 -0.399    19.35 20.75 02a60049o0053c       0
60049.252190 19.979496      NaN     -6    12 c    0   1.32 105.8277 23.02908  7108.12  3600.40 2.38 2.33  45.2 -0.400    19.31 20.76 02a60049o0060c       0
60049.258701 19.894850      NaN     -6    13 c    0   1.08 105.8277 23.02908  7167.14  3679.20 2.35 2.33  63.2 -0.401    19.34 20.77 02a60049o0074c       0
60049.268480 20.009244      NaN     -9    12 c    0   1.32 105.8277 23.02908  7189.68  3562.00 2.39 2.31  41.4 -0.396    19.35 20.79 02a60049o0095c       0
60050.014542 19.454622      NaN     -9    20 c    0   1.23 105.8277 23.02908  6391.97  1072.72 3.12 2.95  -0.9 -0.325    18.83 20.37 04a60050o0121c       0
60050.021444 18.978793      NaN     17    23 c    0   0.93 105.8277 23.02908  6412.45  1111.31 3.02 2.92   8.7 -0.349    18.91 20.35 04a60050o0136c       0
60050.031540 18.910912      NaN     35    19 c    0   1.52 105.8277 23.02908  6358.65  1032.30 2.94 2.80   7.3 -0.345    18.86 20.31 04a60050o0158c       0
60050.043133 19.241693      NaN      0    22 c    0   1.09 105.8277 23.02908  6341.69  1151.02 3.15 2.94  20.2 -0.342    18.75 20.28 04a60050o0183c       0
60051.247208 19.419021      NaN     13    14 c    0   1.14 105.8277 23.02908  4464.61  9449.30 2.57 2.45  28.8 -0.383    19.31 20.77 02a60051o0033c       0
60051.250376 19.569016      NaN     -7    18 c    0   0.88 105.8277 23.02908  4447.00  9411.75 2.51 2.45  39.9 -0.391    19.36 20.79 02a60051o0040c       0
60051.255487 19.454622      NaN     -1    18 c    0   0.70 105.8277 23.02908  4503.97  9486.70 2.55 2.50  42.1 -0.387    19.30 20.79 02a60051o0051c       0
60051.265485 19.287255      NaN     15    16 c    0   0.86 105.8277 23.02908  4526.93  9364.75 2.53 2.45 -54.3 -0.396    19.32 20.79 02a60051o0072c       0
60055.241174 19.491430      NaN      3    16 c    0   1.26 105.8277 23.02908   295.89  9197.23 2.59 2.11 -57.7 -0.486    19.10 20.28 02a60055o0034c       0
60055.242530 19.334813      NaN     18    14 c    0   0.76 105.8277 23.02908 10231.17  9244.66 2.88 2.71   4.6 -0.368    19.19 20.46 02a60055o0037c       0
60055.244364 19.256669      NaN     17    16 c    0   1.15 105.8277 23.02908   277.71  9158.63 2.57 2.13 -58.8 -0.492    19.19 20.46 02a60055o0041c       0
60055.246181 19.549093      NaN      3    15 c    0   0.85 105.8277 23.02908 10211.65  9204.09 2.84 2.67   7.8 -0.375    19.28 20.60 02a60055o0045c       0
60055.249817 19.841877      NaN    -24    14 c    0   1.42 105.8277 23.02908   337.03  9233.60 2.54 2.02 -59.1 -0.493    19.27 20.56 02a60055o0053c       0
60055.251624 19.569016      NaN     -4    17 c    0   0.63 105.8277 23.02908 10272.10  9284.73 2.82 2.67 -12.2 -0.377    19.30 20.67 02a60055o0057c       0
60055.261726 19.894850      NaN      0    11 c    0   1.66 105.8277 23.02908   363.52  9114.24 2.61 2.06 -59.2 -0.480    19.24 20.63 02a60055o0079c       0
60055.262630 19.696897      NaN     -4    15 c    0   1.01 105.8277 23.02908 10293.39  9167.60 2.92 2.78 -30.6 -0.366    19.32 20.73 02a60055o0081c       0
60055.975594 19.169763      NaN    -35    26 c    0   0.80 105.8277 23.02908  1688.88  5017.64 3.04 2.79  72.8 -0.359    18.63 20.10 04a60056o0044c       0
60055.978787 18.836735      NaN     33    22 c    0   0.77 105.8277 23.02908  1709.53  5054.37 2.81 2.49  69.6 -0.374    18.79 20.27 04a60056o0051c       0
60055.988816 19.115465      NaN     15    20 c    0   1.10 105.8277 23.02908  1656.93  4972.23 2.99 2.63  66.4 -0.366    18.74 20.37 04a60056o0073c       0
60056.000731 19.271854      NaN      4    20 c    0   0.90 105.8277 23.02908  1642.43  5082.63 2.80 2.45  66.6 -0.370    18.79 20.34 04a60056o0099c    8192
60057.235300 19.115465      NaN     -3    26 c    0   1.13 105.8277 23.02908  9168.50  5520.77 2.79 2.35  25.4 -0.390    18.66 19.58 02a60057o0017c       0
60057.238465 19.271854      NaN      7    19 c    0   0.98 105.8277 23.02908  9150.49  5480.46 2.72 2.35  26.6 -0.395    19.02 20.10 02a60057o0024c       0
60057.243568 19.766969      NaN     -4    14 c    0   1.36 105.8277 23.02908  9209.84  5557.42 2.70 2.39  23.9 -0.399    19.22 20.48 02a60057o0035c       0
60057.254493 19.841877      NaN     -9    14 c    0   0.88 105.8277 23.02908  9234.05  5440.88 2.60 2.40  20.8 -0.408    19.33 20.60 02a60057o0059c       0