         MJD         m       dm   uJy  duJy F  err  chi/N        RA      Dec        x        y  maj  min   phi  apfit  mag5sig   Sky            Obs    Mask    duJy_new
57307.625190 19.569016      NaN    -4    18 c    0   1.09 136.35783 61.80255  5087.74  6825.31 4.19 3.74 -59.0 -0.434    19.34 21.33 02a57307o0461c    8192   27.181577
57307.647526 17.837796      NaN    37    79 c    0   1.32 136.35783 61.80255  5088.17  6830.89 3.99 3.49 -62.0 -0.469    18.05 18.78 02a57307o0496c       2   81.583320
57424.436100 19.922338      NaN     7    13 c    0   1.26 136.35783 61.80255  4958.33  3976.02 3.82 3.70 -38.4 -0.405    19.66 21.75 02a57424o0397c       0   24.162743
57424.451168 19.841877      NaN   -31    14 c    0   1.10 136.35783 61.80255  4685.93  3398.94 4.03 3.81 -20.0 -0.391    19.64 21.76 02a57424o0420c       0   24.715140
57424.477072 19.287255      NaN    30    16 c    0   0.96 136.35783 61.80255  5933.73  2833.76 4.13 3.85   0.2 -0.397    19.61 21.72 02a57424o0458c       0   25.900543
57424.482736 19.472870      NaN    22    15 c    0   1.19 136.35783 61.80255  6005.14  2742.74 4.06 3.76  -2.1 -0.407    19.64 21.78 02a57424o0467c       0   25.295022
57431.416714 19.766969      NaN    -6    15 c    0   1.03 136.35783 61.80255  5165.05  3587.41 4.23 4.06 -11.7 -0.370    19.50 21.62 02a57431o0387c       0   25.295022
57431.435237 19.631075      NaN   -49    17 c    0   1.01 136.35783 61.80255  4900.38  3016.02 4.82 4.50 -15.5 -0.338    19.35 21.58 02a57431o0417c       0   26.529948
57431.449282 19.287255      NaN    27    17 c    0   1.10 136.35783 61.80255  6138.51  2468.49 4.54 4.17   1.8 -0.378    19.43 21.56 02a57431o0439c       0   26.529948
57434.215805 17.405762      NaN   -87   132 c    0   1.17 136.35783 61.80255  9615.67  4530.14 4.38 3.61  79.8 -0.475    17.68 18.13 02a57434o0053c 8388610  133.562113
57448.412386 19.491430      NaN    21    15 c    0   0.83 136.35783 61.80255  5479.17  3976.25 3.77 3.68 -23.1 -0.421    19.64 21.68 02a57448o0255c       0   25.295022
57448.423115 19.922338      NaN   -29    13 c    0   1.32 136.35783 61.80255  5174.04  3391.34 3.92 3.65  -9.4 -0.411    19.62 21.64 02a57448o0277c       0   24.162743
57448.440547 19.696897      NaN   -23    16 c    0   1.09 136.35783 61.80255  6377.69  2844.61 3.90 3.65   8.2 -0.427    19.47 21.34 02a57448o0312c       0   25.900543
57448.457919 19.631075      NaN     6    17 c    0   1.23 136.35783 61.80255  6126.74  2938.93 3.85 3.66  -2.4 -0.420    19.26 20.94 02a57448o0345c       0   26.529948
57449.405254 20.009244      NaN   -14    12 c    0   1.48 136.35783 61.80255  5228.37  4030.22 3.81 3.65 -24.6 -0.416    19.72 21.83 02a57449o0407c       0   23.639757
57449.414121 19.922338      NaN     4    13 c    0   1.13 136.35783 61.80255  4921.41  3446.21 3.84 3.59 -14.6 -0.418    19.72 21.82 02a57449o0425c       0   24.162743
57449.433622 19.351140      NaN    38    12 c    0   1.59 136.35783 61.80255  6125.37  2874.97 3.86 3.61   2.9 -0.426    19.71 21.78 02a57449o0463c       0   23.639757
57449.450812 19.922338      NaN   -26    13 c    0   1.25 136.35783 61.80255  6132.92  2935.65 3.82 3.59   1.5 -0.420    19.70 21.75 02a57449o0495c       0   24.162743
57458.384426 18.944322      NaN   -51    32 c    0   0.88 136.35783 61.80255  5134.45  4182.96 4.28 4.15  73.2 -0.365    18.67 20.91 02a57458o0371c       0   37.932020
57458.395326 19.631075      NaN   -51    17 c    0   1.09 136.35783 61.80255  4828.27  3599.48 4.52 4.15 -66.2 -0.362    19.32 21.54 02a57458o0393c       0   26.529948
57458.412154 19.401649 0.310210    71    18 c    0   1.34 136.35783 61.80255  6024.58  3026.25 4.54 4.21 -83.1 -0.359    19.33 21.59 02a57458o0427c    4096   27.181577
57458.429104 19.334813      NaN    21    18 c    0   1.26 136.35783 61.80255  6127.74  2934.04 4.39 4.18  83.5 -0.374    19.40 21.62 02a57458o0460c       0   27.181577
57482.337359 19.241693      NaN    33    16 c    0   1.03 136.35783 61.80255  4962.52  4110.29 4.05 3.90 -32.7 -0.440    19.47 21.47 02a57482o0255c       0   25.900543
57482.353421 19.510313      NaN   -13    19 c    0   0.86 136.35783 61.80255  4660.57  3532.46 4.19 3.95 -68.4 -0.419    19.35 21.44 02a57482o0288c       0   27.853871
57482.371836 19.569016      NaN     4    18 c    0   1.20 136.35783 61.80255  5857.46  2958.84 4.07 3.74  -4.9 -0.439    19.42 21.38 02a57482o0326c       0   27.181577
57482.382423 19.241693      NaN    33    16 c    0   1.14 136.35783 61.80255  6100.43  2923.98 4.22 3.90  -3.2 -0.416    19.48 21.49 02a57482o0348c       0   25.900543
57488.307053 19.696897      NaN   -23    16 c    0   1.33 136.35783 61.80255  4967.50  4079.94 3.93 3.81 -34.5 -0.455    19.34 21.25 02a57488o0200c       0   25.900543
57488.316644 19.696897      NaN     0    16 c    0   1.34 136.35783 61.80255  4652.63  3497.23 3.90 3.67 -18.0 -0.463    19.42 21.28 02a57488o0220c       0   25.900543
57488.357090 19.063754      NaN    43    17 c    0   1.13 136.35783 61.80255  6107.18  2929.86 4.07 3.72  10.2 -0.451    19.40 21.26 02a57488o0235c       0   26.529948
57512.269644 19.510313      NaN   -32    19 c    0   0.96 136.35783 61.80255  3605.35  2873.38 4.43 3.82 -18.3 -0.464    19.29 21.18 02a57512o0114c       0   27.853871
57512.280778 19.510313      NaN   -31    19 c    0   1.06 136.35783 61.80255  3592.36  2831.02 4.51 3.87 -19.2 -0.450    19.27 21.18 02a57512o0137c       0   27.853871
57512.283196 19.510313      NaN    -1    19 c    0   1.10 136.35783 61.80255  3657.51  2905.77 4.38 3.82 -21.0 -0.458    19.27 21.17 02a57512o0142c       0   27.853871
57512.296742 19.401649      NaN   -32    21 c    0   0.84 136.35783 61.80255  3681.21  2782.43 4.52 3.85 -19.4 -0.441    19.29 21.22 02a57512o0170c       0   29.254711
57512.303037 19.569016      NaN   -21    18 c    0   1.00 136.35783 61.80255  6445.16  3755.67 4.20 4.07  -0.7 -0.428    19.30 21.26 02a57512o0183c       0   27.181577
57515.266954 19.256669      NaN   -72    24 c    0   1.04 136.35783 61.80255  5922.37  5388.06 4.57 4.29 -79.7 -0.519    19.20 21.27 02a57515o0106c       0   31.477581
57515.308370 18.675237      NaN   -73    41 c    0   1.17 136.35783 61.80255  5987.46  5291.69 4.08 3.77 -77.4 -0.498    18.60 20.51 02a57515o0191c       0   45.780325
57515.320554 19.401649      NaN   -58    21 c    0   1.15 136.35783 61.80255  5954.73  5343.11 3.99 3.65 -82.6 -0.479    19.33 21.28 02a57515o0216c       0   29.254711
57541.341157 18.702047      NaN   -96    40 c    0   0.95 136.35783 61.80255  2481.90  3008.57 4.51 3.69 -25.1 -0.452    18.56 20.51 02a57541o0279c       0   44.886948
57541.341526 18.729535      NaN  -125    39 c    0   0.83 136.35783 61.80255  2482.10  3008.45 4.54 3.72 -25.4 -0.453    18.56 20.52 02a57541o0280c       0   43.998161
57541.341893 18.598565      NaN   -65    44 c    0   0.82 136.35783 61.80255  2482.05  3008.50 4.56 3.74 -24.8 -0.441    18.54 20.52 02a57541o0281c       0   48.485442
57541.342261 18.702047      NaN   -34    40 c    0   1.06 136.35783 61.80255  2481.96  3008.46 4.61 3.75 -25.9 -0.445    18.54 20.52 02a57541o0282c       0   44.886948
57541.342630 18.675237      NaN     4    41 c    0   0.87 136.35783 61.80255  2482.00  3008.36 4.58 3.78 -26.2 -0.445    18.54 20.52 02a57541o0283c       0   45.780325
57541.342998 18.675237      NaN  -118    41 c    0   1.07 136.35783 61.80255  2481.87  3008.38 4.58 3.80 -24.1 -0.443    18.54 20.53 02a57541o0284c       0   45.780325
57541.343367 18.598565      NaN   -41    44 c    0   0.77 136.35783 61.80255  2482.04  3008.22 4.59 3.79 -23.9 -0.445    18.54 20.54 02a57541o0285c       0   48.485442
57541.343734 18.729535      NaN   -16    39 c    0   0.86 136.35783 61.80255  2482.14  3008.19 4.62 3.80 -25.4 -0.445    18.55 20.55 02a57541o0286c       0   43.998161
57541.344103 18.816441      NaN   -41    36 c    0   1.08 136.35783 61.80255  2482.10  3008.11 4.58 3.78 -25.1 -0.441    18.57 20.57 02a57541o0287c       0   41.362279
57541.344471 18.816441      NaN  -122    36 c    0   1.08 136.35783 61.80255  2482.26  3007.94 4.60 3.75 -22.7 -0.446    18.58 20.57 02a57541o0288c       0   41.362279
57758.412968 19.510313      NaN    11    18 c    0   0.93 136.35783 61.80255  5325.28  6437.97 3.75 3.63  89.7 -0.401    19.47 21.27 02a57758o0414c       0   27.181577
57758.414459 19.631075      NaN     0    17 c    0   1.08 136.35783 61.80255  4729.07  7014.12 3.72 3.63  89.0 -0.411    19.50 21.30 02a57758o0417c       0   26.529948
57758.426717 19.766969      NaN    -7    15 c    0   1.22 136.35783 61.80255  5630.66  7310.59 3.61 3.52 -79.5 -0.434    19.69 21.65 02a57758o0440c       0   25.295022
57758.441907 19.696897      NaN   -12    16 c    0   1.00 136.35783 61.80255  4441.65  6140.74 3.77 3.68  81.7 -0.387    19.71 21.74 02a57758o0469c       0   25.900543
57758.446907 19.841877      NaN    -1    14 c    0   0.94 136.35783 61.80255  5910.26  5861.78 3.83 3.67  89.1 -0.392    19.71 21.76 02a57758o0479c       0   24.715140
57758.447923 19.652575      NaN    10    16 c    0   0.92 136.35783 61.80255  4109.63  7588.19 3.69 3.65  60.3 -0.426    19.72 21.75 02a57758o0481c       0   25.900543
57758.454986 19.841877      NaN     7    14 c    0   1.27 136.35783 61.80255  5030.98  6731.05 3.71 3.59  86.0 -0.409    19.73 21.75 02a57758o0495c       0   24.715140
57758.461961 19.696897      NaN    -4    16 c    0   0.93 136.35783 61.80255  5030.73  6731.77 3.79 3.69  85.7 -0.401    19.70 21.74 02a57758o0509c       0   25.900543
57862.341644 19.696897      NaN     4    16 c    0   1.24 136.35783 61.80255  6336.71  2074.92 3.86 3.80  23.0 -0.425    18.89 20.68 02a57862o0245c       0   25.900543
57862.362154 18.649074      NaN   -33    42 c    0   0.97 136.35783 61.80255  6317.95  2033.23 3.99 3.89  28.6 -0.405    17.87 19.56 02a57862o0287c       0   46.678026
57862.377825 19.631075      NaN     2    17 c    0   0.98 136.35783 61.80255  6381.86  2113.57 3.89 3.80  38.6 -0.412    18.85 20.63 02a57862o0319c       0   26.529948
57862.382167 19.569016      NaN    -8    18 c    0   1.27 136.35783 61.80255  6400.01  1994.68 4.10 4.01   5.8 -0.392    18.79 20.63 02a57862o0328c       0   27.181577
57862.395423 19.454622      NaN   -48    20 c    0   0.89 136.35783 61.80255  6365.35  2052.50 3.90 3.78  22.4 -0.406    18.82 20.60 02a57862o0355c       0   28.545370
57870.344698 20.039830 0.310210    43    10 c    0   1.14 136.35783 61.80255  4604.51  3652.77 2.68 2.34  29.9 -0.453    19.45 20.58 02a57870o0160c       0   22.690045
57870.348391 19.791368      NaN    22    10 c    0   0.94 136.35783 61.80255  4586.75  3611.73 2.66 2.30  29.6 -0.463    19.45 20.57 02a57870o0167c       0   22.690045
57870.364302 19.696897      NaN    26    10 c    0   1.52 136.35783 61.80255  4639.70  3689.67 2.77 2.37  27.8 -0.465    19.37 20.49 02a57870o0197c       0   22.690045
57870.369534 19.674510      NaN    27    10 c    0   1.42 136.35783 61.80255  4658.02  3568.71 2.74 2.35  26.9 -0.463    19.37 20.49 02a57870o0207c       0   22.690045
57870.383193 19.569016      NaN    26    12 c    0   0.98 136.35783 61.80255  4620.88  3628.55 2.85 2.42  26.5 -0.457    19.31 20.42 02a57870o0233c       0   23.639757
58194.371774 20.362567      NaN    10     8 c    0   1.52 136.35783 61.80255  4972.42  3956.39 2.46 2.41  59.9 -0.413    19.75 21.63 02a58194o0340c       0   21.882370
58194.380754 20.594452      NaN     8     7 c    0   1.98 136.35783 61.80255  4955.49  3919.28 2.45 2.40  58.6 -0.412    19.77 21.60 02a58194o0359c       0   21.536902
58194.382580 20.244005 0.299513    37     8 c    0   1.27 136.35783 61.80255  5018.56  3995.12 2.41 2.38 -49.6 -0.413    19.79 21.61 02a58194o0363c       0   21.882370
58194.398222 20.594452      NaN    11     6 c    0   2.45 136.35783 61.80255  5035.89  3878.17 2.36 2.35  23.2 -0.416    19.80 21.61 02a58194o0396c       0   21.232949
58196.399806 20.321591 0.321700    35     8 c    0   1.42 136.35783 61.80255  4912.48  8621.29 2.46 2.25  26.0 -0.474    19.82 21.90 02a58196o0375c       0   21.882370
58196.401632 20.039830      NaN    16     9 c    0   1.24 136.35783 61.80255  4893.81  8581.73 2.48 2.25  26.9 -0.473    19.81 21.89 02a58196o0379c       0   22.267423
58196.416966 19.791368      NaN    22    10 c    0   1.27 136.35783 61.80255  4948.36  8659.37 2.48 2.25  22.5 -0.455    19.76 21.82 02a58196o0412c       0   22.690045
58196.421983 20.207197      NaN   -19    10 c    0   1.54 136.35783 61.80255  4965.85  8538.72 2.51 2.29  27.1 -0.473    19.64 21.68 02a58196o0423c       0   22.690045
58224.349083 15.708845      NaN     3   630 c    0   1.07 136.35783 61.80255  3219.35  8941.92 2.64 2.48 -35.6 -0.425    16.56 18.12 02a58224o0095c 8388610  630.329151
58252.322354 20.207197      NaN    -5    10 c    0   1.29 136.35783 61.80255  4174.08  8687.21 2.53 2.39   8.9 -0.450    19.58 21.20 02a58252o0190c       0   22.690045
58252.339770 19.719755      NaN    22    11 c    0   1.32 136.35783 61.80255  4171.40  8687.70 2.59 2.40   8.3 -0.465    19.49 21.09 02a58252o0225c       0   23.148178
58252.354661 19.791368      NaN    19    11 c    0   1.40 136.35783 61.80255  4160.30  8688.74 2.56 2.35   7.7 -0.463    19.50 21.07 02a58252o0257c       0   23.148178
58252.369915 19.652575      NaN    22    12 c    0   0.97 136.35783 61.80255  4168.58  8698.68 2.60 2.42  -6.8 -0.445    19.44 21.03 02a58252o0289c       0   23.639757
58256.309908 16.518019      NaN  -700   299 c    0   1.03 136.35783 61.80255  3263.91 10292.34 2.82 2.70  -1.2 -0.469    16.11 17.82 02a58256o0025c       2  299.692906
58256.315578 20.009244      NaN    -1    12 c    0   0.93 136.35783 61.80255  1509.70   552.57 2.55 2.40  81.8 -0.426    19.37 21.08 02a58256o0037c       0   23.639757
58256.319415 19.674510      NaN    18    13 c    0   1.03 136.35783 61.80255  3315.36 10366.95 2.76 2.63  10.4 -0.415    19.43 21.18 02a58256o0045c       0   24.162743
58256.327043 19.719755      NaN    16    13 c    0   1.05 136.35783 61.80255  1571.43   627.14 3.17 2.86  56.2 -0.417    19.28 21.20 02a58256o0061c       0   24.162743
58256.328901 20.009244      NaN   -16    12 c    0   1.07 136.35783 61.80255  3333.08 10248.87 2.79 2.72  15.5 -0.406    19.45 21.24 02a58256o0065c       0   23.639757
58256.337796 19.894850      NaN    12    12 c    0   0.91 136.35783 61.80255  1589.20   510.86 3.04 2.65  51.2 -0.423    19.35 21.19 02a58256o0084c       0   23.639757
58280.266518 19.631075      NaN    -5    17 c    0   1.49 136.35783 61.80255  5296.63  9863.20 2.71 2.63 -28.1 -0.415    19.25 20.83 02a58280o0057c 8388608   26.529948
58280.274586 17.825619 0.104941   277    26 c    0   0.81 136.35783 61.80255  3916.13    93.01 2.59 2.46  73.1 -0.403    19.19 20.80 02a58280o0073c 8392704   33.027839
58280.276972 19.696897      NaN     7    16 c    0   1.32 136.35783 61.80255  5276.88  9820.32 2.77 2.67  -0.3 -0.428    19.02 20.64 02a58280o0078c 8388608   25.900543
58280.284506 19.631075      NaN     0    17 c    0   0.98 136.35783 61.80255  3887.74    50.64 2.75 2.54  54.7 -0.397    19.30 20.90 02a58280o0094c 8388608   26.529948
58280.286895 19.302877      NaN    29    16 c    0   1.12 136.35783 61.80255  5329.71  9900.18 2.86 2.76   3.7 -0.419    19.04 20.68 02a58280o0099c 8388608   25.900543
58280.294436 18.317510 0.120637   179    19 c    0   0.98 136.35783 61.80255  3950.22   129.25 2.73 2.52  52.1 -0.396    19.16 20.73 02a58280o0115c 8392704   27.853871
58280.296755 19.696897      NaN     4    16 c    0   0.92 136.35783 61.80255  5346.96  9784.64 2.74 2.64 -13.7 -0.421    19.28 20.87 02a58280o0120c 8388608   25.900543
58284.269594 19.401649      NaN    26    15 c    0   1.04 136.35783 61.80255  1130.23   919.05 3.24 2.84  45.7 -0.436    19.19 20.82 02a58284o0061c       0   25.295022
58284.279588 19.766969      NaN   -21    15 c    0   1.31 136.35783 61.80255  1112.52   877.80 3.81 3.34  38.4 -0.396    19.02 20.79 02a58284o0082c       0   25.295022
58284.289657 19.089302      NaN    47    15 c    0   1.37 136.35783 61.80255  1175.12   957.51 3.34 2.98  45.8 -0.418    19.08 20.78 02a58284o0103c       0   25.295022
58284.299171 19.841877      NaN    -5    14 c    0   1.33 136.35783 61.80255  1191.79   844.74 3.13 2.80  40.4 -0.436    19.09 20.80 02a58284o0123c       0   24.715140
58428.612168 20.594452      NaN   -17     7 c    0   1.68 136.35783 61.80255  5792.13  3672.61 2.69 2.50 -73.0 -0.402    19.71 21.73 02a58428o0799c       0   21.536902
58428.620503 20.449472      NaN   -14     8 c    0   1.43 136.35783 61.80255  5815.17  3712.60 2.60 2.47  76.9 -0.411    19.71 21.73 02a58428o0817c       0   21.882370
58428.629353 19.696897      NaN    22     9 c    0   1.03 136.35783 61.80255  5761.37  3637.66 2.64 2.49 -87.2 -0.405    19.75 21.72 02a58428o0836c       0   22.267423
58428.637716 20.321591      NaN     0     9 c    0   1.32 136.35783 61.80255  5734.78  3754.70 2.74 2.58 -81.7 -0.398    19.68 21.64 02a58428o0854c       0   22.267423
58432.601320 20.103715      NaN   -11    11 c    0   1.17 136.35783 61.80255  8637.83 10081.76 2.65 2.54  -0.5 -0.416    19.69 21.56 02a58432o0885c       0   23.148178
58432.608772 20.321591      NaN   -25     9 c    0   1.43 136.35783 61.80255  6913.20   365.40 2.77 2.57  46.9 -0.435    19.68 21.59 02a58432o0901c       0   22.267423
58432.609698 19.894850      NaN     8    11 c    0   1.40 136.35783 61.80255  8667.48 10122.07 2.66 2.58  25.3 -0.411    19.65 21.52 02a58432o0903c       0   23.148178
58432.617061 20.171596      NaN     2    10 c    0   0.99 136.35783 61.80255  6934.65   406.91 2.76 2.59  48.3 -0.436    19.71 21.58 02a58432o0919c       0   22.690045
58432.618506 20.282105      NaN     5     8 c    0   1.76 136.35783 61.80255  8597.38 10051.78 2.88 2.67  51.0 -0.399    19.65 21.56 02a58432o0922c       0   21.882370
58432.625986 20.321591      NaN   -22     9 c    0   1.49 136.35783 61.80255  6882.66   331.16 2.66 2.50  55.1 -0.432    19.76 21.60 02a58432o0938c       0   22.267423
58432.626946 20.103715      NaN   -19    11 c    0   0.80 136.35783 61.80255  8573.17 10172.68 2.92 2.68  51.5 -0.389    19.59 21.53 02a58432o0940c       0   23.148178
58432.634355 19.868040      NaN    15     9 c    0   1.28 136.35783 61.80255  6864.19   451.03 2.68 2.52  57.1 -0.432    19.73 21.59 02a58432o0956c       0   22.267423
58436.601836 18.675237      NaN   -45    41 c    0   0.82 136.35783 61.80255  6103.98  2973.53 2.82 2.62 -71.1 -0.395    18.15 19.82 02a58436o0885c       0   45.780325
58436.610181 20.207197      NaN    -9    10 c    0   1.10 136.35783 61.80255  6125.02  3010.50 2.68 2.51  84.7 -0.408    19.62 21.49 02a58436o0903c       0   22.690045
58436.619076 19.631075      NaN    22    10 c    0   1.16 136.35783 61.80255  6071.86  2934.48 2.72 2.61  89.9 -0.398    19.44 21.29 02a58436o0922c       0   22.690045
58436.627407 19.631075      NaN    22    10 c    0   1.29 136.35783 61.80255  6055.27  3053.47 2.68 2.55  79.1 -0.405    19.49 21.36 02a58436o0940c       0   22.690045
58456.665549 18.702047      NaN   -17    40 c    0   1.00 136.35783 61.80255  3907.59  5311.41 2.51 2.42 -38.6 -0.416    18.13 18.82 02a58456o0889c    8192   44.886948
58460.618497 20.449472      NaN   -11     8 c    0   1.11 136.35783 61.80255  8963.74  3097.02 3.14 2.80  59.2 -0.405    19.67 21.96 02a58460o0924c       0   21.882370
58460.628300 20.449472      NaN    -4     8 c    0   1.07 136.35783 61.80255  8936.93  3053.65 2.92 2.73  63.1 -0.403    19.70 21.99 02a58460o0945c       0   21.882370
58460.638140 20.244005      NaN     6     8 c    0   1.19 136.35783 61.80255  8989.20  3134.83 2.82 2.63  60.6 -0.412    19.74 21.98 02a58460o0966c       0   21.882370
58460.648008 20.207197      NaN     0    10 c    0   1.03 136.35783 61.80255  9014.80  3019.20 3.30 3.10  58.5 -0.395    19.53 21.92 02a58460o0987c       0   22.690045
58488.549652 20.009244      NaN    -6    12 c    0   1.12 136.35783 61.80255  6509.18  1037.70 3.41 3.30  54.2 -0.374    19.38 21.68 02a58488o0762c       0   23.639757
58488.566829 20.103715      NaN    -6    11 c    0   1.49 136.35783 61.80255  6488.57  1000.14 3.77 3.63  57.6 -0.382    19.26 21.63 02a58488o0799c       0   23.148178
58488.568657 20.207197      NaN    -7    10 c    0   1.29 136.35783 61.80255  6550.73  1077.65 3.30 3.12  54.1 -0.385    19.43 21.64 02a58488o0803c       0   22.690045
58488.581795 20.321591      NaN     1     9 c    0   1.37 136.35783 61.80255  6564.64   962.59 3.13 2.90  42.8 -0.388    19.50 21.64 02a58488o0831c       0   22.267423
58492.580335 20.103715 0.329011    34    10 c    0   1.04 136.35783 61.80255  1856.44  6910.09 2.46 2.36 -12.2 -0.426    19.69 21.82 02a58492o0804c       0   22.690045
58492.582622 20.103715      NaN    -1    11 c    0   0.76 136.35783 61.80255  1837.47  6871.48 2.49 2.37 -22.2 -0.421    19.66 21.82 02a58492o0809c       0   23.148178
58492.601024 17.887916      NaN   123    44 c    0   2.40 136.35783 61.80255 10528.53  7061.31 2.66 2.49  47.6 -0.451    19.70 21.87 02a58492o0848c       0   48.485442
58492.601939 20.449472 0.361912    25     8 c    0   1.78 136.35783 61.80255  1891.33  6943.35 2.45 2.34  -7.0 -0.431    19.68 21.79 02a58492o0850c       0   21.882370
58492.615566 19.816329      NaN    20     8 c    0   1.73 136.35783 61.80255  1909.94  6824.93 2.53 2.45 -19.0 -0.420    19.61 21.77 02a58492o0879c       0   21.882370
58520.536539 20.594452      NaN    -4     7 c    0   1.63 136.35783 61.80255  1554.73  3099.83 2.68 2.62  42.4 -0.400    19.68 21.89 02a58520o0004c    8192   21.536902
58520.541111 20.449472      NaN   -11     8 c    0   1.16 136.35783 61.80255  1571.50  2978.49 2.62 2.55  58.5 -0.394    19.72 21.88 02a58520o0014c    8192   21.882370
58576.404424 20.321591      NaN     4     8 c    0   1.55 136.35783 61.80255  4042.32  4917.65 2.46 2.24  44.0 -0.396    19.61 21.47 02a58576o0391c       0   21.882370
58576.407170 20.207197      NaN   -19    10 c    0   0.95 136.35783 61.80255  4013.85  4877.27 2.54 2.19  41.2 -0.387    19.63 21.46 02a58576o0397c       0   22.690045
58576.423027 19.922338      NaN    13     9 c    0   1.44 136.35783 61.80255  4077.93  4954.12 2.34 2.27  40.6 -0.408    19.63 21.45 02a58576o0431c       0   22.267423
58576.428516 20.207197      NaN   -14    10 c    0   1.49 136.35783 61.80255  4095.96  4832.50 2.36 2.31  40.5 -0.405    19.60 21.43 02a58576o0443c       0   22.690045
58580.387507 19.183773 0.141005    78    10 c    0   5.58 136.35783 61.80255  4880.37  2974.78 2.50 2.25  50.4 -0.399    19.57 21.34 02a58580o0354c       0   22.690045
58580.401516 19.868040      NaN    12    10 c    0   1.42 136.35783 61.80255  4863.37  2936.49 2.52 2.33  52.8 -0.396    19.53 21.29 02a58580o0384c       0   22.690045
58580.405631 20.103715      NaN   -23    11 c    0 113.00 136.35783 61.80255  4925.13  3010.80 2.53 2.40  55.1 -0.398    19.51 21.26 02a58580o0393c       0   23.148178
58580.419185 19.472870      NaN    30    10 c    0   1.38 136.35783 61.80255  4945.17  2894.76 2.51 2.36  54.1 -0.400    19.49 21.21 02a58580o0422c       0   22.690045
58604.342562 20.207197      NaN    -1    10 c    0   1.75 136.35783 61.80255  7175.18  8835.10 2.67 2.63 -41.1 -0.402    19.44 21.29 02a58604o0224c       0   22.690045
58604.357470 20.009244      NaN   -13    12 c    0   1.41 136.35783 61.80255  7154.57  8793.43 2.68 2.67   2.8 -0.401    19.39 21.26 02a58604o0256c       0   23.639757
58604.362517 19.979496      NaN     2    12 c    0   1.27 136.35783 61.80255  7206.83  8871.94 2.69 2.67  55.7 -0.403    19.41 21.25 02a58604o0267c       0   23.639757
58612.281638 19.868040      NaN    12    10 c    0   1.03 136.35783 61.80255  6500.52   970.68 2.38 2.21 -68.5 -0.414    19.54 20.94 02a58612o0109c       0   22.690045
58612.283519 20.103715      NaN     0    11 c    0   0.93 136.35783 61.80255  6479.51   929.79 2.39 2.24 -62.9 -0.412    19.53 20.94 02a58612o0113c       0   23.148178
58612.289061 20.039830      NaN     6    10 c    0   1.30 136.35783 61.80255  6542.02  1008.82 2.38 2.20 -60.5 -0.417    19.52 20.96 02a58612o0125c       0   22.690045
58612.304315 20.244005      NaN     3     9 c    0   1.58 136.35783 61.80255  6561.84   887.10 2.45 2.25 -66.4 -0.412    19.52 20.98 02a58612o0158c       0   22.267423
58788.630681 19.719755      NaN    18    10 c    0   1.46 136.35783 61.80255  9531.50  2996.94 2.64 2.25 -59.3 -0.406    19.60 21.28 02a58788o0885c       0   22.690045
58788.631138 20.449472      NaN     0     8 c    0   1.82 136.35783 61.80255   348.73  2904.84 2.62 2.24 -59.1 -0.409    19.57 21.25 02a58788o0886c       0   21.882370
58788.634397 20.137125      NaN     3    10 c    0   1.23 136.35783 61.80255   366.06  2945.19 2.61 2.20 -59.8 -0.420    19.63 21.25 02a58788o0893c       0   22.690045
58788.635773 20.321591      NaN   -26     9 c    0   1.21 136.35783 61.80255  9550.87  3035.29 2.66 2.23 -60.2 -0.407    19.59 21.26 02a58788o0896c       0   22.267423
58788.640677 19.472870      NaN    30    10 c    0   1.24 136.35783 61.80255   310.65  2861.96 2.65 2.25 -59.6 -0.405    19.53 21.15 02a58788o0906c       0   22.690045
58788.642535 19.529530      NaN    27    10 c    0   1.59 136.35783 61.80255  9497.86  2962.16 2.64 2.29 -60.5 -0.399    19.50 21.10 02a58788o0910c       0   22.690045
58788.646112 20.207197      NaN     1    10 c    0   1.65 136.35783 61.80255   293.74  2979.77 2.63 2.24 -59.3 -0.399    19.37 20.71 02a58788o0917c       0   22.690045
58788.647957 19.510313      NaN    13    15 c    0   1.15 136.35783 61.80255  9479.09  3082.26 2.59 2.32 -62.7 -0.398    19.22 20.47 02a58788o0921c       0   25.295022
58792.468937 19.510313      NaN    25    11 c    0   1.33 136.35783 61.80255   342.23  2913.00 2.40 2.37  89.5 -0.397    19.29 20.88 02a58792o0619c       0   23.148178
58792.473726 19.922338      NaN     7    11 c    0   1.28 136.35783 61.80255   362.88  2954.00 2.76 2.26 -53.1 -0.396    19.34 20.91 02a58792o0629c       0   23.148178
58792.480553 19.674510      NaN    23     9 c    0   1.59 136.35783 61.80255   304.32  2868.75 2.38 2.32  69.9 -0.399    19.36 21.00 02a58792o0643c       0   22.267423
58792.491015 19.719755      NaN    18    10 c    0   1.24 136.35783 61.80255   284.91  2983.41 2.56 2.19 -56.7 -0.412    19.44 21.03 02a58792o0664c       0   22.690045
58792.625016 19.569016      NaN    -7    18 c    0   0.99 136.35783 61.80255  9529.91  2999.64 2.59 2.39 -61.3 -0.394    19.01 20.67 02a58792o0939c       0   27.181577
58792.628304 19.271854      NaN    27    15 c    0   0.92 136.35783 61.80255  9549.70  3035.86 2.64 2.41 -60.5 -0.388    19.04 20.78 02a58792o0946c       0   25.295022
58792.635368 20.009244      NaN     0    12 c    0   1.14 136.35783 61.80255  9494.38  2965.16 2.56 2.43 -71.5 -0.386    19.46 21.17 02a58792o0961c       0   23.639757
58792.640799 19.491430      NaN    23    12 c    0   1.20 136.35783 61.80255  9473.52  3084.62 2.55 2.43 -66.4 -0.394    19.43 21.10 02a58792o0972c       0   23.639757
58796.632598 20.103715      NaN    -5    11 c    0   0.95 136.35783 61.80255  2082.71  7398.96 2.35 2.31  70.0 -0.411    19.55 21.14 02a58796o0943c       0   23.148178
58796.637728 19.696897      NaN    19    10 c    0   1.33 136.35783 61.80255  2103.60  7439.08 2.34 2.30  60.0 -0.411    19.58 21.16 02a58796o0954c       0   22.690045
58796.643799 19.472870      NaN    27    11 c    0   0.92 136.35783 61.80255  2044.37  7358.36 2.38 2.34  56.0 -0.405    19.55 21.03 02a58796o0967c       0   23.148178
58796.649118 19.155932      NaN    35    15 c    0   1.18 136.35783 61.80255  2024.34  7473.83 2.39 2.37  59.0 -0.404    19.12 20.40 02a58796o0978c       0   25.295022
58816.581042 20.207197      NaN    -8    10 c    0   1.25 136.35783 61.80255  4111.87  9624.91 2.60 2.50  53.7 -0.390    19.68 21.59 02a58816o0848c       0   22.690045
58816.583962 20.207197      NaN    -9    10 c    0   1.72 136.35783 61.80255  4133.07  9665.49 2.60 2.54  60.0 -0.395    19.68 21.57 02a58816o0854c       0   22.690045
58816.590108 20.207197      NaN    -5    10 c    0   0.93 136.35783 61.80255  4070.52  9585.27 2.65 2.57  57.0 -0.387    19.65 21.59 02a58816o0867c       0   22.690045
58816.600152 20.009244      NaN    -1    12 c    0   1.09 136.35783 61.80255  4052.05  9704.93 2.87 2.78  81.1 -0.378    19.54 21.55 02a58816o0888c       0   23.639757
58868.487537 19.766969      NaN    19     9 c    0   1.32 136.35783 61.80255  3301.46  9130.98 2.52 2.18 -52.9 -0.421    19.82 21.91 02a58868o0626c       0   22.267423
58868.490423 20.207197      NaN   -18    10 c    0   1.05 136.35783 61.80255  3282.81  9090.59 2.54 2.25 -51.7 -0.418    19.81 21.91 02a58868o0632c       0   22.690045
58868.497374 19.766969      NaN    22     8 c    0   1.88 136.35783 61.80255  3334.99  9165.40 2.49 2.24 -51.9 -0.415    19.81 21.88 02a58868o0647c       0   21.882370
58868.508066 20.405150      NaN     2     8 c    0   1.04 136.35783 61.80255  3354.41  9047.02 2.45 2.18 -50.7 -0.422    19.83 21.84 02a58868o0670c       0   21.882370
58872.442378 20.594452      NaN     0     7 c    0   1.22 136.35783 61.80255  7289.67  1442.32 2.51 2.28 -67.6 -0.406    19.84 22.05 02a58872o0525c       0   21.536902
58872.447725 20.449472      NaN    -5     8 c    0   1.24 136.35783 61.80255  7304.08  1479.17 2.54 2.34 -65.7 -0.404    19.82 22.06 02a58872o0536c       0   21.882370
58872.450929 20.594452      NaN    -6     7 c    0   1.78 136.35783 61.80255  7256.06  1403.12 2.54 2.33 -69.6 -0.402    19.82 22.05 02a58872o0543c       0   21.536902
58872.461921 20.405150      NaN     5     7 c    0   1.87 136.35783 61.80255  7240.37  1521.00 2.59 2.30 -64.1 -0.403    19.79 22.05 02a58872o0567c       0   21.536902
58876.442658 20.071303      NaN     8     9 c    0   1.24 136.35783 61.80255  9810.95  5198.45 2.73 2.68  83.6 -0.399    19.64 21.76 02a58876o0506c       0   22.267423
58876.445467 20.321591      NaN   -26     9 c    0   1.50 136.35783 61.80255   752.12  5338.27 2.43 2.26 -47.8 -0.407    19.67 21.71 02a58876o0511c       0   22.267423
58876.450728 20.321591      NaN   -23     9 c    0   1.18 136.35783 61.80255   810.78  5412.19 2.52 2.30  21.0 -0.401    19.70 21.77 02a58876o0521c       0   22.267423
58876.460933 19.696897      NaN    -4    16 c    0   1.26 136.35783 61.80255   830.28  5295.35 2.41 2.32 -38.5 -0.408    18.78 20.60 02a58876o0540c       0   25.900543
58876.562877 20.449472      NaN    -7     8 c    0   1.80 136.35783 61.80255 10200.42  5448.41 2.52 2.49 -51.5 -0.412    19.62 21.60 02a58876o0752c       0   21.882370
58876.566548 20.321591      NaN    -4     9 c    0   1.56 136.35783 61.80255 10181.20  5404.42 2.59 2.52 -65.1 -0.412    19.66 21.66 02a58876o0760c       0   22.267423
58876.572318 20.207197      NaN    -3    10 c    0   1.03 136.35783 61.80255 10239.32  5484.20 2.64 2.51 -60.1 -0.414    19.77 21.80 02a58876o0772c       0   22.690045
58876.584391 20.039830      NaN     6    10 c    0   1.30 136.35783 61.80255 10260.52  5370.16 2.60 2.57 -21.8 -0.415    19.70 21.74 02a58876o0794c       0   22.690045
58880.425879 19.454622      NaN   -13    20 c    0   1.16 136.35783 61.80255  9815.55  5198.80 2.91 2.53 -66.9 -0.403    18.71 20.53 02a58880o0125c    8192   28.545370
58880.429278 18.796518      NaN     9    34 c    0   1.02 136.35783 61.80255  9835.03  5236.25 2.97 2.61 -67.3 -0.399    18.37 20.19 02a58880o0132c    8192   39.633800
58880.436417 18.125925      NaN  -384    68 c    0   1.68 136.35783 61.80255  9778.93  5160.75 3.12 2.65 -64.8 -0.398    17.07 18.82 02a58880o0147c       2   70.984774
58880.444973 17.143924      NaN  -398   168 c    0   1.32 136.35783 61.80255   384.85  5122.40 2.97 2.39 -57.7 -0.397    16.70 18.43 02a58880o0165c       2  169.230134
58880.450191 17.105824      NaN   -94   174 c    0   1.07 136.35783 61.80255   825.41  5288.50 3.10 2.57 -56.5 -0.375    16.71 18.52 02a58880o0176c       2  175.188008
58880.453396 15.331285      NaN  -596   892 c    0   1.05 136.35783 61.80255 10245.64  5494.27 3.40 2.65 -65.4 -0.451    15.42 17.11 02a58880o0183c       2  892.232502
58900.388694 20.449472      NaN   -12     8 c    0   1.59 136.35783 61.80255   159.10  1423.50 3.08 2.73 -59.8 -0.375    19.58 21.78 02a58900o0372c       0   21.882370
58900.390980 20.207197      NaN     4     8 c    0   1.68 136.35783 61.80255   139.65  1386.74 2.95 2.47 -61.1 -0.390    19.69 21.78 02a58900o0377c       0   21.882370
58900.395130 19.894850      NaN     8    10 c    0   1.02 136.35783 61.80255   202.99  1457.97 2.84 2.42 -59.6 -0.392    19.31 21.33 02a58900o0386c       0   22.690045
58900.405206 19.674510      NaN    20     9 c    0   1.41 136.35783 61.80255   221.28  1339.36 2.83 2.51 -59.4 -0.393    19.68 21.78 02a58900o0406c       0   22.267423
58900.412727 20.009244      NaN     4    10 c    0   1.51 136.35783 61.80255 10193.65  1460.74 2.99 2.53 -55.9 -0.394    19.64 21.79 02a58900o0419c       0   22.690045
58900.415367 20.207197      NaN    -3    10 c    0   1.37 136.35783 61.80255 10173.87  1420.35 2.90 2.37 -63.1 -0.397    19.68 21.78 02a58900o0424c       0   22.690045
58900.422058 19.841877      NaN    -3    14 c    0   0.96 136.35783 61.80255 10238.77  1502.42 3.15 2.71 -60.6 -0.396    19.42 21.58 02a58900o0437c       0   24.715140
58900.431820 20.449472      NaN   -36     8 c    0   1.46 136.35783 61.80255 10262.04  1390.76 3.10 2.53 -61.7 -0.393    19.66 21.81 02a58900o0456c       0   21.882370
58932.407350 20.449472      NaN   -10     8 c    0   1.42 136.35783 61.80255  2812.88  2932.39 2.51 2.45 -67.7 -0.393    19.64 21.58 02a58932o0403c       0   21.882370
58932.410607 19.719755      NaN    21     8 c    0   1.43 136.35783 61.80255  2791.74  2892.59 2.51 2.43 -60.4 -0.395    19.57 21.57 02a58932o0410c       0   21.882370
58932.416214 20.171596      NaN     2     9 c    0   1.50 136.35783 61.80255  2851.65  2968.10 2.45 2.45 -78.5 -0.393    19.59 21.52 02a58932o0422c       0   22.267423
58932.426988 20.039830      NaN     6     9 c    0   1.19 136.35783 61.80255  2873.34  2846.38 2.46 2.39 -59.2 -0.393    19.59 21.49 02a58932o0445c       0   22.267423
58956.410782 20.137125      NaN     0    10 c    0   1.26 136.35783 61.80255  2461.32  5649.15 2.56 2.32 -49.6 -0.398    19.45 21.22 02a58956o0386c       0   22.690045
58956.413759 19.652575      NaN    15    11 c    0   1.36 136.35783 61.80255  2444.14  5608.92 2.57 2.30 -48.2 -0.404    19.43 21.21 02a58956o0392c       0   23.148178
58956.421978 20.207197      NaN   -20    10 c    0   1.67 136.35783 61.80255  2502.67  5683.39 2.56 2.51  37.7 -0.384    19.39 21.18 02a58956o0409c       0   22.690045
58956.433364 19.841877      NaN    10    10 c    0   1.36 136.35783 61.80255  2522.40  5569.19 2.60 2.46  32.4 -0.381    19.38 21.14 02a58956o0432c       0   22.690045
58960.294786 19.529530      NaN    24    10 c    0   1.35 136.35783 61.80255  2461.21  5673.31 2.36 2.26  14.2 -0.399    19.65 21.30 02a58960o0147c       0   22.690045
58960.298088 19.472870      NaN    27    10 c    0   1.00 136.35783 61.80255  2442.29  5633.99 2.34 2.26  12.5 -0.402    19.65 21.29 02a58960o0154c       0   22.690045
58960.303404 19.791368      NaN    18     8 c    0   2.02 136.35783 61.80255  2497.20  5707.92 2.33 2.25  20.6 -0.397    19.62 21.25 02a58960o0165c       0   21.882370
58960.317427 20.103715      NaN   -18    11 c    0   1.34 136.35783 61.80255  2513.51  5590.69 3.05 2.34  33.8 -0.358    19.50 21.21 02a58960o0194c       0   23.148178
58964.313247 14.256518      NaN  3011  1396 c    0   0.76 136.35783 61.80255  4348.44  1013.10 2.62 2.50 -85.4 -0.393    14.32 15.59 02a58964o0171c 8388610 1396.148573
58988.268368 20.009244      NaN    -6    12 c    0   1.26 136.35783 61.80255  1008.26  7575.00 3.10 2.89 -47.3 -0.389    19.26 21.12 02a58988o0077c       0   23.639757
58988.273536 20.009244      NaN    -7    12 c    0   1.13 136.35783 61.80255   990.70  7541.94 3.20 2.86 -48.8 -0.387    19.30 21.10 02a58988o0086c       0   23.639757
58988.276740 19.922338      NaN   -32    13 c    0   1.16 136.35783 61.80255  1045.92  7609.58 3.17 2.78 -48.9 -0.375    19.30 21.09 02a58988o0093c       0   24.162743
58988.280923 19.868040      NaN     6    11 c    0   1.09 136.35783 61.80255 10182.29  7689.81 2.98 2.89 -61.8 -0.383    19.44 21.18 02a58988o0102c       0   23.148178
58988.283720 20.009244      NaN   -15    12 c    0   1.28 136.35783 61.80255 10163.90  7655.03 3.00 2.87 -69.8 -0.375    19.49 21.17 02a58988o0108c       0   23.639757
58988.286533 20.009244      NaN   -12    12 c    0   1.04 136.35783 61.80255  1066.56  7491.34 2.77 2.40 -51.2 -0.414    19.39 21.04 02a58988o0114c       0   23.639757
58988.289774 19.922338      NaN   -13    13 c    0   1.07 136.35783 61.80255 10220.21  7736.39 3.04 2.96 -53.5 -0.381    19.46 21.14 02a58988o0121c       0   24.162743
58988.300880 19.816329      NaN     2    13 c    0   1.41 136.35783 61.80255 10239.98  7619.59 3.03 2.92 -60.0 -0.376    19.43 21.12 02a58988o0145c       0   24.162743
58992.244904 18.403357      NaN    36    40 c    0   1.28 136.35783 61.80255 10199.29  7706.50 2.84 2.69  58.5 -0.387    18.55 19.29 02a58992o0022c       0   44.886948
58992.248111 19.212347      NaN   -14    25 c    0   0.97 136.35783 61.80255 10179.93  7660.67 2.86 2.74  84.4 -0.385    18.95 19.97 02a58992o0029c       0   32.246521
58992.255474 19.922338      NaN   -36    13 c    0   1.06 136.35783 61.80255 10230.98  7735.57 2.96 2.55  35.0 -0.388    19.43 20.95 02a58992o0045c       0   24.162743
58992.266129 20.009244      NaN   -44    12 c    0   0.99 136.35783 61.80255 10250.70  7620.53 2.76 2.67 -76.6 -0.394    19.56 21.20 02a58992o0068c       0   23.639757
59144.491431 18.702047 0.099526   118    11 c    0   1.58 136.35783 61.80255  3791.93  1168.37 2.53 2.28 -49.6 -0.416    19.47 21.30 02a59144o0605c       0   23.148178
59144.499750 18.542463 0.093733   137    12 c    0   1.18 136.35783 61.80255  3811.40  1207.78 2.46 2.35 -59.1 -0.418    19.49 21.33 02a59144o0623c       0   23.639757
59144.512666 18.459772 0.072382   148    10 c    0   1.48 136.35783 61.80255  3756.90  1125.72 2.50 2.30 -58.5 -0.421    19.54 21.38 02a59144o0651c       0   22.690045
59144.519157 18.474346 0.073361   146    10 c    0   1.13 136.35783 61.80255  3738.94  1241.74 2.53 2.30 -55.6 -0.421    19.54 21.39 02a59144o0665c       0   22.690045
59194.526807 20.321591      NaN   -30     9 c    0   1.25 136.35783 61.80255   134.79  1440.38 2.51 2.35  13.6 -0.423    19.74 23.08 01a59194o0744c       0   22.267423
59194.529574 20.321591      NaN   -84     9 c    0   1.25 136.35783 61.80255   112.26  1403.76 2.45 2.27  44.7 -0.419    19.75 23.08 01a59194o0750c    4096   22.267423
59194.532335 20.282105      NaN    -1     9 c    0   1.17 136.35783 61.80255   174.74  1477.60 2.59 2.37  55.3 -0.414    19.73 23.08 01a59194o0756c       0   22.267423
59194.546117 20.009244      NaN     7     9 c    0   1.47 136.35783 61.80255   189.14  1361.41 2.56 2.33  58.6 -0.424    19.69 23.01 01a59194o0785c       0   22.267423
59194.555805 19.791368      NaN    15     9 c    0   1.48 136.35783 61.80255 10163.59  1415.09 2.78 2.60 -31.7 -0.340    19.75 23.02 01a59194o0806c       0   22.267423
59194.559039 20.171596 0.350237    29    10 c    0   1.30 136.35783 61.80255 10142.39  1374.93 2.83 2.69 -35.0 -0.348    19.68 23.04 01a59194o0813c       0   22.690045
59194.561803 20.207197      NaN   -13    10 c    0   1.13 136.35783 61.80255 10205.20  1454.54 3.08 2.84 -20.5 -0.325    19.66 23.00 01a59194o0819c       0   22.690045
59194.572776 20.071303      NaN     5     9 c    0   1.67 136.35783 61.80255 10226.38  1337.31 3.04 2.83 -38.9 -0.343    19.66 22.97 01a59194o0842c       0   22.267423
59200.600722 20.009244 0.211115    34     7 c    0   1.51 136.35783 61.80255  8473.40  3189.12 2.34 2.33  74.2 -0.392    19.81 21.76 02a59200o0789c    8192   21.536902
59200.658319 19.529530      NaN    18    12 c    0   1.38 136.35783 61.80255  8446.53  3146.15 2.82 2.41  32.6 -0.371    19.18 20.96 02a59200o0853c    8192   23.639757
59200.666193 16.315436      NaN     5   358 c    0   1.45 136.35783 61.80255  8513.91  3226.18 2.55 2.50  15.8 -0.392    15.44 16.51 02a59200o0870c       2  358.578915
59206.506873 19.766969      NaN    19     8 c    0   1.59 136.35783 61.80255  8308.83  7611.34 2.80 2.70 -89.6 -0.367    19.69 21.98 01a59206o0659c       0   21.882370
59206.510128 20.594452      NaN    -2     7 c    0   1.47 136.35783 61.80255  8290.83  7572.85 2.68 2.58  75.2 -0.371    19.78 21.98 01a59206o0666c       0   21.536902
59206.514733 19.841877      NaN    16     8 c    0   1.27 136.35783 61.80255  8345.75  7652.18 2.74 2.58  87.0 -0.373    19.74 21.96 01a59206o0676c       0   21.882370
59206.520282 20.321591      NaN     1     8 c    0   1.42 136.35783 61.80255  8364.47  7536.40 2.74 2.64  51.7 -0.367    19.75 21.93 01a59206o0688c       0   21.882370
59222.451826 20.282105      NaN     2     8 c    0   1.56 136.35783 61.80255  1482.73  9310.55 2.54 2.25 -63.0 -0.397    19.78 21.82 01a59222o0556c       0   21.882370
59222.454590 20.405150      NaN    -1     8 c    0   1.62 136.35783 61.80255  1462.15  9273.56 2.63 2.34 -62.0 -0.391    19.72 21.79 01a59222o0562c       0   21.882370
59222.456053 20.321591      NaN   -27     9 c    0   1.50 136.35783 61.80255 10426.71  9422.47 3.21 2.70  34.8 -0.328    19.63 21.78 01a59222o0565c       0   22.267423
59222.457435 19.979496      NaN     8     9 c    0   1.26 136.35783 61.80255  1515.34  9350.73 2.66 2.33 -66.8 -0.392    19.73 21.79 01a59222o0568c       0   22.267423
59222.459277 19.766969      NaN    13    10 c    0   1.18 136.35783 61.80255 10405.41  9379.75 2.83 2.62  57.4 -0.348    19.72 21.77 01a59222o0572c       0   22.690045
59222.462969 20.171596      NaN     8     7 c    0   2.24 136.35783 61.80255  1533.26  9233.05 2.63 2.29 -66.4 -0.387    19.74 21.79 01a59222o0580c       0   21.536902
59222.465272 19.979496      NaN     2    11 c    0   1.16 136.35783 61.80255 10461.08  9462.53 2.81 2.56  65.5 -0.355    19.76 21.79 01a59222o0585c       0   23.148178
59222.475388 20.207197      NaN   -11    10 c    0   1.25 136.35783 61.80255 10476.55  9346.88 2.87 2.61  78.8 -0.356    19.77 21.84 01a59222o0606c       0   22.690045
59226.466741 19.766969      NaN    19     8 c    0   1.60 136.35783 61.80255  2776.17  2946.80 3.09 2.95  75.2 -0.364    19.55 22.11 01a59226o0550c       0   21.882370
59226.468591 19.766969      NaN    19     8 c    0   1.50 136.35783 61.80255  2755.84  2908.39 3.15 3.04  77.6 -0.342    19.54 22.11 01a59226o0554c       0   21.882370
59226.474148 20.039830      NaN    12     7 c    0   1.71 136.35783 61.80255  2815.57  2984.19 3.02 2.93  61.7 -0.350    19.61 22.12 01a59226o0566c       0   21.536902
59226.479672 19.674510 0.199421    47     9 c    0   1.08 136.35783 61.80255  2834.38  2866.35 3.04 2.96  11.0 -0.352    19.62 22.13 01a59226o0578c       0   22.267423
59228.515507 19.868040 0.264814    39    10 c    0   1.24 136.35783 61.80255  8583.24  9411.14 2.92 2.76 -74.9 -0.380    19.69 21.82 02a59228o0617c       0   22.690045
59228.519167 20.137125      NaN     3     9 c    0   1.62 136.35783 61.80255  8563.73  9367.43 2.86 2.69 -72.9 -0.386    19.71 21.80 02a59228o0625c       0   22.267423
59228.524664 20.071303 0.351268    32    11 c    0   1.24 136.35783 61.80255  8616.55  9445.77 3.06 2.95  88.2 -0.371    19.60 21.78 02a59228o0637c       0   23.148178
59228.536157 19.950541      NaN     6    10 c    0   1.57 136.35783 61.80255  8634.28  9332.30 3.03 2.94  85.2 -0.371    19.55 21.70 02a59228o0662c       0   22.690045
59230.454953 19.719755      NaN    21     8 c    0   1.93 136.35783 61.80255  2783.85  2947.27 2.56 2.45  88.4 -0.409    19.72 21.93 01a59230o0557c       0   21.882370
59230.456798 19.922338 0.194876    37     7 c    0   1.54 136.35783 61.80255  2761.04  2908.87 2.46 2.17  86.2 -0.425    19.78 21.93 01a59230o0561c       0   21.536902
59230.463428 19.766969      NaN    19     8 c    0   1.16 136.35783 61.80255  2821.86  2984.78 2.39 2.19  84.0 -0.422    19.80 21.92 01a59230o0574c       0   21.882370
59230.473237 19.589310      NaN    24     9 c    0   1.24 136.35783 61.80255  2837.11  2868.87 2.58 2.55  21.5 -0.423    19.68 21.89 01a59230o0595c       0   22.267423
59250.427913 19.766969      NaN    19     8 c    0   1.31 136.35783 61.80255  8048.87  4856.23 2.71 2.61 -14.0 -0.367    19.73 22.03 01a59250o0476c       0   21.882370
59250.430736 20.171596 0.280190    29     8 c    0   1.37 136.35783 61.80255  8064.56  4890.89 2.73 2.44  89.5 -0.402    19.81 22.02 01a59250o0482c       0   21.882370
59250.436319 20.207197 0.289530    28     8 c    0   1.66 136.35783 61.80255  8007.73  4816.46 2.82 2.57 -87.4 -0.394    19.76 22.05 01a59250o0494c       0   21.882370
59250.447000 19.979496      NaN    14     7 c    0   2.06 136.35783 61.80255  7994.74  4929.84 2.77 2.45 -87.1 -0.386    19.77 22.07 01a59250o0517c       0   21.536902
59252.461836 20.449472      NaN    -2     8 c    0   1.30 136.35783 61.80255  2275.37  1200.81 2.38 2.27 -77.0 -0.426    19.75 21.74 02a59252o0558c       0   21.882370
59252.465061 20.594452      NaN   -25     7 c    0   1.37 136.35783 61.80255  2254.86  1163.25 2.44 2.32 -76.0 -0.425    19.73 21.74 02a59252o0565c       0   21.536902
59252.471039 20.207197      NaN     4     8 c    0   1.59 136.35783 61.80255  2317.22  1237.91 2.47 2.35 -75.4 -0.420    19.72 21.73 02a59252o0578c       0   21.882370
59252.481629 20.449472      NaN    -5     8 c    0   1.34 136.35783 61.80255  2341.26  1123.92 2.37 2.25 -75.5 -0.430    19.78 21.75 02a59252o0601c       0   21.882370
59254.424067 20.009244      NaN    10     8 c    0   1.34 136.35783 61.80255  8049.60  4850.35 2.89 2.40 -88.3 -0.423    19.72 21.93 01a59254o0471c       0   21.882370
59254.427301 20.171596 0.315214    29     9 c    0   1.32 136.35783 61.80255  8070.47  4887.82 2.92 2.41  89.7 -0.411    19.72 21.95 01a59254o0478c       0   22.267423
59254.434229 19.766969      NaN    19     8 c    0   1.28 136.35783 61.80255  8013.71  4812.34 2.91 2.37 -88.9 -0.423    19.74 21.92 01a59254o0493c       0   21.882370
59254.446742 19.816329      NaN    14     9 c    0   1.44 136.35783 61.80255  7999.34  4929.53 2.95 2.45 -87.4 -0.409    19.68 21.96 01a59254o0520c       0   22.267423
59256.422258 20.761819      NaN   -12     6 c    0   1.61 136.35783 61.80255  2275.87  1213.48 2.39 2.25 -68.1 -0.427    19.80 21.84 02a59256o0465c       0   21.232949
59256.426857 20.137125 0.305363    30     9 c    0   1.28 136.35783 61.80255  2254.75  1170.36 2.46 2.37 -76.6 -0.420    19.72 21.85 02a59256o0475c       0   22.267423
59256.461715 20.594452      NaN    -9     7 c    0   1.25 136.35783 61.80255  2316.50  1240.13 2.40 2.34  86.4 -0.419    19.79 21.84 02a59256o0550c       0   21.536902
59256.486267 20.449472      NaN   -12     8 c    0   1.05 136.35783 61.80255  2336.16  1121.47 2.43 2.32 -81.7 -0.417    19.76 21.79 02a59256o0602c       0   21.882370
59258.445085 20.449472      NaN   -11     8 c    0   0.98 136.35783 61.80255  6256.95  9498.02 2.45 2.33 -34.0 -0.351    19.73 21.82 01a59258o0518c       0   21.882370
59258.448778 20.071303      NaN     8     8 c    0   1.48 136.35783 61.80255  6277.30  9535.36 2.48 2.39 -27.7 -0.355    19.70 21.81 01a59258o0526c       0   21.882370
59258.454325 20.071303 0.255467    32     8 c    0   1.31 136.35783 61.80255  6217.34  9460.96 2.52 2.39 -15.7 -0.346    19.72 21.82 01a59258o0538c       0   21.882370
59258.464483 20.449472      NaN    -6     8 c    0   1.66 136.35783 61.80255  6197.83  9577.47 2.60 2.46 -24.3 -0.343    19.65 21.82 01a59258o0560c       0   21.882370
59262.372652 20.207197      NaN     4     8 c    0   1.31 136.35783 61.80255  4335.23  1060.02 2.67 2.38  43.5 -0.364    19.70 21.78 01a59262o0343c       0   21.882370
59262.374495 20.594452      NaN   -20     7 c    0   1.79 136.35783 61.80255  4309.67  1022.46 2.32 2.24 -10.7 -0.401    19.77 21.77 01a59262o0347c       0   21.536902
59262.377311 20.449472      NaN   -12     8 c    0   1.15 136.35783 61.80255  4372.95  1100.40 2.26 2.11  -0.2 -0.404    19.81 21.76 01a59262o0353c       0   21.882370
59262.382436 20.207197      NaN     7     7 c    0   2.31 136.35783 61.80255  4393.33   982.96 2.29 2.17 -10.5 -0.400    19.80 21.79 01a59262o0364c       0   21.536902
59288.351755 19.950541      NaN    12     8 c    0   1.11 136.35783 61.80255  4830.29  2817.34 2.29 2.26  33.5 -0.401    19.75 21.67 02a59288o0299c       0   21.882370
59288.354954 19.791368      NaN    18     8 c    0   1.36 136.35783 61.80255  4810.22  2778.12 2.33 2.27  42.4 -0.400    19.76 21.69 02a59288o0306c       0   21.882370
59288.360930 20.449472      NaN    -7     8 c    0   1.39 136.35783 61.80255  4871.18  2853.92 2.42 2.35  44.4 -0.396    19.68 21.68 02a59288o0319c       0   21.882370
59288.371463 20.594452      NaN   -19     7 c    0   1.72 136.35783 61.80255  4893.68  2736.60 2.39 2.28  41.3 -0.401    19.71 21.70 02a59288o0342c       0   21.536902
59310.299069 20.137125      NaN     6     8 c    0   1.05 136.35783 61.80255  4162.40  9609.02 2.56 2.33 -72.6 -0.391    19.79 21.66 01a59310o0103c       0   21.882370
59310.302305 20.071303      NaN    14     6 c    0   2.32 136.35783 61.80255  4185.60  9649.35 2.47 2.31 -73.8 -0.390    19.81 21.67 01a59310o0110c       0   21.232949
59310.308762 20.449472      NaN   -12     8 c    0   1.43 136.35783 61.80255  4121.08  9569.95 2.56 2.33 -68.9 -0.387    19.84 21.72 01a59310o0124c       0   21.882370
59310.319864 20.449472      NaN    -7     8 c    0   1.13 136.35783 61.80255  4102.25  9686.49 2.46 2.24 -73.2 -0.397    19.86 21.75 01a59310o0148c       0   21.882370
59314.324868 19.318728      NaN    21    15 c    0   1.16 136.35783 61.80255  2286.03  5205.88 2.34 2.07  89.3 -0.412    19.20 20.90 01a59314o0230c       0   25.295022
59314.328095 20.321591 0.361912    25     9 c    0   1.00 136.35783 61.80255  2305.45  5244.46 2.30 2.09  88.1 -0.416    19.74 21.48 01a59314o0237c       0   22.267423
59314.334104 19.631075      NaN    22     9 c    0   1.52 136.35783 61.80255  2250.61  5165.99 2.34 2.13 -88.0 -0.411    19.69 21.42 01a59314o0250c       0   22.267423
59314.344278 18.382935      NaN    36    41 c    0   1.00 136.35783 61.80255  2233.05  5280.16 2.16 2.09 -88.4 -0.410    18.04 19.67 01a59314o0272c       0   45.780325
59318.302597 20.244005      NaN     3     8 c    0   1.22 136.35783 61.80255  2283.63  5206.60 2.33 2.09  84.4 -0.416    19.87 21.50 01a59318o0181c       0   21.882370
59318.305824 20.103715 0.263209    31     8 c    0   1.11 136.35783 61.80255  2304.40  5245.93 2.28 2.06  84.5 -0.415    19.88 21.49 01a59318o0188c       0   21.882370
59318.312777 20.171596 0.245166    29     7 c    0   1.42 136.35783 61.80255  2247.81  5165.83 2.30 2.05  84.9 -0.414    19.88 21.49 01a59318o0203c       0   21.536902
59318.323422 19.841877      NaN    16     8 c    0   1.14 136.35783 61.80255  2230.59  5280.75 2.32 2.17  84.4 -0.404    19.82 21.47 01a59318o0226c       0   21.882370
59344.247458 19.142275      NaN    33    15 c    0   0.72 136.35783 61.80255  6761.40  9440.34 2.69 2.33 -58.3 -0.410    19.44 20.79 02a59344o0019c       0   25.295022
59344.254785 20.103715      NaN   -19    11 c    0   1.42 136.35783 61.80255  6738.98  9397.79 2.51 2.39 -75.1 -0.405    19.60 21.17 02a59344o0035c       0   23.148178
59344.258462 19.868040      NaN     3    12 c    0   1.22 136.35783 61.80255  6793.42  9476.64 2.54 2.43 -77.0 -0.409    19.57 21.20 02a59344o0043c       0   23.639757
59344.270448 20.207197      NaN    -8    10 c    0   1.06 136.35783 61.80255  6810.85  9357.42 2.51 2.44  81.0 -0.406    19.60 21.26 02a59344o0069c       0   22.690045
59348.248100 19.816329      NaN     2    13 c    0   1.08 136.35783 61.80255  6330.95  5442.21 2.62 2.35  38.1 -0.389    19.26 20.64 02a59348o0016c       0   24.162743
59348.253617 20.207197      NaN   -14    10 c    0   1.68 136.35783 61.80255  6312.06  5400.40 2.47 2.27  40.7 -0.401    19.54 21.07 02a59348o0028c       0   22.690045
59348.256823 20.321591      NaN   -20     9 c    0   2.07 136.35783 61.80255  6370.85  5481.67 2.47 2.37  38.4 -0.402    19.52 21.16 02a59348o0035c       0   22.267423
59348.268801 20.207197      NaN    -5    10 c    0   1.06 136.35783 61.80255  6389.50  5361.99 2.56 2.42  41.9 -0.400    19.49 21.20 02a59348o0059c       0   22.690045
59524.601888 19.549093      NaN    20    11 c    0   0.96 136.35783 61.80255  9100.78  1265.18 2.88 2.49 -57.9 -0.383    19.44 21.23 02a59524o0919c       0   23.148178
59524.616237 20.207197 0.361912    28    10 c    0   1.52 136.35783 61.80255  9124.71  1303.19 3.01 2.57 -59.9 -0.385    19.48 21.27 02a59524o0950c       0   22.690045
59524.626396 20.207197      NaN    -7    10 c    0   1.13 136.35783 61.80255  9073.62  1231.70 2.72 2.30 -58.5 -0.400    19.55 21.29 02a59524o0971c       0   22.690045
59524.636231 20.207197      NaN    -3    10 c    0   1.26 136.35783 61.80255  9057.89  1351.59 2.71 2.34 -61.3 -0.398    19.57 21.31 02a59524o0992c       0   22.690045
59528.548347 19.950541      NaN     6    10 c    0   0.86 136.35783 61.80255  9089.98  1261.01 2.71 2.30 -53.8 -0.409    19.60 21.41 02a59528o0786c       0   22.690045
59528.551101 20.321591      NaN   -19     9 c    0   1.80 136.35783 61.80255  9107.05  1300.49 2.55 2.23 -51.7 -0.412    19.61 21.42 02a59528o0792c       0   22.267423
59528.557094 20.207197      NaN    -6    10 c    0   0.99 136.35783 61.80255  9053.39  1226.18 2.50 2.27 -59.4 -0.435    19.60 21.43 02a59528o0805c       0   22.690045
59528.558009 20.207197      NaN   -25    10 c    0   1.03 136.35783 61.80255   134.98  1124.38 2.42 2.23 -65.5 -0.429    19.57 21.38 02a59528o0807c       0   22.690045
59528.561249 20.321591      NaN   -20     9 c    0   2.04 136.35783 61.80255   154.34  1164.11 2.47 2.29 -66.5 -0.430    19.60 21.39 02a59528o0814c       0   22.267423
59528.567696 19.950541      NaN     0    12 c    0   0.80 136.35783 61.80255    99.35  1080.34 2.42 2.25 -68.0 -0.428    19.60 21.39 02a59528o0828c       0   23.639757
59528.568154 20.103715      NaN    -4    11 c    0   0.65 136.35783 61.80255  9037.44  1344.91 2.55 2.19 -55.1 -0.407    19.61 21.43 02a59528o0829c       0   23.148178
59528.579729 20.207197      NaN   -25    10 c    0   1.67 136.35783 61.80255    79.70  1196.22 2.43 2.32  89.8 -0.414    19.58 21.41 02a59528o0854c       0   22.690045
59588.496755 20.009244      NaN     7     9 c    0   1.33 136.35783 61.80255   396.94  2887.72 2.43 2.32 -66.3 -0.437    19.60 21.70 02a59588o0667c       0   22.267423
59588.498585 20.207197      NaN    -6    10 c    0   0.81 136.35783 61.80255   416.66  2928.77 2.40 2.34 -79.7 -0.435    19.58 21.70 02a59588o0671c       0   22.690045
59588.502260 20.103715      NaN    -6    11 c    0   1.21 136.35783 61.80255   360.97  2846.24 2.41 2.32 -60.6 -0.436    19.61 21.71 02a59588o0679c       0   23.148178
59588.507785 19.766969      NaN    16     9 c    0   1.25 136.35783 61.80255   344.28  2960.06 2.37 2.31 -67.2 -0.434    19.61 21.72 02a59588o0691c       0   22.267423
59588.541981 20.594452      NaN    -3     7 c    0   1.93 136.35783 61.80255  1017.96  7586.30 2.33 2.13 -42.2 -0.469    19.68 21.70 02a59588o0764c       0   21.536902
59588.545186 20.207197      NaN   -14    10 c    0   1.29 136.35783 61.80255   999.95  7554.36 2.31 2.15 -31.5 -0.453    19.64 21.71 02a59588o0771c       0   22.690045
59588.577527 20.321591      NaN   -40     9 c    0   1.17 136.35783 61.80255  1047.62  7612.50 2.36 2.17 -40.1 -0.458    19.64 21.66 02a59588o0841c       0   22.267423
59588.605811 20.321591      NaN    -4     9 c    0   1.63 136.35783 61.80255  1064.33  7491.20 2.33 2.15 -51.5 -0.461    19.60 21.58 02a59588o0902c       0   22.267423
59611.664298 19.271854      NaN    15    18 c    0   1.00 136.35783 61.80255  6461.12   970.86 3.59 3.48 -67.5 -0.336    18.85 20.81 02a59611o0025c       0   27.181577
59611.667075 19.384550      NaN     2    20 c    0   1.20 136.35783 61.80255  6439.74   932.28 3.44 3.33 -71.0 -0.397    18.73 20.53 02a59611o0031c       0   28.545370
59611.669880 18.666446      NaN    47    25 c    0   1.18 136.35783 61.80255  6501.26  1014.18 3.52 3.41 -62.0 -0.326    18.45 20.07 02a59611o0037c       0   32.246521
59611.671859 18.816441      NaN    -2    36 c    0   1.04 136.35783 61.80255  6522.96   900.67 3.74 3.59 -61.0 -0.357    18.09 19.66 02a59611o0041c       0   41.362279
59611.674198 18.298627      NaN   -56    58 c    0   0.99 136.35783 61.80255  6480.76   955.97 3.58 3.40 -57.3 -0.341    17.60 19.09 02a59611o0046c       0   61.472255
59615.444003 20.449472      NaN   -31     8 c    0   1.54 136.35783 61.80255  6456.28   973.48 2.52 2.41  68.9 -0.406    19.53 21.38 02a59615o0528c       0   21.882370
59615.472300 20.449472      NaN   -14     8 c    0   1.99 136.35783 61.80255  6432.93   930.34 2.39 2.28  81.3 -0.415    19.60 21.34 02a59615o0589c       0   21.882370
59615.500513 20.449472      NaN   -15     8 c    0   1.44 136.35783 61.80255  6488.11  1010.10 2.31 2.21  81.2 -0.419    19.61 21.28 02a59615o0650c       0   21.882370
59615.525245 20.449472      NaN    -6     8 c    0   1.71 136.35783 61.80255  6510.26   887.77 2.57 2.43  83.4 -0.403    19.46 21.21 02a59615o0703c       0   21.882370
59619.487026 20.103715      NaN     1    10 c    0   1.45 136.35783 61.80255  8258.60  5412.76 2.57 2.40  37.0 -0.402    19.65 21.52 02a59619o0591c       0   22.690045
59619.490246 20.321591      NaN    -7     9 c    0   1.43 136.35783 61.80255  8238.84  5372.31 2.51 2.37  40.2 -0.406    19.66 21.55 02a59619o0598c       0   22.267423
59619.497599 19.609992      NaN    14    12 c    0   0.80 136.35783 61.80255  8294.33  5448.29 2.65 2.35  34.9 -0.400    19.66 21.53 02a59619o0614c       0   23.639757
59619.507718 20.321591      NaN   -11     9 c    0   1.37 136.35783 61.80255  8309.79  5327.47 2.82 2.40  34.2 -0.384    19.62 21.53 02a59619o0636c       0   22.267423
59635.446714 20.009244      NaN    -5    12 c    0   0.91 136.35783 61.80255  2891.08  7375.37 2.39 2.33 -48.0 -0.412    19.66 21.58 02a59635o0521c       0   23.639757
59635.449942 20.405150      NaN    -1     8 c    0   1.35 136.35783 61.80255  2872.63  7336.52 2.36 2.35  35.6 -0.411    19.66 21.58 02a59635o0528c       0   21.882370
59635.455929 19.631075      NaN    19    10 c    0   1.26 136.35783 61.80255  2925.46  7408.96 2.36 2.32  36.3 -0.411    19.66 21.56 02a59635o0541c       0   22.690045
59635.466672 20.103715      NaN     4     9 c    0   1.33 136.35783 61.80255  2948.40  7292.82 2.33 2.28 -40.7 -0.418    19.65 21.53 02a59635o0564c       0   22.267423
59639.330757 20.207197      NaN   -36    10 c    0   1.50 136.35783 61.80255  7684.08  3186.25 2.78 2.43  47.4 -0.382    19.60 21.60 02a59639o0267c       0   22.690045
59639.333041 20.449472      NaN   -14     8 c    0   1.73 136.35783 61.80255  7709.19  3219.95 2.52 2.37 -76.4 -0.399    19.68 21.60 02a59639o0272c       0   21.882370
59639.338150 19.922338      NaN    10     9 c    0   1.23 136.35783 61.80255  7651.64  3147.54 2.53 2.41  81.9 -0.394    19.66 21.61 02a59639o0283c       0   22.267423
59639.344095 19.922338      NaN    10     9 c    0   1.40 136.35783 61.80255  7636.03  3262.11 2.50 2.39 -83.2 -0.398    19.68 21.60 02a59639o0296c       0   22.267423
59643.422919 19.922338      NaN   -19    13 c    0   1.45 136.35783 61.80255  4766.01  7241.14 2.42 2.17  67.9 -0.431    19.19 21.74 02a59643o0434c       0   24.162743
59643.426408 19.841877      NaN   -32    14 c    0   1.35 136.35783 61.80255  4747.07  7201.75 2.46 2.24  65.6 -0.430    19.17 21.75 02a59643o0441c       0   24.715140
59643.432594 19.922338      NaN   -11    13 c    0   1.18 136.35783 61.80255  4804.61  7280.95 2.30 2.21  88.4 -0.447    19.15 21.74 02a59643o0453c       0   24.162743
59643.442436 19.841877      NaN    -5    14 c    0   1.26 136.35783 61.80255  4822.46  7161.37 2.37 2.21  76.0 -0.438    19.17 21.70 02a59643o0473c       0   24.715140
59647.430347 19.454622      NaN   -24    20 c    0   0.78 136.35783 61.80255  4823.55  7165.58 2.59 2.34  64.9 -0.433    18.87 21.61 02a59647o0269c    8192   28.545370
59663.316736 20.009244      NaN    -9    12 c    0   1.24 136.35783 61.80255  4405.14  5514.50 2.68 2.56  23.5 -0.397    19.46 21.55 02a59663o0223c       0   23.639757
59663.320393 20.009244      NaN    -6    12 c    0   1.16 136.35783 61.80255  4388.46  5483.46 2.64 2.61 -24.0 -0.401    19.43 21.56 02a59663o0231c       0   23.639757
59663.325882 19.589310      NaN     9    14 c    0   0.90 136.35783 61.80255  4444.24  5559.10 2.67 2.51  25.6 -0.397    19.47 21.57 02a59663o0243c       0   24.715140
59671.326197 20.009244      NaN   -14    12 c    0   1.09 136.35783 61.80255  3295.04  9125.96 2.56 2.48 -54.3 -0.409    19.56 21.62 02a59671o0152c       0   23.639757
59671.329856 20.207197      NaN    -4    10 c    0   1.58 136.35783 61.80255  3276.54  9086.56 2.53 2.44 -58.3 -0.411    19.56 21.62 02a59671o0160c       0   22.690045
59671.335815 20.009244      NaN   -11    12 c    0   1.04 136.35783 61.80255  3330.69  9160.76 2.85 2.80 -57.8 -0.399    19.40 21.61 02a59671o0173c       0   23.639757
59671.346818 20.103715      NaN   -30    11 c    0   1.52 136.35783 61.80255  3347.96  9040.98 2.56 2.51   6.0 -0.401    19.52 21.59 02a59671o0197c       0   23.148178
59679.282534 18.349730      NaN    20    48 c    0   1.25 136.35783 61.80255   785.25  5374.30 2.59 2.52 -32.7 -0.408    17.85 19.47 02a59679o0115c    8192   52.142479
59679.285733 18.014729      NaN    44    60 c    0   1.20 136.35783 61.80255   765.26  5335.98 2.43 2.32   4.3 -0.440    17.46 18.97 02a59679o0122c    8192   63.362750
59679.293649 16.597085      NaN   -42   278 c    0   0.82 136.35783 61.80255   824.46  5407.94 2.43 2.35  -1.2 -0.487    16.21 17.80 02a59679o0139c       2  278.745113
59679.304646 14.145809      NaN -2632  2658 c    0   1.16 136.35783 61.80255   842.67  5285.96 2.63 2.40  21.3 -0.458    13.40 15.02 02a59679o0163c       2 2658.078035
59679.308300 15.165658      NaN -1097  1039 c    0   1.57 136.35783 61.80255 10214.17  5460.75 2.66 2.58   5.0 -0.527    14.27 15.97 02a59679o0171c       2 1039.199614
59679.316983 14.670749      NaN  1315  1200 c    0   1.23 136.35783 61.80255 10249.75  5500.35 2.78 2.43  23.6 -0.518    14.52 16.03 02a59679o0190c       2 1200.172837
59679.327522 15.030563      NaN  1089   813 c    0   1.73 136.35783 61.80255 10272.97  5389.99 2.74 2.45  26.6 -0.480    14.63 16.19 02a59679o0213c       2  813.255088
59691.332846 14.711700      NaN  1043  1230 c    0   1.00 136.35783 61.80255  4912.56  9459.01 2.85 2.59  35.6 -0.381    14.40 15.95 02a59691o0134c 8388610 1230.168622
59695.273053 19.766969      NaN   -12    15 c    0   1.11 136.35783 61.80255  4937.83  9495.43 2.51 2.47  43.4 -0.402    19.41 21.20 02a59695o0100c       0   25.295022
59695.276808 19.719755      NaN     6    13 c    0   1.37 136.35783 61.80255  4918.39  9456.66 2.58 2.43  41.9 -0.401    19.38 21.19 02a59695o0108c       0   24.162743
59695.282307 19.241693      NaN    29    14 c    0   1.80 136.35783 61.80255  4972.72  9532.31 2.60 2.49  33.5 -0.399    19.37 21.21 02a59695o0120c       0   24.715140
59695.293332 19.816329      NaN    -1    14 c    0   1.34 136.35783 61.80255  4991.08  9414.86 2.66 2.61  32.6 -0.400    19.36 21.22 02a59695o0144c       0   24.715140
59699.286385 19.051202 0.299513    85    24 c    0   0.88 136.35783 61.80255   175.65  1412.00 2.60 2.41 -71.3 -0.417    18.51 19.90 02a59699o0127c       0   31.477581
59699.289587 19.169763      NaN   -20    26 c    0   1.33 136.35783 61.80255   154.29  1374.75 2.56 2.32 -62.3 -0.431    18.23 19.50 02a59699o0134c       0   33.027839
59699.295098 18.005163      NaN    -4    76 c    0   1.34 136.35783 61.80255   217.50  1449.18 2.63 2.45 -70.1 -0.417    17.12 18.31 02a59699o0146c       2   78.681879
59699.307464 18.304885      NaN    27    48 c    0   1.01 136.35783 61.80255   239.16  1324.90 2.44 2.22 -64.8 -0.445    17.24 18.49 02a59699o0173c       0   52.142479
59699.308847 17.958558      NaN   104    44 c    0   1.10 136.35783 61.80255 10208.70  1464.15 2.41 2.17 -58.7 -0.430    17.91 19.23 02a59699o0176c       0   48.485442
59699.312054 19.197966      NaN    11    21 c    0   1.05 136.35783 61.80255 10189.09  1423.05 2.51 2.27 -59.8 -0.416    18.99 20.40 02a59699o0183c       0   29.254711
59699.318975 19.549093 0.315851    53    16 c    0   1.06 136.35783 61.80255 10248.39  1502.84 2.56 2.35 -55.3 -0.407    19.32 20.87 02a59699o0198c       0   25.900543
59699.329971 18.267867      NaN    72    35 c    0   0.80 136.35783 61.80255 10272.17  1388.27 2.52 2.27 -56.6 -0.408    18.41 19.77 02a59699o0222c       0   40.494915
59723.253292 19.841877      NaN    -3    14 c    0   1.13 136.35783 61.80255  1466.70  9314.74 2.43 2.01 -53.8 -0.482    19.23 20.38 02a59723o0037c       0   24.715140
59723.256088 19.841877      NaN   -28    14 c    0   0.87 136.35783 61.80255  1445.04  9273.73 2.32 2.22 -17.9 -0.462    19.29 20.60 02a59723o0043c       0   24.715140
59723.261588 19.472870      NaN    18    13 c    0   1.15 136.35783 61.80255  1496.79  9343.07 2.34 2.06 -49.1 -0.481    19.44 20.79 02a59723o0055c       0   24.162743
59723.274910 19.950541      NaN     0    12 c    0   1.35 136.35783 61.80255  1517.44  9222.47 2.38 2.14 -44.7 -0.465    19.40 20.84 02a59723o0084c       0   23.639757
59723.279023 19.868040      NaN     3    12 c    0   1.06 136.35783 61.80255 10412.35  9477.24 2.74 2.50  25.9 -0.391    19.49 20.94 02a59723o0093c       0   23.639757
59723.283177 19.719755      NaN     6    13 c    0   1.03 136.35783 61.80255 10392.98  9435.52 2.74 2.55  23.3 -0.393    19.49 20.92 02a59723o0102c       0   24.162743
59723.288668 20.009244      NaN    -2    12 c    0   1.19 136.35783 61.80255 10447.96  9519.82 2.75 2.51  20.0 -0.397    19.47 20.93 02a59723o0114c       0   23.639757
59723.300557 19.696897 0.339293    46    15 c    0   1.01 136.35783 61.80255 10466.55  9403.54 2.76 2.62  10.0 -0.389    19.48 20.91 02a59723o0140c       0   25.295022
59845.603156 17.183409      NaN  -362   162 c    0   1.17 136.35783 61.80255  5583.77  5519.94 3.21 2.97  40.0 -0.335    16.53 18.20 01a59845o0755c 8388610  163.275345
59845.622111 17.770534      NaN    68    71 c    0   1.07 136.35783 61.80255  5573.45  5482.78 3.38 3.02  39.2 -0.304    17.31 18.96 01a59845o0795c 8388610   73.863646
59845.631322 17.172296      NaN   141   116 c    0   0.77 136.35783 61.80255  5637.35  5552.45 3.23 2.86  42.2 -0.310    17.01 18.40 01a59845o0813c 8388610  117.774522
59845.636885 17.718109      NaN    16    93 c    0   0.94 136.35783 61.80255  5657.98  5442.18 3.28 2.95  44.5 -0.298    17.18 18.19 01a59845o0825c 8388610   95.204192
59853.541923 19.674510      NaN     5    14 c    0   1.23 136.35783 61.80255  1703.75  5775.58 3.54 3.21  33.2 -0.306    19.15 20.85 01a59853o0734c       0   24.715140
59853.552487 19.743105      NaN     8    12 c    0   1.44 136.35783 61.80255  1687.56  5727.68 3.37 3.19  30.1 -0.337    19.23 20.91 01a59853o0756c       0   23.639757
59853.557110 19.454622      NaN    16    14 c    0   1.20 136.35783 61.80255  1746.30  5813.95 3.58 3.28  33.2 -0.306    19.20 20.90 01a59853o0766c       0   24.715140
59853.564068 19.652575      NaN    12    12 c    0   1.38 136.35783 61.80255  1769.08  5684.64 3.39 3.20  35.1 -0.328    19.26 21.00 01a59853o0781c       0   23.639757
59883.613807 19.719755      NaN    12    11 c    0   1.26 136.35783 61.80255  5741.75  7772.02 2.97 2.47  44.2 -0.384    19.46 21.25 02a59883o0935c       0   23.148178
59883.617463 19.979496      NaN     5    10 c    0   1.05 136.35783 61.80255  5763.37  7810.05 2.86 2.45  39.8 -0.394    19.49 21.24 02a59883o0943c       0   22.690045
59883.634874 20.103715      NaN    -4    11 c    0   1.42 136.35783 61.80255  5702.41  7731.88 2.91 2.44  41.4 -0.393    19.50 21.24 02a59883o0979c       0   23.148178
59883.646423 19.569016      NaN   -16    18 c    0   0.90 136.35783 61.80255  5684.01  7850.41 2.95 2.45  41.6 -0.380    19.04 20.23 02a59883o1003c       0   27.181577
59905.595312 19.979496      NaN    11     8 c    0   1.53 136.35783 61.80255  6485.67  1048.37 3.54 3.19  44.5 -0.303    19.54 21.69 01a59905o0837c       0   21.882370
59905.597158 20.282105      NaN     2     8 c    0   1.28 136.35783 61.80255  6463.12  1009.19 3.18 3.05  50.3 -0.356    19.65 21.68 01a59905o0841c       0   21.882370
59905.602703 19.589310      NaN    21    10 c    0   1.21 136.35783 61.80255  6524.78  1086.95 3.12 2.96  48.3 -0.360    19.67 21.70 01a59905o0853c       0   22.690045
59905.620217 20.207197      NaN     4     8 c    0   1.22 136.35783 61.80255  6542.84   968.93 3.26 3.10  51.2 -0.349    19.63 21.72 01a59905o0890c       0   21.882370
59909.544433 20.103715      NaN     1    10 c    0   1.20 136.35783 61.80255  6490.89  1055.92 3.33 3.17  54.6 -0.344    19.47 21.37 01a59909o0767c       0   22.690045
59909.546292 20.321591      NaN   -15     9 c    0   1.38 136.35783 61.80255  6470.32  1015.80 3.26 3.11  51.0 -0.341    19.50 21.36 01a59909o0771c       0   22.267423
59909.549064 19.950541      NaN     6    10 c    0   1.05 136.35783 61.80255  6532.55  1094.09 3.29 3.14  53.8 -0.340    19.51 21.38 01a59909o0777c       0   22.690045
59909.560670 20.207197      NaN   -10    10 c    0   1.08 136.35783 61.80255  6553.05   973.70 3.43 3.23  48.3 -0.325    19.48 21.40 01a59909o0802c       0   22.690045
60046.312905 19.696897      NaN   -16    16 c    0   1.39 136.35783 61.80255   346.93  1399.02 2.57 2.29 -66.7 -0.422    18.74 20.33 02a60046o0167c       0   25.900543
60046.316377 19.436675      NaN    17    14 c    0   1.82 136.35783 61.80255   324.72  1356.39 2.41 2.29 -82.4 -0.424    19.01 20.57 02a60046o0174c       0   24.715140
60046.322463 17.637125      NaN    60    86 c    0   1.78 136.35783 61.80255   388.52  1430.75 2.51 2.29 -69.5 -0.427    16.84 18.23 02a60046o0187c       2   88.378946
60046.334143 19.384550      NaN     8    18 c    0   1.00 136.35783 61.80255   410.81  1308.55 2.52 2.32 -73.0 -0.422    18.79 20.34 02a60046o0212c       0   27.181577
60046.337778 19.454622      NaN   -33    20 c    0   1.84 136.35783 61.80255 10378.22  1472.68 2.60 2.08 -59.8 -0.413    18.78 20.30 02a60046o0220c       0   28.545370
60046.340960 19.609992 0.334073    50    16 c    0   1.36 136.35783 61.80255 10359.24  1430.75 2.54 2.05 -60.7 -0.419    19.01 20.53 02a60046o0227c       0   25.900543
60046.347151 19.696897 0.294054    46    13 c    0   2.55 136.35783 61.80255 10421.69  1512.27 2.55 2.07 -61.3 -0.421    18.85 20.40 02a60046o0240c       0   24.162743
60046.357154 15.667699      NaN   191   590 c    0   1.50 136.35783 61.80255 10445.19  1394.05 2.62 2.13 -60.1 -0.369    15.48 16.77 02a60046o0262c       2  590.351453
60048.344331 19.922338      NaN   -26    13 c    0   1.03 136.35783 61.80255  8467.02  7645.32 2.52 2.41  39.0 -0.412    19.47 21.27 02a60048o0245c       0   24.162743
60048.349877 19.950541      NaN     0    12 c    0   1.07 136.35783 61.80255  8451.04  7603.97 2.49 2.40  53.8 -0.417    19.53 21.25 02a60048o0256c       0   23.639757
60048.372234 20.009244      NaN    -2    12 c    0   1.27 136.35783 61.80255  8507.51  7681.51 2.53 2.39  39.1 -0.415    19.50 21.21 02a60048o0299c       0   23.639757
60048.376302 20.103715      NaN   -23    11 c    0   1.08 136.35783 61.80255  8525.37  7563.19 2.55 2.43  34.1 -0.413    19.45 21.18 02a60048o0307c       0   23.148178
60050.332193 20.449472      NaN   -25     8 c    0   1.82 136.35783 61.80255  6624.32  3209.58 2.44 2.28  44.7 -0.408    19.42 21.09 02a60050o0208c       0   21.882370
60050.335827 20.103715      NaN    -8    11 c    0   1.06 136.35783 61.80255  6605.45  3172.12 2.34 2.23  47.1 -0.409    19.47 21.08 02a60050o0215c       0   23.148178
60050.341140 19.589310      NaN    18    11 c    0   0.81 136.35783 61.80255  6664.57  3249.24 2.35 2.25  48.2 -0.412    19.45 21.08 02a60050o0226c       0   23.148178
60050.357122 19.719755      NaN     9    12 c    0   1.01 136.35783 61.80255  6686.28  3127.13 2.47 2.26  43.3 -0.404    19.40 21.01 02a60050o0260c       0   23.639757
60052.303261 17.029530      NaN   228   110 c    0   1.05 136.35783 61.80255  1632.71  9295.85 2.52 2.24 -50.6 -0.452    16.99 18.33 02a60052o0160c 8388610  111.869737
60052.307479 15.878897      NaN   387   409 c    0   1.71 136.35783 61.80255  1613.36  9256.68 2.44 2.15 -50.6 -0.404    14.76 16.03 02a60052o0168c 8388610  409.506823
60052.314538 18.005163      NaN  -144    76 c    0   1.19 136.35783 61.80255  1666.21  9328.56 3.13 2.81 -51.7 -0.400    17.61 19.18 02a60052o0183c 8388610   78.681879
60052.331305 17.892199      NaN    35    72 c    0   1.04 136.35783 61.80255  1686.32  9209.62 2.54 2.15 -50.6 -0.453    17.70 19.08 02a60052o0218c 8388610   74.825384
60056.329149 19.241693      NaN    23    16 c    0   1.08 136.35783 61.80255  6916.62  9422.07 2.80 2.74  70.0 -0.404    19.30 20.92 02a60056o0216c       0   25.900543
60056.332514 19.719755      NaN     0    15 c    0   1.03 136.35783 61.80255  6899.69  9382.78 2.84 2.74  45.7 -0.402    19.30 20.92 02a60056o0223c       0   25.295022
60056.337690 19.841877      NaN    -7    14 c    0   1.14 136.35783 61.80255  6953.97  9462.47 2.95 2.86  63.8 -0.395    19.20 20.91 02a60056o0234c       0   24.715140
60056.348322 19.287255      NaN    20    16 c    0   0.74 136.35783 61.80255  6972.22  9341.91 2.78 2.71  38.5 -0.412    19.28 20.91 02a60056o0257c       0   25.900543
60058.279202 20.009244      NaN    -2    12 c    0   1.61 136.35783 61.80255  6499.29  5443.58 2.41 2.18  32.8 -0.407    19.35 20.65 02a60058o0110c       0   23.639757
60058.282839 19.816329 0.353496    41    14 c    0   0.77 136.35783 61.80255  6478.37  5400.92 2.44 2.21  32.9 -0.406    19.36 20.67 02a60058o0118c       0   24.715140
60058.288030 19.472870      NaN    21    12 c    0   1.60 136.35783 61.80255  6537.24  5478.97 2.41 2.21  32.1 -0.411    19.38 20.71 02a60058o0129c       0   23.639757
60058.301447 19.922338      NaN   -31    13 c    0   1.01 136.35783 61.80255  6558.46  5361.46 2.53 2.27  34.6 -0.400    19.37 20.80 02a60058o0158c       0   24.162743