         MJD         m       dm    uJy  duJy F  err  chi/N        RA      Dec        x       y  maj  min   phi  apfit  mag5sig   Sky            Obs    Mask    duJy_new
59628.302264 19.212347      NaN    -68    25 o    0   7.34 242.74489 -60.9231  8130.88 9329.94 2.38 2.11 -76.3 -0.404    18.52 19.15 04a59628o0592o       0   53.023818
59628.311925 19.351140      NaN   -127    22 o    0   6.90 242.74489 -60.9231  8112.90 9294.57 2.27 2.14 -77.2 -0.420    18.53 19.20 04a59628o0613o       0   51.677125
59628.315118 19.128787      NaN    -48    27 o    0   8.65 242.74489 -60.9231  8177.23 9369.31 2.27 2.14 -74.8 -0.423    18.57 19.21 04a59628o0620o       0   53.995604
59628.332323 18.878500      NaN    -20    34 o    0   5.33 242.74489 -60.9231  8204.50 9254.06 2.25 2.11 -66.7 -0.437    18.60 19.26 04a59628o0656o       0   57.814576
59632.355545 19.212347      NaN    -15    25 o    0   3.66 242.74489 -60.9231  8162.93 9348.80 2.46 2.28 -71.7 -0.409    18.81 19.80 04a59632o0654o       0   53.023818
59632.358287 19.401649      NaN    -31    21 o    0   2.72 242.74489 -60.9231  8144.07 9311.48 2.95 2.79 -75.8 -0.340    18.59 19.79 04a59632o0660o       0   51.259392
59632.364275 19.351140      NaN    -59    22 o    0   2.77 242.74489 -60.9231  8212.60 9387.83 2.61 2.50 -65.8 -0.380    18.72 19.83 04a59632o0673o       0   51.677125
59632.384545 19.401649      NaN    -20    21 o    0   3.99 242.74489 -60.9231  8252.13 9274.83 2.45 2.31 -71.3 -0.398    18.77 19.84 04a59632o0712o       0   51.259392
59636.359118 18.693037      NaN     34    29 o    0   6.83 242.74489 -60.9231 10257.92 9114.62 2.60 2.25  -1.9 -0.562    19.23 20.60 04a59636o0615o       0   55.022952
59636.368681 18.748255      NaN     19    32 o    0   3.90 242.74489 -60.9231 10243.09 9081.64 2.72 2.35  -3.0 -0.505    19.18 20.63 04a59636o0635o       0   56.661497
59636.372915 18.944322      NaN    -51    32 o    0   7.37 242.74489 -60.9231 10309.82 9156.45 2.79 2.39   2.8 -0.492    19.16 20.58 04a59636o0644o       0   56.661497
59636.376526 19.696897      NaN    -60    16 o    0   3.45 242.74489 -60.9231   294.09 9185.41 2.77 2.04 -86.6 -0.432    18.97 20.56 04a59636o0652o       0   49.421911
59636.384082 18.889197      NaN     35    22 o    0   7.49 242.74489 -60.9231 10340.03 9041.74 2.70 2.32   0.9 -0.484    19.13 20.55 04a59636o0668o       0   51.677125
59636.385900 19.841877      NaN    -39    14 o    0  19.08 242.74489 -60.9231   283.54 9145.30 2.70 1.93 -79.4 -0.420    18.96 20.45 04a59636o0670o       0   48.811118
59638.340489 20.137125 0.339293     32    10 o    0  19.18 242.74489 -60.9231  8358.50 5256.73 2.26 1.93 -25.9 -0.471    19.04 20.84 04a59638o0696o       0   47.817625
59638.343213 20.009244      NaN    -55    12 o    0  10.95 242.74489 -60.9231  8339.78 5220.31 2.22 1.92 -23.2 -0.465    18.99 20.86 04a59638o0702o       0   48.275514
59638.352745 19.922338      NaN    -32    13 o    0  21.83 242.74489 -60.9231  8406.87 5296.21 2.20 1.90 -22.7 -0.476    19.05 20.92 04a59638o0723o       0   48.533754
59638.379300 19.743105 0.306838     46    13 o    0  12.07 242.74489 -60.9231  8451.16 5185.50 2.16 1.86 -19.3 -0.477    18.97 20.80 04a59638o0780o       0   48.533754
59641.329171 19.950541      NaN      2    12 o    0  14.85 242.74489 -60.9231  6090.00 9516.27 2.23 1.84 -76.6 -0.480    19.03 20.69 04a59641o0732o       0   48.275514
59641.331897 20.009244      NaN    -23    12 o    0   8.38 242.74489 -60.9231  6071.29 9478.54 2.30 1.89 -77.1 -0.480    19.00 20.73 04a59641o0738o       0   48.275514
59641.337362 19.063754      NaN     38    16 o    0   6.79 242.74489 -60.9231  6137.21 9557.40 2.31 1.95 -71.6 -0.479    19.01 20.75 04a59641o0750o       0   49.421911
59641.349251 20.009244      NaN    -38    12 o    0   6.60 242.74489 -60.9231  6167.64 9441.45 2.27 1.93 -75.9 -0.477    19.12 20.80 04a59641o0775o       0   48.275514
59642.046876 19.226921 0.249426     74    17 o    0   1.41 242.74489 -60.9231  7329.64 7213.58 3.33 3.21 -48.6 -0.406    18.82 20.74 03a59642o0075o       0   49.754650
59642.061589 19.841877      NaN    -47    14 o    0   1.99 242.74489 -60.9231  7347.31 7101.44 2.81 2.66 -52.3 -0.458    19.08 20.89 03a59642o0107o       0   48.811118
59642.284676 19.318728 0.207567     68    13 o    0  20.79 242.74489 -60.9231  8328.91 5245.92 2.13 1.82 -24.0 -0.480    18.93 20.57 04a59642o0630o       0   48.533754
59642.296397 19.841877      NaN    -38    14 o    0  23.82 242.74489 -60.9231  8316.47 5208.32 2.13 1.83 -25.3 -0.483    18.97 20.61 04a59642o0655o       0   48.811118
59642.301370 19.922338      NaN    -64    13 o    0  15.15 242.74489 -60.9231  8377.63 5283.26 2.19 1.90 -27.1 -0.478    18.94 20.65 04a59642o0666o       0   48.533754
59642.311802 20.009244      NaN    -59    12 o    0  17.67 242.74489 -60.9231  8400.70 5175.04 2.15 1.85 -23.3 -0.489    19.02 20.70 04a59642o0689o       0   48.275514
59652.322735 19.922338      NaN    -33    13 o    0  33.15 242.74489 -60.9231  4874.55 1496.66 1.92 1.83  47.4 -0.510    18.71 21.04 04a59652o0620o       0   48.533754
59652.326563 19.894850      NaN      4    12 o    0  18.91 242.74489 -60.9231  4859.94 1457.01 1.96 1.87  34.3 -0.503    18.65 21.03 04a59652o0627o       0   48.275514
59652.331505 19.719755      NaN      8    13 o    0  19.14 242.74489 -60.9231  4921.55 1536.73 1.95 1.88   4.8 -0.504    18.72 21.00 04a59652o0637o       0   48.533754
59652.341362 20.009244      NaN     -5    12 o    0  25.50 242.74489 -60.9231  4948.45 1421.60 1.97 1.89  31.0 -0.501    18.67 20.96 04a59652o0657o       0   48.275514
59654.067827 19.766969      NaN    -10    15 o    0   4.65 242.74489 -60.9231  7308.41 3628.77 2.48 2.19 -52.7 -0.483    18.83 20.03 03a59654o0323o       0   49.107283
59654.088321 19.696897      NaN    -32    16 o    0   3.73 242.74489 -60.9231  7283.12 3589.58 2.52 2.14 -51.9 -0.485    18.85 20.21 03a59654o0366o       0   49.421911
59654.091053 19.719755      NaN      5    14 o    0   5.25 242.74489 -60.9231  7337.82 3669.89 2.49 2.15 -51.3 -0.480    18.87 20.21 03a59654o0372o       0   48.811118
59654.096061 19.696897      NaN     -9    16 o    0   3.21 242.74489 -60.9231  7358.67 3556.07 2.52 2.17 -51.2 -0.498    18.98 20.31 03a59654o0383o       0   49.421911
59656.356845 18.504094      NaN     60    28 o    0   2.52 242.74489 -60.9231  4923.16 1504.25 2.02 1.96  36.2 -0.448    18.38 19.15 04a59656o0780o       0   54.502525
59656.360867 19.256669      NaN    -76    24 o    0   4.34 242.74489 -60.9231  4909.68 1466.46 2.04 1.98   9.5 -0.452    18.33 19.16 04a59656o0788o       0   52.559730
59656.366705 19.197966      NaN     10    22 o    0   5.33 242.74489 -60.9231  4971.66 1546.02 2.13 2.00  23.1 -0.464    18.30 19.17 04a59656o0799o       0   51.677125
59656.372155 18.921935      NaN     26    24 o    0   3.14 242.74489 -60.9231  4996.24 1430.99 2.13 2.01  29.5 -0.447    18.30 19.16 04a59656o0811o       0   52.559730
59660.245603 19.454622      NaN     -4    20 o    0   5.55 242.74489 -60.9231  6399.83 5437.30 2.14 1.92 -43.1 -0.423    18.49 19.41 04a59660o0572o       0   50.857893
59660.250583 18.767304      NaN     47    22 o    0   3.43 242.74489 -60.9231  6382.86 5400.68 2.03 1.87 -47.5 -0.437    18.48 19.42 04a59660o0583o       0   51.677125
59660.265663 19.256669      NaN      6    22 o    0   5.49 242.74489 -60.9231  6453.74 5474.57 2.09 1.87 -50.3 -0.436    18.47 19.43 04a59660o0615o       0   51.677125
59660.272803 19.169763      NaN      3    25 o    0   4.42 242.74489 -60.9231  6475.41 5365.80 2.10 1.88 -40.4 -0.437    18.54 19.44 04a59660o0630o       0   53.023818
59664.256592 19.472870      NaN     17    14 o    0  19.35 242.74489 -60.9231  6412.68 5436.10 1.97 1.81 -52.2 -0.480    18.88 20.27 04a59664o0510o       0   48.811118
59664.260788 20.103715      NaN    -76    11 o    0  11.54 242.74489 -60.9231  6391.66 5405.47 2.00 1.84 -36.6 -0.468    18.80 20.27 04a59664o0519o       0   48.036707
59664.266333 19.569016      NaN     12    14 o    0  18.22 242.74489 -60.9231  6455.45 5480.66 2.07 1.91 -59.1 -0.478    18.87 20.30 04a59664o0531o       0   48.811118
59664.296646 19.631075 0.319334     51    15 o    0  12.85 242.74489 -60.9231  6502.10 5368.07 2.02 1.85 -45.6 -0.479    18.79 20.23 04a59664o0593o       0   49.107283
59666.056155 18.675237      NaN   -202    41 o    0   3.18 242.74489 -60.9231    52.36 9027.55 2.32 2.02 -42.0 -0.472    18.74 20.32 03a59666o0659o    8192   62.189430
59666.061704 19.922338      NaN   -130    13 o    0   7.87 242.74489 -60.9231    75.24 8913.24 2.32 2.04 -42.2 -0.486    19.04 20.66 03a59666o0670o    8192   48.533754
59668.236936 19.696897      NaN    -58    16 o    0   3.37 242.74489 -60.9231    86.62 3328.39 2.37 1.95  46.9 -0.438    18.73 20.83 04a59668o0579o       0   49.421911
59668.242397 19.510313      NaN    -12    19 o    0   5.34 242.74489 -60.9231    68.46 3294.60 2.63 2.06  46.5 -0.411    18.69 20.85 04a59668o0591o       0   50.473015
59668.245311 19.841877      NaN   -118    14 o    0   4.00 242.74489 -60.9231   127.51 3377.63 2.68 2.14  45.3 -0.408    18.72 20.81 04a59668o0597o       0   48.811118
59668.252269 19.922338      NaN    -48    13 o    0   6.34 242.74489 -60.9231  9244.62 3365.63 2.54 2.06 -19.8 -0.439    18.94 20.78 04a59668o0612o       0   48.533754
59668.254986 19.841877      NaN    -33    14 o    0   6.57 242.74489 -60.9231   154.99 3264.10 2.55 2.01  49.5 -0.412    18.72 20.73 04a59668o0618o       0   48.811118
59668.255445 20.009244      NaN    -29    12 o    0   8.00 242.74489 -60.9231  9227.27 3329.93 2.56 2.06 -21.1 -0.436    18.96 20.75 04a59668o0619o       0   48.275514
59668.270338 19.766969      NaN    -81    15 o    0   7.71 242.74489 -60.9231  9297.19 3406.14 2.46 2.02 -18.8 -0.448    18.92 20.76 04a59668o0650o       0   49.107283
59668.279138 19.841877      NaN    -73    14 o    0   6.78 242.74489 -60.9231  9322.55 3290.18 2.55 1.98 -22.3 -0.447    18.92 20.67 04a59668o0669o       0   48.811118
59672.279841 17.203704      NaN   -526   159 o    0   1.40 242.74489 -60.9231   137.10 3342.90 2.29 1.94  43.3 -0.430    18.77 20.59 04a59672o0586o       2  165.733296
59672.284905 19.766969      NaN    -16    15 o    0  15.55 242.74489 -60.9231   123.91 3303.34 2.30 1.95  43.8 -0.435    18.69 20.60 04a59672o0597o       0   49.107283
59672.288333 19.841877      NaN   -105    14 o    0   6.21 242.74489 -60.9231   183.51 3387.40 2.28 1.99  43.3 -0.428    18.74 20.62 04a59672o0603o       0   48.811118
59672.318583 19.841877      NaN    -40    14 o    0   7.49 242.74489 -60.9231   237.90 3279.22 2.34 2.06  36.0 -0.430    18.67 20.56 04a59672o0668o       0   48.811118
59672.322744 19.766969      NaN    -56    15 o    0   8.43 242.74489 -60.9231  9324.75 3387.28 2.55 1.95 -17.0 -0.439    18.91 20.65 04a59672o0677o       0   49.107283
59672.324109 19.841877      NaN    -88    14 o    0   5.51 242.74489 -60.9231  9310.57 3349.50 2.44 2.17 -14.3 -0.434    18.88 20.66 04a59672o0680o       0   48.811118
59672.326824 19.609992      NaN     10    14 o    0   5.97 242.74489 -60.9231  9369.69 3423.82 2.46 2.18 -10.7 -0.428    18.97 20.67 04a59672o0686o       0   48.811118
59672.331806 19.589310      NaN      5    16 o    0   9.03 242.74489 -60.9231  9392.01 3307.39 2.46 1.99 -15.3 -0.439    19.01 20.59 04a59672o0697o       0   49.421911
59676.246025 20.103715      NaN    -39    11 o    0  29.66 242.74489 -60.9231  2005.08 3366.63 1.94 1.81  62.4 -0.499    18.76 20.97 04a59676o0607o       0   48.036707
59676.248737 19.841877      NaN     -8    14 o    0  18.75 242.74489 -60.9231  1986.79 3328.05 1.95 1.77  56.2 -0.498    18.79 20.92 04a59676o0613o       0   48.811118
59676.255663 19.051202      NaN     42    15 o    0  25.71 242.74489 -60.9231  2049.74 3408.71 1.98 1.84  65.5 -0.484    18.73 20.93 04a59676o0628o       0   49.107283
59676.266808 20.321591      NaN    -51     9 o    0  31.53 242.74489 -60.9231  2079.31 3295.52 1.90 1.82  58.2 -0.492    18.65 20.87 04a59676o0652o       0   47.618539
59680.265348 20.207197      NaN     -1    10 o    0  30.43 242.74489 -60.9231  2036.94 3371.76 2.00 1.83  55.2 -0.486    18.82 20.91 04a59680o0676o       0   47.817625
59680.282860 19.922338      NaN   -131    13 o    0  10.72 242.74489 -60.9231  2036.53 3333.47 2.02 1.85  52.4 -0.469    18.80 20.88 04a59680o0712o       0   48.533754
59680.285567 20.009244      NaN    -59    12 o    0  11.12 242.74489 -60.9231  2095.32 3416.36 2.07 1.94  34.1 -0.456    18.70 20.84 04a59680o0718o       0   48.275514
59680.290980 20.009244      NaN    -18    12 o    0  19.09 242.74489 -60.9231  2119.58 3301.81 2.00 1.97  29.0 -0.470    18.74 20.84 04a59680o0728o       0   48.275514
59682.003637 19.696897      NaN    -47    16 o    0   5.40 242.74489 -60.9231  4895.19 1395.29 2.34 2.05 -51.9 -0.499    18.61 20.24 03a59682o0609o    8192   49.421911
59684.241327 19.256669      NaN    -29    24 o    0   3.72 242.74489 -60.9231  1474.99 7420.45 2.30 1.92 -87.4 -0.399    18.49 19.29 04a59684o0572o       0   52.559730
59684.248725 19.256669      NaN    -24    24 o    0   6.00 242.74489 -60.9231  1460.14 7382.02 2.20 1.89 -86.3 -0.405    18.47 19.28 04a59684o0588o       0   52.559730
59684.258737 19.334813      NaN      1    22 o    0   2.57 242.74489 -60.9231  1532.57 7465.78 2.38 2.00  88.0 -0.389    18.49 19.32 04a59684o0610o       0   51.677125
59684.261440 19.271854      NaN     14    19 o    0   6.57 242.74489 -60.9231  1555.87 7351.95 2.27 1.93 -87.6 -0.404    18.57 19.35 04a59684o0616o       0   50.473015
59688.302872 14.184337      NaN   2152  1848 o    0   1.28 242.74489 -60.9231  9346.69 3268.24 2.40 2.08 -22.0 -0.433    13.98 13.44 04a59688o0747o 8388610 1848.591498
59688.306559 14.512029      NaN  -1011  1897 o    0   0.94 242.74489 -60.9231  9363.68 3305.09 2.43 2.06 -17.7 -0.441    13.97 13.30 04a59688o0754o 8388610 1897.576224
59688.362325 13.547395      NaN    526  4437 o    0   1.12 242.74489 -60.9231  9250.69 3302.66 2.57 2.28 -29.3 -0.391    13.10 12.56 04a59688o0872o 8388610 4437.246390
59690.014433 19.510313      NaN    -35    19 o    0   3.61 242.74489 -60.9231  6268.19 5450.71 2.31 2.09 -49.4 -0.500    18.66 19.49 03a59690o0553o       0   50.473015
59690.016458 19.051202      NaN     27    20 o    0   4.21 242.74489 -60.9231  6247.49 5413.72 2.34 2.07 -49.9 -0.488    18.72 19.48 03a59690o0557o       0   50.857893
59690.019574 19.401649      NaN    -44    21 o    0   3.40 242.74489 -60.9231  6303.91 5490.36 2.32 2.08 -50.9 -0.493    18.71 19.48 03a59690o0563o       0   51.259392
59690.029559 19.454622      NaN    -44    20 o    0   7.11 242.74489 -60.9231  4127.27 5186.95 2.27 2.14 -41.7 -0.498    18.68 19.55 03a59690o0581o       0   50.857893
59692.244141 19.510313      NaN    -28    19 o    0   7.08 242.74489 -60.9231  1261.26 1584.34 2.20 1.83  37.7 -0.468    18.63 20.11 04a59692o0587o       0   50.473015
59692.246622 19.696897      NaN     -7    16 o    0   8.21 242.74489 -60.9231  1242.57 1544.53 2.24 1.87  34.8 -0.462    18.57 20.10 04a59692o0592o       0   49.421911
59692.257075 19.510313      NaN      9    16 o    0  14.45 242.74489 -60.9231  1312.19 1627.36 2.13 1.81  34.4 -0.473    18.58 20.07 04a59692o0612o       0   49.421911
59692.260229 19.631075      NaN    -53    17 o    0  11.10 242.74489 -60.9231  1332.36 1514.21 2.20 1.71  43.1 -0.470    18.63 20.07 04a59692o0619o       0   49.754650
59692.313743 19.510313      NaN     -3    19 o    0   9.42 242.74489 -60.9231   590.22 9161.17 2.46 1.85 -76.3 -0.419    18.72 19.94 04a59692o0714o       0   50.473015
59692.316820 19.472870      NaN      5    18 o    0   5.50 242.74489 -60.9231   606.77 9196.88 2.38 1.85 -67.0 -0.456    18.69 19.96 04a59692o0720o       0   50.105142
59692.322407 19.631075      NaN    -11    17 o    0   5.58 242.74489 -60.9231   548.75 9118.51 2.35 1.80 -66.8 -0.453    18.68 19.98 04a59692o0730o       0   49.754650
59692.358005 19.038793      NaN     28    20 o    0   2.12 242.74489 -60.9231   509.81 9212.30 2.48 1.88 -74.4 -0.409    18.75 20.00 04a59692o0793o       0   50.857893
59698.002403 20.009244      NaN    -11    12 o    0   7.84 242.74489 -60.9231 10423.34 7423.26 2.59 2.25 -56.0 -0.496    18.80 20.86 03a59698o0365o       0   48.275514
59698.005272 19.841877      NaN    -77    14 o    0   4.55 242.74489 -60.9231 10441.20 7464.56 2.53 2.22 -59.0 -0.463    18.90 20.89 03a59698o0371o       0   48.811118
59698.010884 19.841877      NaN    -62    14 o    0   3.29 242.74489 -60.9231 10385.88 7381.48 2.56 2.22 -59.1 -0.462    18.86 20.89 03a59698o0383o       0   48.811118
59698.021318 19.696897      NaN    -62    16 o    0   3.14 242.74489 -60.9231 10364.77 7496.48 2.56 2.20 -60.7 -0.499    18.88 20.78 03a59698o0405o       0   49.421911
59698.026047 19.922338      NaN   -102    13 o    0   7.52 242.74489 -60.9231  1297.75 7097.63 2.38 2.08 -35.1 -0.511    19.06 20.83 03a59698o0415o       0   48.533754
59698.028993 19.922338      NaN    -64    13 o    0   7.24 242.74489 -60.9231  1315.09 7135.72 2.44 2.15 -35.6 -0.505    19.14 20.82 03a59698o0421o       0   48.533754
59698.034860 19.696897      NaN    -63    16 o    0   3.86 242.74489 -60.9231  9171.57 3523.35 2.76 2.34 -56.0 -0.467    19.02 20.70 03a59698o0432o       0   49.421911
59698.065911 19.766969      NaN    -70    15 o    0   2.56 242.74489 -60.9231  1242.55 7181.91 2.43 2.20 -33.0 -0.494    18.99 20.71 03a59698o0488o       0   49.107283
59700.218896 19.491430      NaN     16    14 o    0   8.40 242.74489 -60.9231   965.44 5158.73 2.14 1.87  69.9 -0.437    18.80 20.69 04a59700o0548o       0   48.811118
59700.222321 20.009244      NaN    -29    12 o    0  26.28 242.74489 -60.9231   948.41 5119.65 2.12 1.84  66.8 -0.444    18.82 20.63 04a59700o0554o       0   48.275514
59700.228963 19.841877      NaN    -76    14 o    0  19.19 242.74489 -60.9231  1015.28 5202.48 2.01 1.85  72.2 -0.455    18.74 20.61 04a59700o0567o       0   48.811118
59700.239456 19.766969      NaN    -34    15 o    0  10.52 242.74489 -60.9231  9815.83 5630.39 2.30 2.10 -36.2 -0.470    18.68 20.55 04a59700o0587o       0   49.107283
59700.250729 19.696897      NaN    -34    16 o    0   5.39 242.74489 -60.9231 10387.87 5055.46 2.68 2.11 -11.1 -0.429    18.99 20.51 04a59700o0607o       0   49.421911
59700.252533 19.766969      NaN    -34    15 o    0   5.93 242.74489 -60.9231 10372.15 5018.58 2.64 2.02 -13.7 -0.449    19.02 20.53 04a59700o0611o       0   49.107283
59700.255477 19.454622      NaN    -67    20 o    0   7.91 242.74489 -60.9231 10433.24 5093.31 2.76 1.99 -15.2 -0.438    19.00 20.48 04a59700o0616o       0   50.857893
59700.264656 19.696897      NaN    -99    16 o    0   7.66 242.74489 -60.9231 10460.89 4975.57 2.67 2.01 -13.3 -0.446    19.00 20.45 04a59700o0634o       0   49.421911
59701.990848 19.841877      NaN    -17    14 o    0   3.00 242.74489 -60.9231 10421.98 7422.34 2.67 2.28 -61.3 -0.461    18.68 20.72 03a59702o0602o       0   48.811118
59701.993627 19.841877      NaN    -44    14 o    0   3.50 242.74489 -60.9231 10439.65 7463.94 2.68 2.28 -59.6 -0.468    18.83 20.80 03a59702o0608o       0   48.811118
59701.999662 19.766969      NaN    -27    15 o    0   3.13 242.74489 -60.9231 10384.15 7381.17 2.57 2.24 -61.6 -0.477    18.83 20.79 03a59702o0621o       0   49.107283
59702.010414 19.569016      NaN    -49    18 o    0   2.58 242.74489 -60.9231 10363.80 7495.47 2.61 2.24 -60.0 -0.502    18.88 20.74 03a59702o0644o       0   50.105142
59702.018944 19.922338      NaN   -118    13 o    0   6.03 242.74489 -60.9231  1296.25 7097.33 2.39 2.16 -40.8 -0.521    19.02 20.75 03a59702o0662o       0   48.533754
59702.022193 19.569016      NaN   -135    18 o    0   3.20 242.74489 -60.9231  1314.04 7135.58 2.47 2.18 -39.2 -0.487    18.91 20.57 03a59702o0669o       0   50.105142
59702.027402 20.009244      NaN    -72    12 o    0   6.48 242.74489 -60.9231  1259.66 7060.46 2.31 2.08 -37.2 -0.509    18.99 20.67 03a59702o0680o       0   48.275514
59702.038411 19.922338      NaN    -40    13 o    0   4.67 242.74489 -60.9231  1238.20 7177.92 2.47 2.22 -40.8 -0.494    18.96 20.68 03a59702o0703o       0   48.533754
59704.263636 19.841877      NaN    -78    14 o    0  12.00 242.74489 -60.9231  9856.78 5525.76 2.34 2.00 -27.9 -0.478    18.75 20.57 04a59704o0413o       0   48.811118
59704.266817 19.841877      NaN    -28    14 o    0  13.40 242.74489 -60.9231  9873.57 5563.47 2.31 2.00 -26.2 -0.484    18.76 20.55 04a59704o0420o       0   48.811118
59704.268169 19.419021      NaN     14    16 o    0   6.09 242.74489 -60.9231   451.63 5581.45 2.06 1.97 -77.2 -0.455    18.92 20.40 04a59704o0423o       0   49.421911
59704.272293 19.076453      NaN     40    15 o    0   8.07 242.74489 -60.9231   469.88 5614.86 2.14 1.93  78.6 -0.439    19.03 20.66 04a59704o0432o       0   49.107283
59704.274094 19.419021      NaN     11    17 o    0   6.16 242.74489 -60.9231  9811.56 5476.34 2.32 2.00 -24.1 -0.475    18.77 20.61 04a59704o0436o       0   49.754650
59704.277845 19.609992 0.250555     52    12 o    0  15.88 242.74489 -60.9231   407.29 5536.91 2.12 1.98  83.0 -0.442    19.01 20.66 04a59704o0444o       0   48.275514
59704.283923 19.841877      NaN    -25    14 o    0   8.58 242.74489 -60.9231  9786.05 5585.01 2.33 1.95 -17.5 -0.493    18.74 20.62 04a59704o0457o       0   48.811118
59704.289088 20.009244      NaN    -10    12 o    0   8.36 242.74489 -60.9231   382.32 5645.37 2.14 1.97  83.8 -0.431    18.88 20.38 04a59704o0468o       0   48.275514
59708.256884 19.241693      NaN     28    15 o    0  10.91 242.74489 -60.9231  4045.34 9269.00 2.35 1.80 -78.8 -0.450    18.57 20.33 04a59708o0620o       0   49.107283
59708.260060 19.287255      NaN     22    16 o    0   9.11 242.74489 -60.9231  4062.34 9304.47 2.41 1.84 -79.2 -0.439    18.63 20.41 04a59708o0627o       0   49.421911
59708.267360 19.631075      NaN   -121    17 o    0  16.33 242.74489 -60.9231  4002.40 9223.62 2.38 1.85 -80.3 -0.447    18.68 20.42 04a59708o0641o       0   49.754650
59708.302826 16.600997      NaN  -1498   277 o    0   2.02 242.74489 -60.9231  3965.15 9317.39 2.48 1.89 -82.8 -0.410    17.53 18.69 04a59708o0701o       2  280.919072
59712.242047 14.985971      NaN  -2090  1226 o    0   1.46 242.74489 -60.9231  4049.12 9269.47 2.49 1.80 -74.5 -0.439    14.46 14.45 04a59712o0613o       2 1226.891407
59712.244850 15.475569      NaN   -877   781 o    0   1.38 242.74489 -60.9231  4065.56 9305.39 2.57 1.81 -77.3 -0.427    15.16 15.23 04a59712o0619o       2  782.398572
59712.251271 18.389700      NaN     40    40 o    0   2.49 242.74489 -60.9231  4006.92 9224.19 2.46 1.81 -80.3 -0.417    18.19 18.87 04a59712o0633o    8192   61.534748
59712.262471 16.842946      NaN    242   141 o    0   1.24 242.74489 -60.9231  3982.17 9332.20 2.60 1.94 -80.9 -0.390    16.51 16.48 04a59712o0657o       2  148.551423
59716.172457 18.944322      NaN    -99    32 o    0   4.28 242.74489 -60.9231  4466.49 9163.54 2.55 2.14 -76.7 -0.389    18.26 18.57 04a59716o0473o       0   56.661497
59716.183150 18.847027      NaN    -41    35 o    0   1.42 242.74489 -60.9231  4456.38 9128.09 2.56 2.17 -83.4 -0.387    18.27 18.57 04a59716o0496o       0   58.408263
59716.186317 18.757738      NaN     15    33 o    0   1.66 242.74489 -60.9231  4524.12 9209.07 2.44 2.10 -75.1 -0.391    18.30 18.58 04a59716o0503o       0   57.232205
59716.194330 18.978793      NaN    -49    31 o    0   1.17 242.74489 -60.9231  4553.61 9093.06 2.47 2.16 -71.5 -0.388    18.32 18.63 04a59716o0519o       0   56.102810
59725.979314 20.009244      NaN    -26    12 o    0   8.32 242.74489 -60.9231  9282.80 9174.59 2.25 2.10 -73.8 -0.536    18.97 21.05 03a59726o0586o       0   48.275514
59725.982045 19.868040      NaN     11    10 o    0  15.61 242.74489 -60.9231  9300.22 9214.16 2.28 2.11 -75.7 -0.547    18.85 21.02 03a59726o0592o       0   47.817625
59725.987508 19.491430      NaN     16    14 o    0   4.54 242.74489 -60.9231  9245.66 9130.68 2.37 2.10 -70.8 -0.567    18.82 20.99 03a59726o0604o       0   48.811118
59725.994816 19.868040      NaN      2    13 o    0  13.41 242.74489 -60.9231   375.35 9008.16 2.21 2.09 -58.1 -0.540    19.08 21.04 03a59726o0620o       0   48.533754
59725.998464 20.009244      NaN    -22    12 o    0  11.00 242.74489 -60.9231   392.02 9046.11 2.26 2.12 -50.8 -0.528    19.09 21.04 03a59726o0628o       0   48.275514
59726.000309 20.009244      NaN   -109    12 o    0   9.26 242.74489 -60.9231  9224.41 9244.16 2.34 2.12 -74.4 -0.530    18.81 20.91 03a59726o0632o       0   48.275514
59726.005329 19.529530      NaN     17    13 o    0   6.70 242.74489 -60.9231   338.80 8971.97 2.31 2.16 -56.3 -0.528    19.11 20.99 03a59726o0643o       0   48.533754
59726.015453 19.922338      NaN    -36    13 o    0   6.94 242.74489 -60.9231   315.83 9090.85 2.27 2.10 -49.8 -0.543    19.13 20.93 03a59726o0665o       0   48.533754
59729.915470 19.841877      NaN    -10    14 o    0   3.99 242.74489 -60.9231   757.43 4986.71 2.74 2.62  69.4 -0.485    18.83 20.84 03a59730o0473o       0   48.811118
59729.918784 19.351140      NaN    -80    22 o    0   2.74 242.74489 -60.9231   737.07 4948.60 2.60 2.56 -48.8 -0.466    18.54 20.10 03a59730o0479o       0   51.677125
59729.924912 19.510313      NaN    -75    19 o    0   2.07 242.74489 -60.9231   791.48 5032.45 2.70 2.65 -73.2 -0.465    18.66 20.38 03a59730o0491o       0   50.473015
59729.935468 20.009244      NaN    -52    12 o    0   5.20 242.74489 -60.9231  9625.70 5705.44 2.57 2.51 -87.5 -0.475    18.84 21.10 03a59730o0510o       0   48.275514
59730.039917 19.384550      NaN     22    14 o    0  13.57 242.74489 -60.9231   311.20 5443.90 2.39 2.25  87.7 -0.542    19.12 20.83 03a59730o0587o       0   48.811118
59730.044403 19.454622      NaN     21    13 o    0  13.89 242.74489 -60.9231   329.08 5481.00 2.36 2.28 -63.1 -0.523    19.14 20.85 03a59730o0595o       0   48.533754
59730.049726 19.841877      NaN    -19    14 o    0   5.46 242.74489 -60.9231   273.40 5406.48 2.36 2.28 -74.9 -0.527    19.20 20.81 03a59730o0606o       0   48.811118
59730.062424 19.674510      NaN      4    15 o    0   6.86 242.74489 -60.9231   251.46 5523.83 2.42 2.29 -75.9 -0.528    19.17 20.79 03a59730o0631o       0   49.107283
59737.911823 20.009244      NaN    -67    12 o    0   8.01 242.74489 -60.9231  3805.49 9196.25 2.33 2.30 -78.0 -0.504    18.92 20.74 03a59738o0470o       0   48.275514
59737.914616 19.841877      NaN    -24    14 o    0   5.19 242.74489 -60.9231  6610.80 1370.02 2.55 2.25 -48.9 -0.496    18.84 20.74 03a59738o0475o       0   48.811118
59737.920945 19.922338      NaN     -4    13 o    0   7.31 242.74489 -60.9231  6662.42 1449.82 2.54 2.20 -50.4 -0.509    18.85 20.75 03a59738o0487o       0   48.533754
59737.932692 19.922338      NaN     -6    13 o    0   5.61 242.74489 -60.9231  3749.85 9278.29 2.32 2.26  78.1 -0.512    18.91 20.87 03a59738o0509o       0   48.533754
59740.202202 18.878500      NaN   -156    34 o    0   2.71 242.74489 -60.9231  5230.35 6895.46 2.15 1.83 -77.3 -0.392    17.83 18.44 04a59740o0134o       0   57.814576
59740.207168 18.526952      NaN    -64    47 o    0   1.24 242.74489 -60.9231  5246.31 6930.76 2.22 1.87 -78.7 -0.392    17.74 18.26 04a59740o0145o       0   66.298757
59740.242784 19.631075      NaN    -43    17 o    0  10.14 242.74489 -60.9231  5169.59 6835.17 2.01 1.76 -76.4 -0.471    18.69 19.94 04a59740o0221o       0   49.754650
59740.267767 19.696897      NaN     -8    16 o    0  16.64 242.74489 -60.9231  5138.03 6944.30 2.05 1.77 -79.9 -0.440    18.70 19.90 04a59740o0275o       0   49.421911
59744.220313 15.966306 0.099762   1491   137 o    0 113.01 242.74489 -60.9231  5218.64 6879.26 2.57 2.23 -73.0 -0.392    16.53 16.02 04a59744o0573o 8388610  144.760234
59745.933878 18.978793      NaN    -22    31 o    0   2.64 242.74489 -60.9231  6275.07 1492.14 2.95 2.55  32.1 -0.472    18.31 18.85 03a59746o0141o       0   56.102810
59745.937086 18.729535      NaN    -79    39 o    0   1.25 242.74489 -60.9231  6294.66 1531.61 3.01 2.65  28.8 -0.487    18.30 18.83 03a59746o0148o       0   60.889451
59745.942167 18.702047      NaN    -40    40 o    0   1.12 242.74489 -60.9231  6235.32 1451.49 3.14 2.75  34.1 -0.442    18.26 18.84 03a59746o0159o       0   61.534748
59745.954520 18.816441      NaN    -54    36 o    0   1.45 242.74489 -60.9231  6212.47 1566.73 3.01 2.74  32.3 -0.465    18.28 18.82 03a59746o0186o       0   59.012924
59748.146921 18.542463      NaN     13    42 o    0   2.67 242.74489 -60.9231  4703.42 1120.37 2.12 1.95  27.5 -0.440    17.93 18.37 04a59748o0392o       0   62.853204
59748.150090 18.280067      NaN    -29    59 o    0   1.83 242.74489 -60.9231  4721.86 1156.04 2.10 1.98  14.4 -0.432    17.35 17.50 04a59748o0399o       0   75.282968
59748.172525 17.063000      NaN   -186   181 o    0   1.10 242.74489 -60.9231  4649.71 1063.35 2.10 2.00  41.7 -0.469    16.60 16.55 04a59748o0445o       2  186.942572
59748.180818 18.574166      NaN    -50    45 o    0   1.96 242.74489 -60.9231  4621.73 1172.43 2.08 1.93  32.0 -0.429    17.86 18.21 04a59748o0463o       0   64.896265
59765.908449 19.868040      NaN      2    13 o    0   7.39 242.74489 -60.9231  1539.95 3015.59 2.27 2.09 -70.0 -0.539    19.25 20.98 03a59766o0363o       0   48.533754
59765.911233 20.009244      NaN    -35    12 o    0   8.29 242.74489 -60.9231  1559.67 3053.50 2.25 2.04 -69.1 -0.544    19.21 21.00 03a59766o0369o       0   48.275514
59765.920844 20.103715      NaN    -10    11 o    0  22.32 242.74489 -60.9231  1500.13 2979.20 2.21 2.00 -67.7 -0.541    19.34 20.96 03a59766o0390o       0   48.036707
59765.925950 19.922338      NaN    -17    13 o    0  16.31 242.74489 -60.9231  1478.42 3095.79 2.17 2.00 -66.5 -0.538    19.35 21.01 03a59766o0401o       0   48.533754
59773.898822 18.590371      NaN     25    36 o    0   1.61 242.74489 -60.9231  5030.21 6856.18 2.38 2.27 -61.9 -0.488    18.25 18.45 03a59774o0390o       0   59.012924
59773.902063 18.534680      NaN     44    32 o    0   1.95 242.74489 -60.9231  5046.71 6894.04 2.39 2.28 -73.9 -0.472    18.22 18.43 03a59774o0397o       0   56.661497
59773.918265 18.847027      NaN    -55    35 o    0   1.80 242.74489 -60.9231  4992.40 6816.61 2.39 2.26 -60.0 -0.472    18.20 18.40 03a59774o0429o       0   58.408263
59773.923723 19.051202      NaN    -20    29 o    0   2.36 242.74489 -60.9231  4972.09 6929.31 2.44 2.30 -56.3 -0.460    18.16 18.39 03a59774o0441o       0   55.022952
59777.800913 19.841877      NaN    -53    14 o    0   7.58 242.74489 -60.9231  4610.04 1040.56 2.32 2.18 -41.6 -0.504    19.17 20.87 03a59778o0233o       0   48.811118
59777.804120 19.743105      NaN      7    13 o    0   5.02 242.74489 -60.9231  4629.97 1080.05 2.35 2.22 -34.4 -0.493    19.18 20.87 03a59778o0240o       0   48.533754
59777.809606 20.009244      NaN    -62    12 o    0   7.40 242.74489 -60.9231  4570.13 1001.86 2.34 2.22 -23.7 -0.496    19.18 20.94 03a59778o0252o       0   48.275514
59777.821113 20.009244      NaN    -13    12 o    0   8.18 242.74489 -60.9231  4547.11 1119.25 2.35 2.24 -34.8 -0.489    19.16 20.76 03a59778o0276o       0   48.275514
59780.106130 19.841877      NaN    -36    14 o    0   4.25 242.74489 -60.9231  7662.52 9064.92 2.61 2.38 -70.6 -0.429    18.72 21.05 04a59780o0066o       0   48.811118
59780.109309 19.766969      NaN    -67    15 o    0   3.68 242.74489 -60.9231  7679.02 9102.80 2.56 2.38 -72.2 -0.427    18.67 21.02 04a59780o0073o       0   49.107283
59780.114921 20.009244      NaN    -17    12 o    0   7.96 242.74489 -60.9231  7620.68 9019.90 2.51 2.39 -71.5 -0.436    18.75 21.08 04a59780o0085o       0   48.275514
59780.127232 20.009244      NaN    -89    12 o    0   6.31 242.74489 -60.9231  7595.71 9129.74 2.52 2.37 -87.0 -0.427    18.60 21.10 04a59780o0110o       0   48.275514
59781.885498 19.169763      NaN    -22    26 o    0   4.83 242.74489 -60.9231  4614.30 1049.71 2.07 1.98 -33.0 -0.480    18.05 19.32 03a59782o0330o       0   53.502572
59781.888281 18.675237      NaN   -163    41 o    0   2.18 242.74489 -60.9231  4633.86 1088.72 2.08 1.98 -34.8 -0.484    18.19 19.44 03a59782o0336o       0   62.189430
59781.893375 19.841877      NaN     -5    14 o    0   6.15 242.74489 -60.9231  4572.82 1009.62 2.09 2.00 -29.1 -0.522    19.18 20.78 03a59782o0347o       0   48.811118
59781.903457 18.702047      NaN    -73    40 o    0   2.67 242.74489 -60.9231  4548.00 1125.93 2.05 1.96 -25.3 -0.497    18.09 19.30 03a59782o0368o       0   61.534748
59784.115799 19.841877      NaN     12    10 o    0   8.76 242.74489 -60.9231  7655.35 9057.11 2.55 2.40 -88.1 -0.416    18.78 20.85 04a59784o0343o       0   47.817625
59784.119515 20.009244      NaN    -57    12 o    0  10.26 242.74489 -60.9231  7672.51 9094.75 2.47 2.37  88.0 -0.428    18.71 20.95 04a59784o0351o       0   48.275514
59784.125967 19.922338      NaN    -52    13 o    0   6.83 242.74489 -60.9231  7612.89 9012.93 2.54 2.39 -87.7 -0.417    18.59 20.89 04a59784o0364o       0   48.533754
59784.135712 19.841877      NaN    -56    14 o    0   7.54 242.74489 -60.9231  7588.96 9125.19 2.47 2.37 -84.3 -0.428    18.64 20.98 04a59784o0384o       0   48.811118
59788.108077 19.841877      NaN     -9    14 o    0   2.34 242.74489 -60.9231  2396.15 8898.47 2.95 2.27 -83.4 -0.375    18.86 20.83 04a59788o0067o       0   48.811118
59788.110799 19.696897      NaN    -73    16 o    0   2.16 242.74489 -60.9231  2412.31 8935.42 3.00 2.33 -83.9 -0.367    18.67 20.60 04a59788o0073o       0   49.421911
59788.116205 19.454622      NaN    -45    20 o    0   1.99 242.74489 -60.9231  2355.50 8856.96 2.84 2.22 -85.4 -0.374    18.59 20.19 04a59788o0084o       0   50.857893
59788.127167 19.569016      NaN    -49    18 o    0   2.96 242.74489 -60.9231  2329.33 8970.91 2.84 2.23 -85.1 -0.371    18.67 20.47 04a59788o0107o       0   50.105142
59796.029407 19.841877      NaN    -46    14 o    0   9.42 242.74489 -60.9231  7318.81 3268.54 2.34 1.88 -17.8 -0.455    18.82 20.36 04a59796o0168o       0   48.811118
59796.032134 19.922338      NaN    -38    13 o    0   9.86 242.74489 -60.9231  7337.78 3306.38 2.43 2.03 -16.1 -0.438    18.74 20.32 04a59796o0174o       0   48.533754
59796.037139 19.766969      NaN    -22    15 o    0   6.87 242.74489 -60.9231  7274.56 3222.89 2.30 1.90 -17.6 -0.460    18.82 20.36 04a59796o0185o       0   49.107283
59796.048184 18.649074 0.172339    126    20 o    0  12.49 242.74489 -60.9231  7246.89 3332.31 2.33 1.90 -15.8 -0.460    18.82 20.37 04a59796o0209o    4096   50.857893
59797.849530 19.256669      NaN    -34    24 o    0   1.58 242.74489 -60.9231  8341.85 1498.85 2.84 2.72 -48.1 -0.429    18.50 19.39 03a59798o0301o       0   52.559730
59797.852923 19.089302      NaN    -68    28 o    0   1.19 242.74489 -60.9231  8360.56 1537.70 2.85 2.70 -41.3 -0.436    18.48 19.39 03a59798o0308o       0   54.502525
59797.860122 18.757738      NaN     33    27 o    0   1.53 242.74489 -60.9231  8299.80 1454.08 2.87 2.72 -42.7 -0.431    18.48 19.40 03a59798o0322o       0   53.995604
59797.872081 19.212347      NaN    -10    25 o    0   1.39 242.74489 -60.9231  8274.66 1566.03 3.03 2.87 -47.4 -0.414    18.42 19.42 03a59798o0346o       0   53.023818
59800.074699 18.836735      NaN     28    26 o    0   3.52 242.74489 -60.9231  7286.72 3238.29 2.28 1.98 -17.6 -0.411    18.39 18.98 04a59800o0263o       0   53.502572
59800.077440 18.847027      NaN     30    25 o    0   4.10 242.74489 -60.9231  7303.70 3276.25 2.29 1.95 -16.9 -0.409    18.40 19.02 04a59800o0269o       0   53.023818
59800.083009 19.128787      NaN     15    22 o    0   7.75 242.74489 -60.9231  7239.76 3194.42 2.22 1.85 -15.9 -0.424    18.44 18.97 04a59800o0281o       0   51.677125
59800.098549 19.212347      NaN    -55    25 o    0   2.75 242.74489 -60.9231  7210.53 3304.54 2.31 1.90 -17.4 -0.413    18.35 18.98 04a59800o0314o       0   53.023818
59804.024009 18.921935      NaN     29    23 o    0   4.15 242.74489 -60.9231  6843.02 7305.19 2.59 2.35 -53.6 -0.398    18.37 19.52 04a59804o0151o       0   52.110702
59804.026726 19.256669      NaN     -5    24 o    0   2.42 242.74489 -60.9231  6860.20 7342.77 2.50 2.26 -55.7 -0.415    18.36 19.56 04a59804o0157o       0   52.559730
59804.032169 18.684100      NaN     59    21 o    0   3.84 242.74489 -60.9231  6801.67 7260.23 2.45 2.29 -49.4 -0.412    18.42 19.53 04a59804o0169o       0   51.259392
59804.041700 19.102305      NaN     20    21 o    0   3.94 242.74489 -60.9231  6776.43 7371.77 2.37 2.19 -52.6 -0.419    18.37 19.52 04a59804o0190o       0   51.259392
59813.797918 19.841877      NaN   -102    14 o    0   3.30 242.74489 -60.9231  7412.38 9091.73 2.83 2.34 -44.0 -0.492    18.66 20.81 03a59814o0191o       0   48.811118
59813.801689 19.922338      NaN   -104    13 o    0   2.88 242.74489 -60.9231  7430.18 9131.72 2.86 2.36 -42.4 -0.487    18.78 20.80 03a59814o0199o       0   48.533754
59813.808141 19.922338      NaN   -102    13 o    0   2.97 242.74489 -60.9231  7376.73 9048.69 2.79 2.35 -41.6 -0.482    18.74 20.80 03a59814o0213o       0   48.533754
59813.818953 19.841877      NaN    -41    14 o    0   3.17 242.74489 -60.9231  7356.67 9161.21 2.85 2.34 -42.3 -0.487    18.79 20.79 03a59814o0236o       0   48.811118
59821.789272 18.944322      NaN   -199    32 o    0   0.90 242.74489 -60.9231  2166.34 8803.16 5.41 5.12 -61.8 -0.366    18.48 20.71 03a59822o0155o       0   56.661497
59821.792172 19.256669      NaN   -120    24 o    0   1.07 242.74489 -60.9231  2183.97 8841.76 4.77 4.43 -54.1 -0.359    18.54 20.68 03a59822o0161o       0   52.559730
59821.798091 18.889197      NaN     41    20 o    0   1.07 242.74489 -60.9231  2132.52 8765.16 3.98 3.59 -51.8 -0.383    18.66 20.74 03a59822o0173o    4096   50.857893
59821.818712 19.169763      NaN   -109    26 o    0   0.92 242.74489 -60.9231  2110.88 8881.78 4.89 4.47 -45.1 -0.355    18.50 20.85 03a59822o0213o       0   53.502572
59824.051594 19.696897      NaN    -18    16 o    0   7.61 242.74489 -60.9231  3302.92 6994.81 2.33 1.89 -85.0 -0.437    18.78 20.27 04a59824o0033o       0   49.421911
59824.069284 19.766969      NaN    -30    15 o    0   5.96 242.74489 -60.9231  3311.23 7028.41 2.51 2.06 -80.0 -0.409    18.69 20.18 04a59824o0071o       0   49.107283
59824.072004 19.631075      NaN    -14    17 o    0   5.27 242.74489 -60.9231  3251.66 6954.38 2.30 1.89 -89.1 -0.429    18.71 20.17 04a59824o0077o       0   49.754650
59824.083262 19.510313      NaN    -37    19 o    0   3.72 242.74489 -60.9231  3227.91 7069.61 2.24 1.81  89.9 -0.435    18.78 20.18 04a59824o0101o       0   50.473015
59825.726999 19.302877      NaN    -51    23 o    0   2.61 242.74489 -60.9231  7181.42 3273.74 2.29 2.08 -60.3 -0.507    18.76 19.63 03a59826o0030o       0   52.110702
59825.731096 19.696897      NaN    -97    16 o    0   4.45 242.74489 -60.9231  7200.46 3312.72 2.36 2.16 -61.1 -0.505    18.87 19.90 03a59826o0039o       0   49.421911
59825.737034 19.696897      NaN     -2    16 o    0   3.82 242.74489 -60.9231  7142.86 3231.83 2.42 2.18 -58.2 -0.503    18.87 20.02 03a59826o0052o       0   49.421911
59825.749219 19.696897      NaN    -72    16 o    0   4.01 242.74489 -60.9231  7118.81 3345.29 2.42 2.09 -58.3 -0.498    18.90 20.05 03a59826o0078o       0   49.421911
59827.989715 19.351140      NaN    -91    22 o    0   3.10 242.74489 -60.9231  2582.06 1224.60 2.50 2.02  42.1 -0.450    18.62 19.33 04a59828o0045o    8192   51.677125
59827.992875 19.510313      NaN    -18    19 o    0  12.36 242.74489 -60.9231  2600.33 1261.14 2.43 1.94  46.6 -0.460    18.61 19.35 04a59828o0052o    8192   50.473015
59828.000797 18.878500      NaN   -351    34 o    0  13.84 242.74489 -60.9231  2533.38 1182.70 2.48 1.95  46.4 -0.446    18.63 19.38 04a59828o0069o 8388608   57.814576
59828.010859 19.063754      NaN     17    23 o    0   4.72 242.74489 -60.9231  2505.11 1297.48 2.48 2.03  48.2 -0.443    18.63 19.42 04a59828o0091o 8388608   52.110702
59829.862221 19.128787      NaN    -27    27 o    0   2.38 242.74489 -60.9231  7169.11 3242.93 2.40 2.13 -55.1 -0.472    18.39 18.91 03a59830o0319o       0   53.995604
59829.868221 19.014394      NaN    -43    30 o    0   1.84 242.74489 -60.9231  7188.17 3280.62 2.48 2.17 -51.3 -0.462    18.35 18.86 03a59830o0331o       0   55.556505
59829.871468 18.990530      NaN     11    27 o    0   3.19 242.74489 -60.9231  7129.63 3199.19 2.49 2.27 -52.8 -0.456    18.36 18.85 03a59830o0338o       0   53.995604
59829.891447 18.826541      NaN     17    30 o    0   2.44 242.74489 -60.9231  7107.16 3308.13 2.34 2.13 -48.6 -0.480    18.34 18.77 03a59830o0381o       0   55.556505
59831.992869 18.526952      NaN   -508    47 o    0   5.83 242.74489 -60.9231  2572.80 1221.89 2.92 2.40  50.1 -0.417    18.29 19.02 04a59832o0063o    8192   66.298757
59832.003082 19.169763      NaN    -24    26 o    0   2.45 242.74489 -60.9231  2588.47 1256.94 2.78 2.39  49.0 -0.425    18.31 19.03 04a59832o0085o       0   53.502572
59832.018533 19.128787      NaN    -95    27 o    0   2.48 242.74489 -60.9231  2515.41 1177.64 2.61 2.16  46.3 -0.431    18.39 18.99 04a59832o0118o       0   53.995604
59832.030108 19.089302      NaN    -74    28 o    0   3.89 242.74489 -60.9231  2487.85 1291.81 2.51 2.05  43.6 -0.447    18.43 18.96 04a59832o0143o       0   54.502525
59840.052501 19.401649      NaN   -156    21 o    0   1.01 242.74489 -60.9231   436.32 1420.24 3.90 2.94  43.7 -0.367    18.81 20.73 04a59840o0004o       0   51.259392
59840.073461 19.454622      NaN    -85    20 o    0   2.08 242.74489 -60.9231   448.81 1460.39 3.52 2.42  46.2 -0.417    18.94 20.64 04a59840o0050o       0   50.857893
59840.080379 19.510313      NaN    -88    19 o    0   1.52 242.74489 -60.9231   380.19 1387.05 3.60 2.61  44.6 -0.394    18.91 20.66 04a59840o0065o       0   50.473015
59840.081776 19.169763      NaN     12    22 o    0   1.90 242.74489 -60.9231 10411.46 1434.05 3.85 2.55 -30.3 -0.386    18.77 20.54 04a59840o0068o       0   51.677125
59840.083146 19.401649      NaN    -94    21 o    0   1.84 242.74489 -60.9231   359.82 1507.05 3.74 2.72  41.9 -0.388    18.90 20.63 04a59840o0071o       0   51.259392
59840.085024 19.256669      NaN     -2    24 o    0   2.03 242.74489 -60.9231 10430.03 1474.67 4.19 2.70 -29.6 -0.378    18.67 20.50 04a59840o0075o       0   52.559730
59840.090531 19.510313      NaN    -45    19 o    0   2.37 242.74489 -60.9231 10366.25 1393.40 3.94 2.62 -31.9 -0.412    18.62 20.49 04a59840o0087o       0   50.473015
59840.102381 19.302877      NaN      6    21 o    0   2.12 242.74489 -60.9231 10340.68 1513.37 3.61 2.68 -28.7 -0.410    18.64 20.44 04a59840o0112o       0   51.259392
59856.037891 18.847027      NaN    -50    35 o    0   0.88 242.74489 -60.9231  5757.26 9088.83 3.40 2.75 -85.7 -0.358    18.21 19.29 04a59856o0118o       0   58.408263
59856.041063 19.051202      NaN    -15    29 o    0   1.39 242.74489 -60.9231  5774.81 9130.10 3.42 2.87 -84.3 -0.349    18.14 19.27 04a59856o0125o       0   55.022952
59856.066359 19.014394      NaN    -70    30 o    0   1.29 242.74489 -60.9231  5715.39 9059.30 3.25 2.44 -86.6 -0.380    18.21 19.20 04a59856o0180o       0   55.556505
59856.078209 19.014394      NaN    -15    30 o    0   1.89 242.74489 -60.9231  5692.99 9181.73 3.34 2.63 -84.4 -0.361    18.12 19.17 04a59856o0206o       0   55.556505
59861.767922 17.981610      NaN     35    66 o    0   1.23 242.74489 -60.9231  2498.32 1147.31 2.78 2.52 -72.1 -0.418    17.58 17.66 03a59862o0081o 8388610   80.885878
59861.771106 17.981610      NaN     17    72 o    0   1.13 242.74489 -60.9231  2518.57 1187.05 2.94 2.63 -71.8 -0.394    17.54 17.61 03a59862o0088o 8388610   85.851763
59861.777577 17.654224      NaN     60    85 o    0   0.89 242.74489 -60.9231  2455.97 1109.72 2.95 2.66 -67.0 -0.409    17.43 17.53 03a59862o0102o 8388610   97.013016
59861.791768 17.633737      NaN    -16   107 o    0   0.87 242.74489 -60.9231  2430.78 1222.14 3.79 3.57 -70.2 -0.372    17.02 17.24 03a59862o0132o 8388610  116.771252
59869.752382 19.142275      NaN     17    21 o    0   2.39 242.74489 -60.9231   410.57 1316.06 2.65 2.26 -71.4 -0.465    18.83 19.87 03a59870o0038o       0   51.259392
59869.775322 19.115465      NaN     13    23 o    0   1.47 242.74489 -60.9231   427.12 1354.47 2.95 2.42 -86.0 -0.436    18.88 20.20 03a59870o0087o       0   52.110702
59869.791550 18.878500      NaN    -62    34 o    0   0.98 242.74489 -60.9231   362.68 1276.63 2.85 2.40 -86.3 -0.433    18.74 19.94 03a59870o0122o       0   57.814576
59869.794432 19.241693      NaN     10    21 o    0   4.02 242.74489 -60.9231   340.93 1394.88 2.63 2.27 -72.6 -0.477    18.95 20.13 03a59870o0128o       0   51.259392
59978.104082 19.549093      NaN      4    17 o    0   2.10 242.74489 -60.9231  5918.36 9515.35 2.67 2.25 -33.3 -0.470    19.12 20.67 03a59978o0727o       0   49.754650
59978.109282 19.609992      NaN      7    15 o    0   5.76 242.74489 -60.9231  5898.09 9478.51 2.66 2.23 -31.7 -0.472    19.03 20.46 03a59978o0738o       0   49.107283
59978.113470 19.631075      NaN     -2    17 o    0   3.26 242.74489 -60.9231  5959.16 9555.70 2.64 2.27 -32.4 -0.457    18.93 20.13 03a59978o0747o       0   49.754650
59978.128256 17.954005      NaN      5    78 o    0   1.33 242.74489 -60.9231  5979.50 9438.57 2.66 2.29 -34.7 -0.436    17.32 16.97 03a59978o0777o       2   90.942428
59984.364943 18.826541      NaN     41    22 o    0   6.03 242.74489 -60.9231  3058.14 1580.62 2.11 1.89  42.1 -0.456    18.41 19.44 04a59984o0742o    8192   51.677125
59984.370087 19.212347      NaN    -26    25 o    0   7.61 242.74489 -60.9231  3036.62 1548.65 2.19 1.89  39.3 -0.464    18.40 19.45 04a59984o0753o    8192   53.023818
59987.060540 19.609992      NaN      4    16 o    0   8.52 242.74489 -60.9231  6345.23  885.05 2.26 2.12 -50.6 -0.493    18.61 19.80 03a59987o0651o       0   49.421911
59987.084565 19.454622      NaN   -100    20 o    0   3.90 242.74489 -60.9231  6372.56  862.45 2.48 2.29 -59.2 -0.470    18.61 19.81 03a59987o0702o       0   50.857893
59987.087785 19.569016      NaN    -10    18 o    0   4.62 242.74489 -60.9231  6437.28  939.65 2.31 2.15 -56.0 -0.476    18.58 19.83 03a59987o0709o       0   50.105142
59987.097979 19.696897      NaN    -86    16 o    0   5.16 242.74489 -60.9231  6480.36  828.38 2.39 2.22 -53.5 -0.477    18.62 19.81 03a59987o0731o       0   49.421911
60008.344864 19.256669 0.241275     72    16 o    0   6.87 242.74489 -60.9231  3927.00 3370.88 2.01 1.94  48.8 -0.479    18.62 19.90 04a60008o0657o       0   49.421911
60008.348032 19.454622      NaN     -5    20 o    0   4.74 242.74489 -60.9231  3910.46 3332.61 2.05 1.96  14.9 -0.473    18.49 19.75 04a60008o0664o       0   50.857893
60008.352096 19.302877      NaN   -131    23 o    0   3.95 242.74489 -60.9231  3969.69 3413.64 2.05 2.02 -87.5 -0.486    18.20 19.48 04a60008o0673o       0   52.110702
60008.365270 19.155932      NaN     13    22 o    0   4.69 242.74489 -60.9231  3999.14 3300.12 2.01 1.97  27.8 -0.480    18.55 20.09 04a60008o0701o       0   51.677125
60012.267213 19.169763      NaN   -165    26 o    0   3.58 242.74489 -60.9231  7460.59 7162.27 2.20 1.88 -62.7 -0.471    18.57 19.09 04a60012o0567o       0   53.502572
60012.276349 19.014394      NaN    -50    30 o    0   4.96 242.74489 -60.9231  7442.79 7126.17 2.20 1.88 -57.9 -0.477    18.54 19.10 04a60012o0586o       0   55.556505
60012.297669 19.256669      NaN    -61    24 o    0   5.08 242.74489 -60.9231  7513.64 7210.33 2.29 1.95 -60.5 -0.472    18.54 19.14 04a60012o0630o       0   52.559730
60012.310967 19.256669      NaN    -46    24 o    0   4.13 242.74489 -60.9231  7538.05 7097.47 2.26 1.91 -57.3 -0.473    18.53 19.16 04a60012o0658o       0   52.559730
60016.345616 18.944322      NaN     36    20 o    0  10.70 242.74489 -60.9231  7507.97 7200.95 2.18 1.94 -45.5 -0.467    18.63 19.40 04a60016o0730o       0   50.857893
60016.347417 18.757738      NaN     51    21 o    0   5.43 242.74489 -60.9231  7488.93 7163.72 2.17 1.94 -32.1 -0.469    18.62 19.41 04a60016o0734o       0   51.259392
60016.351048 19.256669      NaN     -6    24 o    0   7.72 242.74489 -60.9231  7553.61 7239.96 2.26 2.00 -39.7 -0.458    18.58 19.42 04a60016o0742o       0   52.559730
60016.366188 19.256669      NaN     -3    24 o    0   3.48 242.74489 -60.9231  7585.09 7125.60 2.20 2.11 -34.0 -0.457    18.66 19.44 04a60016o0774o       0   52.559730
60020.329627 19.922338      NaN    -40    13 o    0   6.88 242.74489 -60.9231  7435.67 3620.75 2.27 1.97 -14.2 -0.448    18.79 20.54 04a60020o0745o       0   48.533754
60020.331429 19.841877      NaN     -9    14 o    0  10.71 242.74489 -60.9231  7417.44 3583.80 2.21 1.96 -14.9 -0.441    18.91 20.54 04a60020o0749o       0   48.811118
60020.335043 19.922338      NaN    -13    13 o    0   3.29 242.74489 -60.9231  7478.38 3659.52 2.29 1.95 -16.4 -0.451    18.88 20.54 04a60020o0757o       0   48.533754
60020.340460 19.841877      NaN     -2    14 o    0   4.57 242.74489 -60.9231  7500.12 3544.60 2.32 1.95 -19.0 -0.440    18.86 20.55 04a60020o0769o       0   48.811118
60024.356478 20.009244      NaN    -43    12 o    0  11.38 242.74489 -60.9231  7471.01 3633.38 2.15 1.87 -22.1 -0.468    18.94 20.77 04a60024o0733o       0   48.275514
60024.359636 20.009244      NaN    -30    12 o    0  10.58 242.74489 -60.9231  7455.39 3596.14 2.22 1.83 -14.9 -0.458    18.91 20.76 04a60024o0740o       0   48.275514
60024.362801 20.103715      NaN     -2    11 o    0  14.48 242.74489 -60.9231  7514.67 3671.94 2.20 1.86 -18.6 -0.467    18.91 20.75 04a60024o0747o       0   48.036707
60024.374142 20.207197      NaN    -10    10 o    0  13.59 242.74489 -60.9231  7545.38 3557.63 2.24 1.92 -15.1 -0.457    18.97 20.77 04a60024o0772o       0   47.817625
60028.338963 19.302877 0.298971     69    19 o    0  21.61 242.74489 -60.9231  8260.11 9413.92 2.25 2.07 -37.2 -0.491    19.12 20.70 04a60028o0590o       0   50.473015
60028.361452 19.241693      NaN     22    17 o    0  19.08 242.74489 -60.9231  8260.62 9382.81 2.20 2.01 -58.7 -0.511    19.17 20.69 04a60028o0637o       0   49.754650
60028.363315 19.384550      NaN     22    14 o    0  14.65 242.74489 -60.9231  8326.11 9459.40 2.20 2.09 -50.8 -0.475    19.10 20.69 04a60028o0641o       0   48.811118
60028.366072 19.472870 0.331242     59    18 o    0  15.41 242.74489 -60.9231  8347.68 9342.07 2.23 2.06 -47.1 -0.486    19.18 20.68 04a60028o0647o       0   50.105142
60032.327122 19.472870      NaN     14    15 o    0   9.81 242.74489 -60.9231  8253.47 9413.50 2.22 2.06 -44.0 -0.494    19.13 20.83 04a60032o0744o       0   49.107283
60032.329916 19.454622      NaN      9    17 o    0  16.50 242.74489 -60.9231  8233.62 9376.85 2.26 2.08 -39.3 -0.487    19.17 20.83 04a60032o0750o       0   49.754650
60032.350656 19.696897      NaN     -4    16 o    0  13.61 242.74489 -60.9231  8320.24 9457.81 2.22 2.07 -54.2 -0.484    19.17 20.84 04a60032o0794o       0   49.421911
60032.354373 19.841877      NaN    -43    14 o    0  14.26 242.74489 -60.9231  8344.38 9341.73 2.36 2.14 -31.5 -0.455    19.10 20.84 04a60032o0802o       0   48.811118
60032.415107 18.910912      NaN    -37    33 o    0   3.98 242.74489 -60.9231  2600.97 1232.64 2.13 1.83  48.6 -0.466    18.09 18.42 04a60032o0922o       0   57.232205
60035.246709 19.454622      NaN    -39    20 o    0   3.33 242.74489 -60.9231   293.14 9220.48 2.78 2.05 -76.1 -0.386    18.85 20.22 04a60035o0587o       0   50.857893
60035.248527 19.351140      NaN   -112    22 o    0   7.51 242.74489 -60.9231   271.60 9182.18 2.75 2.03 -81.7 -0.399    18.78 20.27 04a60035o0591o       0   51.677125
60035.251770 19.510313      NaN    -12    19 o    0   4.00 242.74489 -60.9231   336.54 9268.28 2.69 2.02 -83.2 -0.408    18.81 20.26 04a60035o0598o       0   50.473015
60035.276804 19.766969      NaN    -19    15 o    0   5.41 242.74489 -60.9231   378.06 9157.82 2.62 1.96 -80.7 -0.424    18.96 20.66 04a60035o0651o       0   49.107283
60035.317998 19.454622      NaN    -19    20 o    0  14.82 242.74489 -60.9231 10339.08 9182.45 2.47 2.12   1.0 -0.534    19.07 20.60 04a60035o0736o       0   50.857893
60035.319821 19.256669      NaN    -81    24 o    0  10.31 242.74489 -60.9231 10319.22 9145.76 2.64 2.24   5.4 -0.494    19.10 20.59 04a60035o0740o       0   52.559730
60035.335902 18.649074      NaN     54    24 o    0   9.57 242.74489 -60.9231 10400.44 9223.86 2.51 2.17   3.9 -0.524    19.15 20.62 04a60035o0774o       0   52.559730
60035.354582 18.767304 0.201774    113    21 o    0  12.97 242.74489 -60.9231 10440.40 9110.18 2.54 2.18   8.8 -0.519    19.11 20.55 04a60035o0813o       0   51.259392
60037.040442 19.510313      NaN      6    17 o    0   3.98 242.74489 -60.9231  3848.33 3272.07 2.25 2.09 -55.8 -0.491    18.67 19.88 03a60037o0543o       0   49.754650
60037.042705 19.631075      NaN     -3    17 o    0   5.58 242.74489 -60.9231  3830.85 3233.73 2.32 2.14 -58.3 -0.499    18.57 19.91 03a60037o0548o       0   49.754650
60037.073755 19.766969      NaN     -6    15 o    0   9.48 242.74489 -60.9231  3895.58 3309.54 2.16 1.96 -55.1 -0.502    18.63 19.98 03a60037o0612o       0   49.107283
60037.076593 19.318728      NaN     17    17 o    0   8.09 242.74489 -60.9231  3919.08 3197.41 2.17 2.04 -53.5 -0.501    18.75 20.11 03a60037o0618o       0   49.754650
60040.058761 19.169763      NaN    -67    26 o    0   3.89 242.74489 -60.9231  6698.17 1357.43 2.10 1.91 -42.8 -0.519    18.50 19.09 03a60040o0599o       0   53.502572
60040.061552 19.155932      NaN      4    25 o    0   4.41 242.74489 -60.9231  6752.20 1435.07 2.10 1.94 -50.2 -0.509    18.51 19.09 03a60040o0605o       0   53.023818
60040.066786 19.169763      NaN     -3    26 o    0   7.63 242.74489 -60.9231  6775.29 1318.12 2.16 1.97 -46.9 -0.514    18.49 19.10 03a60040o0616o       0   53.502572
60041.296362 19.089302      NaN   -100    28 o    0   3.60 242.74489 -60.9231  6762.53 1415.75 2.39 2.11 -14.6 -0.421    18.25 19.03 04a60041o0679o       0   54.502525
60041.299111 19.128787      NaN    -56    27 o    0   3.79 242.74489 -60.9231  6748.51 1378.92 2.33 2.11 -11.6 -0.424    18.31 19.02 04a60041o0685o       0   53.995604
60041.301868 18.967180      NaN      7    29 o    0   3.69 242.74489 -60.9231  6804.65 1456.60 2.32 2.08 -12.4 -0.422    18.27 19.02 04a60041o0691o       0   55.022952
60041.325458 19.051202      NaN    -60    29 o    0   2.39 242.74489 -60.9231  6849.39 1345.33 2.26 2.04 -14.8 -0.430    18.30 19.04 04a60041o0740o       0   55.022952
60046.048124 19.454622      NaN    -40    20 o    0   3.65 242.74489 -60.9231  8963.83 7532.50 2.41 2.06 -50.4 -0.468    18.82 19.57 03a60046o0696o    8192   50.857893
60046.058045 17.740268      NaN    -68    97 o    0   1.52 242.74489 -60.9231  8944.75 7495.86 2.46 2.05 -49.9 -0.417    16.99 17.10 03a60046o0715o       2  107.682521
60046.060006 13.671272      NaN -11476  4115 o    0   1.06 242.74489 -60.9231  9005.33 7570.55 2.42 2.01 -47.4 -0.406    14.47 14.25 03a60046o0719o       2 4115.265669
60046.088244 19.076453      NaN     34    17 o    0   4.60 242.74489 -60.9231  1564.64 3099.40 2.27 2.03 -69.2 -0.490    18.72 19.60 03a60046o0776o    8192   49.754650
60047.339994 19.719755      NaN     11    12 o    0  20.73 242.74489 -60.9231  1685.90 3141.03 2.16 1.82  52.4 -0.459    18.91 20.02 04a60047o0768o       0   48.275514
60047.351892 19.287255 0.294700     70    19 o    0  13.92 242.74489 -60.9231  1701.39 3169.96 2.19 1.82  55.2 -0.460    18.86 20.05 04a60047o0792o       0   50.473015
60047.361308 19.631075      NaN    -82    17 o    0   7.04 242.74489 -60.9231  1636.43 3089.68 2.21 1.84  55.4 -0.446    18.88 20.06 04a60047o0811o       0   49.754650
60047.376922 19.419021 0.332726     62    19 o    0   4.53 242.74489 -60.9231  1609.70 3197.09 2.20 1.87  56.0 -0.449    18.85 20.01 04a60047o0843o       0   50.473015
60049.012000 20.009244      NaN   -170    12 o    0  15.18 242.74489 -60.9231  5462.63 3710.36 2.12 2.02 -48.1 -0.543    18.84 20.74 03a60049o0631o       0   48.275514
60049.014402 19.922338      NaN    -73    13 o    0   8.86 242.74489 -60.9231  5445.03 3671.48 2.11 1.98 -50.7 -0.555    18.90 20.74 03a60049o0636o       0   48.533754
60049.042962 19.696897      NaN   -120    16 o    0  11.39 242.74489 -60.9231  5508.48 3745.52 2.09 2.02 -52.8 -0.557    18.89 20.53 03a60049o0692o       0   49.421911
60049.047181 19.454622      NaN    -19    20 o    0   6.91 242.74489 -60.9231  5531.73 3631.69 2.07 1.92 -52.6 -0.519    18.70 20.00 03a60049o0700o       0   50.857893
60052.065591 20.103715      NaN     -6    11 o    0  27.52 242.74489 -60.9231  2295.04 5218.30 2.19 1.98 -60.7 -0.534    19.18 20.82 03a60052o0718o       0   48.036707
60052.069153 20.103715      NaN    -31    11 o    0   6.52 242.74489 -60.9231  2311.71 5256.23 2.23 2.03 -59.5 -0.530    19.14 20.79 03a60052o0725o       0   48.036707
60052.075130 20.009244      NaN      0    12 o    0   6.80 242.74489 -60.9231  2255.69 5181.17 2.19 2.00 -66.5 -0.535    19.15 20.76 03a60052o0736o       0   48.275514
60052.110705 19.922338      NaN    -31    13 o    0  16.96 242.74489 -60.9231  2231.07 5301.03 2.21 2.01 -71.5 -0.520    18.98 20.54 03a60052o0806o       0   48.533754
60061.056258 19.696897      NaN    -10    16 o    0   6.27 242.74489 -60.9231  2247.92 8799.26 2.31 2.05 -52.1 -0.476    18.74 20.24 03a60061o0714o       0   49.421911
60061.081333 18.519279      NaN     28    38 o    0   2.55 242.74489 -60.9231  2261.33 8840.98 2.32 2.10 -56.4 -0.434    18.14 19.32 03a60061o0762o       0   60.253840
60061.084801 18.298627      NaN    -26    58 o    0   2.76 242.74489 -60.9231  2207.71 8764.48 2.31 2.11 -53.1 -0.426    17.51 18.55 03a60061o0769o       0   74.501847
60061.111679 19.922338      NaN   -109    13 o    0   3.19 242.74489 -60.9231  2187.45 8888.54 2.41 2.11 -51.1 -0.485    18.98 20.64 03a60061o0821o       0   48.533754
60063.985184 19.766969      NaN    -64    15 o    0   3.71 242.74489 -60.9231  3834.01 3225.18 2.71 2.58 -56.8 -0.470    18.66 20.57 03a60064o0607o    8192   49.107283
60063.988382 19.841877      NaN    -19    14 o    0   4.81 242.74489 -60.9231  3889.65 3305.54 2.49 2.40 -57.8 -0.492    18.75 20.68 03a60064o0614o    8192   48.811118
60064.008190 19.197966      NaN     37    13 o    0   3.51 242.74489 -60.9231  6664.77 7375.99 2.56 2.38 -42.2 -0.487    18.83 20.84 03a60064o0654o    8192   48.533754
60066.981423 19.241693      NaN     16    19 o    0   5.51 242.74489 -60.9231  7301.21 7180.62 2.29 2.01 -46.4 -0.492    18.85 19.77 03a60067o0608o       0   50.473015
60066.983248 19.212347      NaN     18    19 o    0   4.54 242.74489 -60.9231  7283.41 7141.94 2.27 1.98 -45.0 -0.495    18.81 19.77 03a60067o0612o       0   50.473015
60066.986196 19.631075      NaN    -44    17 o    0   6.32 242.74489 -60.9231  7340.99 7219.53 2.32 1.99 -49.7 -0.489    18.85 19.74 03a60067o0618o       0   49.754650
60066.991229 19.510313      NaN    -29    19 o    0   2.85 242.74489 -60.9231  7364.82 7103.31 2.28 2.03 -46.4 -0.491    18.90 19.78 03a60067o0629o       0   50.473015
60069.948406 18.816441      NaN    -47    36 o    0   1.96 242.74489 -60.9231  7955.81 9397.50 2.55 2.09 -46.3 -0.465    18.32 18.48 03a60070o0546o       0   59.012924
60069.951139 19.128787      NaN    -68    27 o    0   2.50 242.74489 -60.9231  7936.11 9359.20 2.54 2.08 -44.7 -0.462    18.33 18.48 03a60070o0552o       0   53.995604
60069.957136 18.504094      NaN     36    36 o    0   2.85 242.74489 -60.9231  7999.24 9435.08 2.51 2.08 -43.5 -0.446    17.95 18.04 03a60070o0565o       0   59.012924
60069.982646 18.511660      NaN     41    34 o    0   2.15 242.74489 -60.9231  8026.37 9314.87 2.51 2.06 -48.6 -0.460    18.36 18.60 03a60070o0618o       0   57.814576
60071.255322 18.519279      NaN     28    38 o    0   3.17 242.74489 -60.9231  2652.28 1259.89 2.26 1.86  44.1 -0.459    18.19 18.59 04a60071o0564o       0   60.253840
60071.283510 18.467034      NaN     50    33 o    0   2.98 242.74489 -60.9231  2662.62 1276.74 2.31 1.89  49.4 -0.446    18.18 18.59 04a60071o0624o       0   57.232205
60071.308530 18.748255      NaN     19    32 o    0   5.83 242.74489 -60.9231  2588.03 1184.92 2.26 1.82  47.9 -0.459    18.19 18.59 04a60071o0675o       0   56.661497
60071.311732 18.249822 0.268451    182    45 o    0   6.15 242.74489 -60.9231  2567.32 1299.98 2.26 1.86  47.3 -0.445    18.17 18.58 04a60071o0682o       0   64.896265
60073.003197 19.287255      NaN      7    21 o    0   2.76 242.74489 -60.9231   546.83 1314.13 2.40 2.11 -64.4 -0.466    18.67 19.22 03a60073o0635o       0   51.259392
60073.007364 18.921935      NaN     35    21 o    0   4.56 242.74489 -60.9231   566.65 1352.24 2.28 1.96 -61.1 -0.472    18.72 19.25 03a60073o0644o       0   51.259392
60073.010140 19.128787      NaN    -51    27 o    0   7.76 242.74489 -60.9231 10486.98 1552.25 2.30 2.10 -56.2 -0.459    18.67 19.31 03a60073o0650o       0   53.995604
60073.012915 18.702047      NaN     33    29 o    0   1.92 242.74489 -60.9231   504.74 1277.09 2.37 2.05 -65.0 -0.456    18.69 19.07 03a60073o0656o       0   55.022952
60073.043283 18.094452      NaN    -27    70 o    0   1.32 242.74489 -60.9231 10457.67 1673.77 2.35 2.13 -46.8 -0.456    17.83 17.91 03a60073o0720o       2   84.181502
60073.046004 18.142010      NaN    -69    67 o    0   1.09 242.74489 -60.9231   478.19 1399.94 2.35 2.07 -64.9 -0.448    17.69 17.61 03a60073o0726o       2   81.703888