         MJD         m       dm    uJy  duJy F  err  chi/N        RA     Dec        x        y  maj  min   phi  apfit  mag5sig   Sky            Obs    Mask   duJy_new
57246.287081 19.696897      NaN   -5.0    16 c    0   0.99 254.55404 2.11751  3321.29  4523.58 3.99 3.80 -58.8 -0.404    19.52 21.51 02a57246o0067c       0  25.885641
57246.301318 19.419021      NaN   26.0    16 c    0   0.92 254.55404 2.11751  3318.01  4522.42 3.95 3.76 -57.9 -0.404    19.55 21.55 02a57246o0087c       0  25.885641
57246.325959 19.816329      NaN   16.0    13 c    0   1.62 254.55404 2.11751  1853.12  5970.15 3.94 3.65 -59.1 -0.417    19.60 21.62 02a57246o0121c       0  24.146768
57246.331677 19.922338      NaN  -10.0    13 c    0   1.52 254.55404 2.11751  1851.68  5970.50 4.05 3.73 -58.4 -0.414    19.57 21.61 02a57246o0129c       0  24.146768
57436.558335 18.816441      NaN  -22.0    36 c    0   0.98 254.55404 2.11751  7809.06  6026.53 4.00 3.67  70.7 -0.408    18.55 19.76 02a57436o0576c       0  41.352949
57436.571964 19.351140      NaN  -10.0    22 c    0   1.09 254.55404 2.11751  8096.31  6609.17 4.16 3.79  74.2 -0.400    19.02 20.66 02a57436o0599c       0  29.967756
57436.585582 19.696897      NaN  -26.0    16 c    0   0.91 254.55404 2.11751  6932.41  7192.92 3.88 3.58  78.2 -0.402    19.38 21.23 02a57436o0622c       0  25.885641
57436.599129 19.631075      NaN  -34.0    17 c    0   0.87 254.55404 2.11751  6679.00  7001.33 3.89 3.67  75.4 -0.398    19.40 21.30 02a57436o0645c       0  26.515399
57480.648857 17.963129      NaN  -77.0    79 c    0   1.18 254.55404 2.11751  2794.41  4869.33 3.70 3.47 -51.2 -0.446    17.93 18.28 02a57480o0864c 8388610  81.578590
57490.559024 19.631075      NaN  -15.0    17 c    0   0.96 254.55404 2.11751  7769.78  5955.38 3.92 3.60  82.2 -0.404    19.47 21.40 02a57490o0698c       0  26.515399
57490.578899 19.696897      NaN    1.0    16 c    0   1.18 254.55404 2.11751  2555.74  4131.72 4.18 3.78 -15.6 -0.388    19.47 21.40 02a57490o0732c       0  25.885641
57490.599498 19.696897      NaN  -16.0    16 c    0   1.06 254.55404 2.11751  3710.91  3552.11 3.87 3.71 -27.7 -0.390    19.53 21.44 02a57490o0767c       0  25.885641
57490.619239 19.841877      NaN   -9.0    14 c    0   1.27 254.55404 2.11751  3955.84  3645.09 3.87 3.71 -31.1 -0.383    19.55 21.48 02a57490o0801c       0  24.699522
57537.445063 19.696897      NaN  -28.0    16 c    0   0.85 254.55404 2.11751  2106.23  4730.80 4.06 3.61 -33.9 -0.440    19.59 21.61 02a57537o0412c       0  25.885641
57537.461540 19.472870      NaN   17.0    18 c    0   0.96 254.55404 2.11751  2083.49  4689.51 4.01 3.56 -41.0 -0.447    19.43 21.24 02a57537o0440c       0  27.167377
57537.472704 19.569016      NaN    4.0    18 c    0   1.05 254.55404 2.11751  2144.53  4768.00 3.99 3.59 -42.9 -0.445    19.35 21.10 02a57537o0462c       0  27.167377
57537.485997 19.510313      NaN  -42.0    19 c    0   0.95 254.55404 2.11751  2161.47  4650.93 3.98 3.59 -42.9 -0.433    19.29 20.98 02a57537o0485c       0  27.840014
57537.498769 19.569016      NaN  -24.0    18 c    0   1.15 254.55404 2.11751  2114.94  4708.87 3.98 3.56 -39.6 -0.442    19.26 20.90 02a57537o0507c       0  27.167377
57543.439813 19.569016      NaN    4.0    18 c    0   1.06 254.55404 2.11751  2095.84  3376.53 4.23 3.62 -24.7 -0.438    19.48 21.49 02a57543o0423c       0  27.167377
57543.447553 19.510313      NaN  -45.0    19 c    0   0.82 254.55404 2.11751  2078.32  3342.16 4.22 3.63 -27.0 -0.437    19.49 21.49 02a57543o0439c       0  27.840014
57543.468988 19.351140      NaN   -3.0    22 c    0   0.93 254.55404 2.11751  2141.93  3422.55 4.20 3.61 -29.2 -0.434    19.24 21.17 02a57543o0481c       0  29.967756
57543.477066 19.351140      NaN  -25.0    22 c    0   1.07 254.55404 2.11751  2159.01  3301.58 4.19 3.60 -26.5 -0.440    19.15 21.05 02a57543o0495c       0  29.967756
57543.497634 19.089302      NaN  -16.0    28 c    0   1.08 254.55404 2.11751  2123.02  3362.11 4.23 3.61 -27.5 -0.438    18.97 20.86 02a57543o0533c       0  34.613096
57547.427801 19.696897      NaN  -36.0    16 c    0   1.03 254.55404 2.11751  4632.53  3439.72 4.02 3.72  -9.7 -0.411    19.59 21.62 02a57547o0355c       0  25.885641
57547.439167 19.631075      NaN  -20.0    17 c    0   0.98 254.55404 2.11751  4613.75  3399.85 4.06 3.71  -8.8 -0.416    19.59 21.62 02a57547o0375c       0  26.515399
57547.458676 19.631075      NaN  -34.0    17 c    0   0.87 254.55404 2.11751  4672.98  3481.26 3.98 3.75 -13.0 -0.401    19.58 21.59 02a57547o0413c       0  26.515399
57547.471424 19.841877      NaN  -18.0    14 c    0   1.28 254.55404 2.11751  4690.77  3369.75 3.92 3.65 -14.3 -0.414    19.62 21.61 02a57547o0438c       0  24.699522
57547.494335 19.766969      NaN  -26.0    15 c    0   1.10 254.55404 2.11751  4656.75  3427.65 4.03 3.69 -15.1 -0.401    19.61 21.63 02a57547o0479c       0  25.279763
57574.381951 19.631075      NaN  -29.0    17 c    0   0.83 254.55404 2.11751  1564.49  4525.60 4.30 3.71 -42.9 -0.463    19.65 21.75 02a57574o0267c       0  26.515399
57574.396971 19.631075      NaN  -42.0    17 c    0   0.84 254.55404 2.11751  1544.77  4487.71 4.33 3.73 -39.3 -0.450    19.66 21.78 02a57574o0291c       0  26.515399
57574.412294 19.631075      NaN  -27.0    17 c    0   0.97 254.55404 2.11751  1605.61  4568.63 4.23 3.65 -40.9 -0.448    19.67 21.78 02a57574o0314c       0  26.515399
57578.385851 19.766969      NaN   -6.0    15 c    0   1.16 254.55404 2.11751  4334.56  4227.56 4.03 3.82 -30.7 -0.415    19.59 21.68 02a57578o0263c       0  25.279763
57578.401072 19.696897      NaN  -43.0    16 c    0   0.92 254.55404 2.11751  4395.38  4305.55 4.23 3.98 -26.9 -0.391    19.53 21.64 02a57578o0287c       0  25.885641
57578.431901 19.631075      NaN    1.0    17 c    0   0.98 254.55404 2.11751  4379.62  4249.84 3.91 3.66 -26.0 -0.419    19.56 21.56 02a57578o0336c       0  26.515399
57600.329155 19.549093      NaN   22.0    15 c    0   1.22 254.55404 2.11751  4559.88  5825.04 3.73 3.51 -54.3 -0.462    19.71 21.81 02a57600o0140c       0  25.279763
57600.342087 19.841877      NaN  -15.0    14 c    0   1.46 254.55404 2.11751  4540.71  5786.93 3.79 3.52 -46.7 -0.446    19.71 21.83 02a57600o0160c       0  24.699522
57600.355537 19.696897      NaN    0.0    16 c    0   0.96 254.55404 2.11751  4600.72  5863.39 3.78 3.53 -49.1 -0.443    19.69 21.79 02a57600o0180c       0  25.885641
57600.383657 19.076453      NaN   46.0    17 c    0   1.10 254.55404 2.11751  4586.69  5803.97 4.02 3.77 -48.1 -0.422    19.57 21.70 02a57600o0221c       0  26.515399
57607.314005 19.696897      NaN    3.0    16 c    0   0.86 254.55404 2.11751  4328.53  2868.33 4.23 3.72 -14.9 -0.431    19.62 21.62 02a57607o0118c       0  25.885641
57607.327410 19.922338      NaN   -7.0    13 c    0   1.39 254.55404 2.11751  4308.61  2828.97 4.27 3.71 -12.9 -0.430    19.66 21.71 02a57607o0136c       0  24.146768
57607.353719 19.841877      NaN   -4.0    14 c    0   0.91 254.55404 2.11751  4392.44  2788.64 4.33 3.71 -11.1 -0.428    19.66 21.73 02a57607o0171c       0  24.699522
57607.367966 19.766969      NaN  -13.0    15 c    0   0.97 254.55404 2.11751  4354.74  2846.13 4.17 3.60 -10.3 -0.441    19.66 21.68 02a57607o0190c       0  25.279763
57630.275759 19.384550      NaN   22.0    18 c    0   0.92 254.55404 2.11751  2598.78  2584.66 4.06 3.94 -47.5 -0.409    19.46 21.37 02a57630o0070c       0  27.167377
57630.289031 19.454622      NaN    7.0    20 c    0   0.76 254.55404 2.11751  2583.00  2544.22 4.20 4.00 -45.1 -0.389    19.42 21.35 02a57630o0095c       0  28.531849
57630.300577 19.569016      NaN   12.0    18 c    0   0.97 254.55404 2.11751  2642.02  2620.71 4.12 3.97 -47.2 -0.386    19.43 21.36 02a57630o0117c       0  27.167377
57630.313347 19.351140      NaN   27.0    17 c    0   0.94 254.55404 2.11751  2662.57  2503.10 4.09 3.92 -36.7 -0.387    19.43 21.34 02a57630o0141c       0  26.515399
57630.326512 19.631075      NaN   11.0    17 c    0   1.06 254.55404 2.11751  2623.61  2559.51 4.12 3.93 -28.2 -0.389    19.39 21.31 02a57630o0165c       0  26.515399
57638.258239 19.631075      NaN  -16.0    17 c    0   1.31 254.55404 2.11751  3933.23  3986.11 3.88 3.73 -86.2 -0.377    19.20 20.81 02a57638o0059c       0  26.515399
57638.270038 19.212347      NaN   24.0    21 c    0   0.79 254.55404 2.11751  3916.23  3945.94 3.86 3.72 -84.4 -0.371    19.21 20.82 02a57638o0082c       0  29.241518
57638.283493 19.696897      NaN    0.0    16 c    0   1.36 254.55404 2.11751  3976.11  4021.51 3.89 3.75 -81.9 -0.376    19.20 20.84 02a57638o0108c       0  25.885641
57638.295913 19.631075      NaN  -13.0    17 c    0   1.18 254.55404 2.11751  3995.32  3904.08 3.84 3.71 -80.7 -0.376    19.20 20.83 02a57638o0132c       0  26.515399
57638.307789 19.454622      NaN  -42.0    20 c    0   0.81 254.55404 2.11751  3957.17  3960.97 3.81 3.72 -78.6 -0.375    19.18 20.81 02a57638o0155c       0  28.531849
57658.227255 19.436675      NaN   19.0    18 c    0   1.00 254.55404 2.11751  4218.40  5994.43 3.84 3.69 -83.6 -0.392    19.30 21.02 02a57658o0034c       0  27.167377
57658.230330 19.631075      NaN  -16.0    17 c    0   1.10 254.55404 2.11751  4202.80  5954.35 3.88 3.75 -87.5 -0.389    19.30 21.05 02a57658o0040c       0  26.515399
57658.235991 19.696897      NaN  -30.0    16 c    0   1.16 254.55404 2.11751  4263.18  6030.95 3.95 3.82 -85.0 -0.386    19.28 21.07 02a57658o0051c       0  25.885641
57658.244708 19.569016      NaN  -11.0    18 c    0   1.08 254.55404 2.11751  4284.60  5913.68 3.92 3.80 -85.0 -0.383    19.28 21.08 02a57658o0068c       0  27.167377
57658.256586 19.631075      NaN  -26.0    17 c    0   0.91 254.55404 2.11751  4246.48  5970.45 3.83 3.72 -85.0 -0.389    19.30 21.09 02a57658o0091c       0  26.515399
57662.237982 19.351140      NaN    2.0    22 c    0   0.78 254.55404 2.11751  2422.30  4209.82 4.30 4.02  85.0 -0.404    19.26 21.13 02a57662o0056c       0  29.967756
57662.247679 19.351140      NaN    2.0    22 c    0   0.80 254.55404 2.11751  2404.42  4169.21 4.34 4.10  88.9 -0.387    19.17 21.09 02a57662o0075c       0  29.967756
57662.260013 19.169763      NaN  -44.0    26 c    0   0.92 254.55404 2.11751  2462.01  4245.66 4.31 4.11  88.1 -0.372    18.89 20.74 02a57662o0099c       0  33.016154
57816.668968 16.074166      NaN -132.0   450 c    0   1.16 254.55404 2.11751  5994.76  7481.38 3.64 3.57 -86.4 -0.438    17.53 17.60 02a57816o0797c 8388610 450.459839
57840.644511 19.183773      NaN   17.0    24 c    0   1.37 254.55404 2.11751  2098.51  4380.33 3.94 3.66  65.2 -0.410    18.42 19.58 02a57840o0606c    8192  31.465321
57844.628523 19.510313      NaN   27.0    14 c    0   1.51 254.55404 2.11751  4191.67  4492.90 3.82 3.65  69.9 -0.384    19.57 21.53 02a57844o0751c    8192  24.699522
57844.645662 17.896499      NaN   78.0    62 c    0   0.87 254.55404 2.11751  4171.91  4453.95 4.18 3.86   7.4 -0.380    18.39 19.49 02a57844o0782c       2  65.253861
57900.513653 19.922338      NaN   27.0     8 c    0   2.09 254.55404 2.11751  3125.35  3428.94 2.73 2.37  16.3 -0.476    19.80 21.53 02a57900o0503c       0  21.864729
57900.531889 19.950541      NaN   23.0     9 c    0   1.77 254.55404 2.11751  3109.29  3390.81 2.71 2.33  16.6 -0.477    19.79 21.53 02a57900o0537c       0  22.250088
57900.562193 20.171596      NaN   13.0    10 c    0   1.11 254.55404 2.11751  3187.71  3350.34 2.81 2.40  17.5 -0.484    19.74 21.48 02a57900o0594c       0  22.673032
57900.586117 19.472870      NaN   41.0    10 c    0   1.01 254.55404 2.11751  3155.10  3407.38 2.79 2.41  15.1 -0.479    19.71 21.39 02a57900o0639c       0  22.673032
57904.438304 20.449472      NaN  -16.0     8 c    0   0.99 254.55404 2.11751  1954.60  3814.58 2.97 2.75 -56.4 -0.373    19.71 21.60 02a57904o0206c       0  21.864729
57904.454686 20.449472      NaN   10.0     8 c    0   1.51 254.55404 2.11751  1933.73  3778.30 2.86 2.68 -55.6 -0.380    19.71 21.62 02a57904o0238c       0  21.864729
57904.474255 20.362567      NaN   17.0     7 c    0   1.59 254.55404 2.11751  1992.38  3855.25 2.90 2.67 -63.1 -0.377    19.73 21.61 02a57904o0275c       0  21.518978
57904.493191 20.449472      NaN  -10.0     8 c    0   1.23 254.55404 2.11751  2012.24  3738.70 2.96 2.67 -59.8 -0.375    19.72 21.61 02a57904o0311c       0  21.864729
57904.507715 20.103715      NaN   18.0     9 c    0   1.06 254.55404 2.11751  1975.63  3798.18 3.02 2.72 -58.5 -0.371    19.67 21.59 02a57904o0338c       0  22.250088
57982.318217 20.282105      NaN   16.0     8 c    0   1.78 254.55404 2.11751  2260.86  3837.16 2.37 2.30  87.3 -0.411    19.81 21.53 02a57982o0177c       0  21.864729
57982.327462 20.362567      NaN   14.0     8 c    0   1.68 254.55404 2.11751  2243.84  3797.17 2.37 2.31  82.5 -0.416    19.76 21.52 02a57982o0195c       0  21.864729
57982.336250 20.449472      NaN  -10.0     8 c    0   1.73 254.55404 2.11751  2304.56  3873.53 2.38 2.31  89.9 -0.414    19.78 21.51 02a57982o0212c       0  21.864729
57982.345533 20.449472      NaN    9.0     8 c    0   1.15 254.55404 2.11751  2325.11  3756.20 2.40 2.33  85.1 -0.408    19.75 21.46 02a57982o0230c       0  21.864729
57986.311754 14.882435      NaN 1442.0   872 c    0   1.25 254.55404 2.11751  5202.94  6043.96 2.70 2.51 -49.0 -0.383    15.26 16.79 02a57986o0141c       2 872.237391
57986.320994 18.816441      NaN   54.0    22 c    0   1.04 254.55404 2.11751  5185.71  6004.70 2.59 2.44 -50.5 -0.394    18.49 20.15 02a57986o0159c       0  29.967756
57986.329753 19.569016      NaN   -6.0    18 c    0   1.31 254.55404 2.11751  5246.07  6081.34 2.59 2.41 -48.7 -0.402    18.97 20.59 02a57986o0176c       0  27.167377
57986.339048 19.472870      NaN   41.0    10 c    0   1.41 254.55404 2.11751  5267.07  5964.13 2.62 2.48 -48.7 -0.400    19.53 21.20 02a57986o0194c       0  22.673032
58222.601548 19.302877      NaN    5.0    23 c    0   1.11 254.55404 2.11751  8980.54  7510.64 2.71 2.59  64.9 -0.417    18.77 20.38 02a58222o0031c       0  30.709386
58222.611696 19.696897      NaN   -4.0    16 c    0   1.09 254.55404 2.11751  8960.75  7474.13 2.72 2.62  71.3 -0.427    19.10 20.76 02a58222o0052c       0  25.885641
58222.621792 19.002397      NaN   49.0    18 c    0   0.99 254.55404 2.11751  9019.17  7552.52 2.68 2.59  82.0 -0.454    19.13 20.76 02a58222o0073c       0  27.167377
58222.631901 19.696897      NaN   -7.0    16 c    0   1.08 254.55404 2.11751  9038.68  7435.24 2.74 2.65  67.1 -0.454    19.22 20.64 02a58222o0094c       0  25.885641
58226.610910 16.636860      NaN -266.0   268 c    0   1.10 254.55404 2.11751  1563.09  8075.72 2.53 2.40  -9.0 -0.446    16.00 17.39 02a58226o0610c 8388610 268.771402
58226.621584 17.718109      NaN  -80.0    99 c    0   0.99 254.55404 2.11751  1546.08  8036.70 2.56 2.43  -5.2 -0.441    17.23 18.65 02a58226o0632c 8388610 101.069612
58226.632758 17.935984      NaN  -51.0    81 c    0   1.16 254.55404 2.11751  1606.22  8113.88 2.63 2.46   1.8 -0.457    17.35 18.53 02a58226o0655c 8388610  83.516863
58253.476415 20.103715      NaN    1.0    11 c    0   1.03 254.55404 2.11751  9267.41  1113.28 2.91 2.66  58.3 -0.412    19.66 21.49 02a58253o0142c    8192  23.131502
58253.483341 19.436675      NaN   40.0    11 c    0   0.87 254.55404 2.11751  9265.86  1112.82 2.84 2.61  62.3 -0.414    19.70 21.47 02a58253o0157c    8192  23.131502
58254.542672 19.719755      NaN   32.0     9 c    0   1.57 254.55404 2.11751  2266.70 10007.18 2.77 2.52   4.1 -0.445    19.68 21.55 02a58254o0429c       0  22.250088
58254.546978 19.922338      NaN  -16.0    13 c    0   0.84 254.55404 2.11751  2503.43   221.39 2.99 2.55  40.5 -0.421    19.65 21.54 02a58254o0437c       0  24.146768
58254.554040 20.103715      NaN    7.0    11 c    0   1.27 254.55404 2.11751  2247.88  9968.38 2.96 2.65   6.9 -0.447    19.60 21.55 02a58254o0452c       0  23.131502
58254.558409 19.868040      NaN   20.0    11 c    0   1.13 254.55404 2.11751  2484.93   182.12 3.10 2.67  40.0 -0.419    19.64 21.61 02a58254o0460c       0  23.131502
58254.565458 19.510313      NaN   36.0    11 c    0   1.16 254.55404 2.11751  2307.56 10046.00 2.81 2.56   2.2 -0.443    19.64 21.53 02a58254o0475c       0  23.131502
58254.569223 20.009244      NaN   11.0    12 c    0   1.27 254.55404 2.11751  2546.58   260.98 2.88 2.49  43.5 -0.425    19.70 21.59 02a58254o0483c       0  23.623429
58254.576626 20.207197      NaN  -30.0    10 c    0   1.60 254.55404 2.11751  2330.87  9927.63 2.95 2.65   4.1 -0.438    19.56 21.47 02a58254o0498c       0  22.673032
58254.580403 19.631075      NaN   27.0    12 c    0   1.05 254.55404 2.11751  2568.32   142.45 3.10 2.67  42.1 -0.391    19.54 21.51 02a58254o0506c       0  23.623429
58258.356323 19.302877      NaN   24.0    19 c    0   1.05 254.55404 2.11751  9272.74  1095.12 5.06 3.62   5.7 -0.357    19.00 21.05 02a58258o0021c       0  27.840014
58258.368139 19.510313      NaN   15.0    18 c    0   0.87 254.55404 2.11751  9287.94  1099.31 4.57 3.49   8.8 -0.392    19.12 21.13 02a58258o0045c       0  27.167377
58258.369995 19.241693      NaN   37.0    16 c    0   1.15 254.55404 2.11751  9268.25  1099.90 4.73 3.47   7.5 -0.367    19.13 21.16 02a58258o0049c       0  25.885641
58258.379288 19.142275      NaN   38.0    18 c    0   1.07 254.55404 2.11751  9266.85  1101.01 5.55 3.42   4.8 -0.384    19.03 21.20 02a58258o0068c       0  27.167377
58286.479796 20.321591      NaN    8.0     9 c    0   1.08 254.55404 2.11751  1258.86  8890.03 2.59 2.44  -8.8 -0.438    19.71 21.57 02a58286o0507c       0  22.250088
58286.490519 20.449472      NaN   10.0     8 c    0   1.64 254.55404 2.11751  1241.70  8850.53 2.57 2.48 -17.2 -0.434    19.72 21.53 02a58286o0530c       0  21.864729
58286.501235 20.207197      NaN    6.0    10 c    0   1.08 254.55404 2.11751  1301.66  8928.25 2.60 2.43  -7.1 -0.447    19.69 21.48 02a58286o0553c       0  22.673032
58286.511970 20.321591      NaN   -7.0     9 c    0   1.11 254.55404 2.11751  1323.84  8810.50 2.57 2.37  -3.6 -0.448    19.67 21.44 02a58286o0576c       0  22.250088
58310.434855 20.207197      NaN  -10.0    10 c    0   1.09 254.55404 2.11751   966.77  9197.08 2.63 2.53 -28.7 -0.435    19.67 21.50 02a58310o0405c       0  22.673032
58310.445557 20.449472      NaN  -22.0     8 c    0   1.89 254.55404 2.11751   946.61  9158.15 2.73 2.55 -40.8 -0.424    19.63 21.44 02a58310o0428c       0  21.864729
58310.456253 20.071303      NaN   13.0    11 c    0   1.07 254.55404 2.11751  1005.48  9236.04 2.83 2.63 -42.4 -0.414    19.52 21.38 02a58310o0451c       0  23.131502
58310.466955 20.207197      NaN   -8.0    10 c    0   1.36 254.55404 2.11751  1027.26  9117.32 2.77 2.59 -10.7 -0.442    19.54 21.30 02a58310o0474c       0  22.673032
58338.380386 20.449472      NaN  -23.0     8 c    0   1.56 254.55404 2.11751  9657.52  1044.91 2.76 2.53 -50.7 -0.415    19.65 21.68 02a58338o0314c       0  21.864729
58338.391126 20.449472      NaN    2.0     8 c    0   1.94 254.55404 2.11751  9639.05  1005.98 2.71 2.52 -52.2 -0.422    19.66 21.60 02a58338o0337c       0  21.864729
58338.401888 20.207197      NaN    3.0    10 c    0   0.99 254.55404 2.11751  9697.98  1084.07 2.66 2.49 -51.3 -0.426    19.62 21.51 02a58338o0360c       0  22.673032
58338.412646 20.321591      NaN   11.0     9 c    0   1.45 254.55404 2.11751  9721.30   965.65 2.75 2.66 -44.3 -0.422    19.60 21.51 02a58338o0383c       0  22.250088
58342.367241 20.207197      NaN   12.0    10 c    0   1.01 254.55404 2.11751  9349.36  8025.16 2.79 2.70 -67.9 -0.406    19.65 21.61 02a58342o0291c       0  22.673032
58342.377936 19.743105      NaN   28.0    10 c    0   1.02 254.55404 2.11751  9328.24  7986.93 2.80 2.73 -53.7 -0.396    19.61 21.56 02a58342o0314c       0  22.673032
58342.388696 20.207197      NaN   -2.0    10 c    0   1.15 254.55404 2.11751  9387.64  8064.36 2.82 2.74 -67.5 -0.394    19.60 21.52 02a58342o0337c       0  22.673032
58342.399491 20.207197      NaN   12.0    10 c    0   1.63 254.55404 2.11751  9409.25  7947.11 2.74 2.66 -37.6 -0.420    19.57 21.48 02a58342o0360c       0  22.673032
58398.234637 19.841877      NaN  -22.0    14 c    0   0.83 254.55404 2.11751  1179.86  9430.22 2.80 2.45 -59.9 -0.403    19.31 20.88 02a58398o0046c       0  24.699522
58398.245048 19.922338      NaN    9.0    13 c    0   0.80 254.55404 2.11751  1161.38  9389.85 2.80 2.49 -50.1 -0.411    19.30 20.87 02a58398o0068c       0  24.146768
58398.254794 19.674510      NaN   19.0    14 c    0   1.05 254.55404 2.11751  1222.48  9467.04 2.83 2.58 -52.4 -0.415    19.15 20.74 02a58398o0089c       0  24.699522
58398.265143 20.009244      NaN  -21.0    12 c    0   1.36 254.55404 2.11751  1246.12  9346.50 2.73 2.55 -40.9 -0.424    19.17 20.71 02a58398o0111c       0  23.623429
58402.261619 17.976960      NaN -250.0    78 c    0   0.92 254.55404 2.11751  9437.52  8832.70 2.87 2.78  32.0 -0.381    17.33 18.61 02a58402o0008c 8388610  80.610585
58578.589392 19.816329      NaN   11.0     8 c    0   1.58 254.55404 2.11751  2519.96  6966.34 2.36 2.25 -37.7 -0.413    19.76 21.67 02a58578o0772c       0  21.864729
58578.599537 20.449472      NaN   -5.0     7 c    0   1.70 254.55404 2.11751  8054.59  3551.49 2.53 2.41 -67.0 -0.395    19.69 21.69 02a58578o0791c       0  21.518978
58578.610170 20.449472      NaN  -13.0     8 c    0   1.60 254.55404 2.11751  8111.80  3634.36 2.52 2.41 -81.7 -0.394    19.67 21.69 02a58578o0810c       0  21.864729
58578.619701 20.137125      NaN    0.0     8 c    0   1.41 254.55404 2.11751  8128.08  3516.53 2.56 2.43 -65.6 -0.391    19.68 21.66 02a58578o0829c       0  21.864729
58582.574387 19.589310      NaN   15.0    10 c    0   1.11 254.55404 2.11751  6394.72  1153.85 2.74 2.51 -41.9 -0.396    19.52 21.42 02a58582o0736c       0  22.673032
58582.584441 19.791368      NaN    0.0    12 c    0   1.20 254.55404 2.11751  4178.96  9367.08 2.60 2.51 -26.9 -0.414    19.58 21.45 02a58582o0755c       0  23.623429
58582.594872 19.766969 0.241275   37.0    10 c    0   1.50 254.55404 2.11751  4233.47  9444.93 2.54 2.42 -28.8 -0.423    19.61 21.45 02a58582o0774c       0  22.673032
58582.605275 19.743105 0.236030   38.0    10 c    0   1.91 254.55404 2.11751  4250.30  9329.27 2.61 2.47 -39.8 -0.415    19.57 21.45 02a58582o0793c       0  22.673032
58610.529351 20.137125      NaN    0.0     8 c    0   1.94 254.55404 2.11751   286.87  9435.34 2.39 2.17 -38.9 -0.446    19.77 21.60 02a58610o0599c       0  21.864729
58610.538899 20.449472      NaN  -10.0     8 c    0   1.87 254.55404 2.11751   265.68  9397.54 2.44 2.21 -47.6 -0.433    19.74 21.61 02a58610o0618c       0  21.864729
58610.539368 19.652575      NaN   15.0     9 c    0   1.52 254.55404 2.11751 10035.29  9433.21 2.86 2.77 -87.0 -0.377    19.73 21.59 02a58610o0619c       0  22.250088
58610.548409 19.894850 0.244291   32.0     9 c    0   1.51 254.55404 2.11751   322.09  9476.17 2.52 2.23 -46.1 -0.439    19.73 21.58 02a58610o0637c       0  22.250088
58610.548878 20.103715      NaN  -16.0    11 c    0   1.09 254.55404 2.11751 10013.21  9395.57 2.90 2.79 -84.9 -0.374    19.67 21.57 02a58610o0638c       0  23.131502
58610.557703 19.743105      NaN    8.0    10 c    0   1.06 254.55404 2.11751   341.45  9358.79 2.55 2.26 -44.9 -0.435    19.69 21.56 02a58610o0656c       0  22.673032
58610.558172 19.816329      NaN    5.0    10 c    0   1.40 254.55404 2.11751 10070.90  9476.55 2.93 2.82 -72.4 -0.381    19.67 21.55 02a58610o0657c       0  22.673032
58610.567419 19.868040      NaN    3.0    10 c    0   1.13 254.55404 2.11751 10087.48  9360.19 2.88 2.76 -69.9 -0.377    19.70 21.53 02a58610o0676c       0  22.673032
58634.455481 20.495680      NaN   -6.0     7 c    0   2.01 254.55404 2.11751   866.11  3598.69 2.45 2.35 -58.1 -0.431    19.75 21.69 02a58634o0482c       0  21.518978
58634.458755 20.321591      NaN  -19.0     9 c    0   1.17 254.55404 2.11751   846.90  3560.49 2.49 2.36 -58.2 -0.433    19.76 21.67 02a58634o0489c       0  22.250088
58634.475719 20.137125      NaN   -6.0    10 c    0   1.01 254.55404 2.11751   901.55  3636.75 2.51 2.45 -69.7 -0.424    19.70 21.64 02a58634o0525c       0  22.673032
58634.485763 19.922338      NaN   10.0     7 c    0   1.71 254.55404 2.11751   918.32  3519.99 2.50 2.43  68.1 -0.420    19.74 21.62 02a58634o0546c       0  21.518978
58642.421622 20.071303      NaN    2.0     8 c    0   1.13 254.55404 2.11751  2823.30  3500.77 2.41 2.36 -89.6 -0.412    19.76 21.73 02a58642o0406c       0  21.864729
58642.424414 20.405150      NaN   -4.0     7 c    0   1.52 254.55404 2.11751  2803.79  3462.38 2.43 2.39 -80.2 -0.413    19.75 21.73 02a58642o0412c       0  21.518978
58642.429739 19.791368      NaN   12.0     8 c    0   1.22 254.55404 2.11751  7735.76  7023.24 2.50 2.45 -70.0 -0.406    19.78 21.71 02a58642o0423c       0  21.864729
58642.439312 19.868040      NaN    6.0     9 c    0   1.02 254.55404 2.11751  2876.02  3424.28 2.38 2.34  79.3 -0.414    19.75 21.70 02a58642o0443c       0  22.250088
58666.389973 20.039830      NaN    0.0     9 c    0   1.59 254.55404 2.11751  4839.77  5340.86 2.58 2.37  53.2 -0.393    19.76 21.81 02a58666o0329c       0  22.250088
58666.392717 20.207197      NaN   -2.0     8 c    0   1.35 254.55404 2.11751  4821.55  5302.71 2.55 2.36  53.1 -0.397    19.79 21.80 02a58666o0335c       0  21.864729
58666.397895 20.362567      NaN   -6.0     8 c    0   1.54 254.55404 2.11751  4873.03  5378.55 2.55 2.35  54.2 -0.397    19.77 21.81 02a58666o0346c       0  21.864729
58666.408044 20.321591      NaN  -14.0     9 c    0   1.48 254.55404 2.11751  4892.85  5262.23 2.45 2.32  56.7 -0.404    19.78 21.80 02a58666o0368c       0  22.250088
58694.359674 20.449472      NaN  -28.0     8 c    0   1.32 254.55404 2.11751  7185.32  5723.58 2.59 2.46 -73.7 -0.397    19.77 21.90 02a58694o0264c       0  21.864729
58694.363007 20.137125      NaN    0.0     8 c    0   1.51 254.55404 2.11751  7165.90  5685.10 2.52 2.43  81.7 -0.395    19.78 21.88 02a58694o0271c       0  21.864729
58694.370620 20.207197      NaN    1.0     7 c    0   2.01 254.55404 2.11751  7219.06  5765.58 2.52 2.43  79.8 -0.392    19.77 21.86 02a58694o0287c       0  21.518978
58694.381104 20.449472      NaN  -10.0     8 c    0   1.70 254.55404 2.11751  7239.16  5649.65 2.52 2.43  73.8 -0.391    19.74 21.85 02a58694o0309c       0  21.864729
58702.285060 17.016042      NaN  118.0   147 c    0   1.07 254.55404 2.11751  7297.59  7671.15 2.83 2.61  51.1 -0.403    16.42 17.39 02a58702o0101c       2 148.401706
58702.288281 19.696897      NaN   -5.0    15 c    0   1.31 254.55404 2.11751  7277.60  7631.15 2.90 2.65  49.7 -0.390    18.95 20.39 02a58702o0108c       0  25.279763
58702.294845 19.569016      NaN  -39.0    18 c    0   1.01 254.55404 2.11751  7331.26  7710.95 2.85 2.61  56.8 -0.392    18.98 20.42 02a58702o0122c       0  27.167377
58702.304642 20.103715      NaN  -22.0    11 c    0   1.30 254.55404 2.11751  7350.14  7595.88 2.77 2.58  53.7 -0.390    19.36 20.71 02a58702o0143c       0  23.131502
58706.339257 17.137480      NaN  -33.0   169 c    0   1.05 254.55404 2.11751  7085.21  3804.81 2.79 2.44  46.8 -0.385    16.62 17.40 02a58706o0246c 8388610 170.220640
58706.342050 16.202047      NaN -289.0   400 c    0   0.96 254.55404 2.11751  7069.12  3764.30 2.59 2.42  59.2 -0.485    15.68 16.33 02a58706o0252c 8388610 400.517249
58706.347540 16.193934      NaN  -90.0   403 c    0   1.64 254.55404 2.11751  7130.82  3841.57 2.51 2.39  55.8 -0.426    15.27 15.95 02a58706o0263c 8388610 403.513403
58726.259327 20.207197      NaN  -26.0    10 c    0   1.25 254.55404 2.11751  2903.52  5446.41 2.44 2.34 -70.9 -0.417    19.62 21.33 02a58726o0075c       0  22.673032
58726.262220 20.171596 0.350237   23.0    10 c    0   1.11 254.55404 2.11751  2884.25  5407.81 2.42 2.28 -67.7 -0.415    19.70 21.38 02a58726o0081c       0  22.673032
58726.269129 19.766969      NaN  -10.0    15 c    0   0.97 254.55404 2.11751  2942.68  5484.88 2.48 2.30 -60.7 -0.421    19.31 20.98 02a58726o0096c       0  25.279763
58726.279337 19.743105 0.165221   38.0     7 c    0   2.07 254.55404 2.11751  2963.31  5368.04 2.42 2.29 -65.8 -0.417    19.64 21.35 02a58726o0118c       0  21.518978
58730.344911 19.491430      NaN    8.0    14 c    0   1.20 254.55404 2.11751 10253.88  9352.09 2.94 2.84 -46.6 -0.364    19.38 20.94 02a58730o0271c       0  24.699522
58730.348628 19.510313      NaN    7.0    14 c    0   1.03 254.55404 2.11751 10235.07  9314.17 2.82 2.76 -55.8 -0.372    19.38 20.99 02a58730o0278c       0  24.699522
58730.356884 19.922338      NaN  -16.0    13 c    0   1.12 254.55404 2.11751 10299.61  9392.24 3.23 2.58 -50.7 -0.369    19.45 21.05 02a58730o0295c       0  24.146768
58730.368376 19.791368      NaN    0.0    12 c    0   1.45 254.55404 2.11751 10316.05  9272.76 2.80 2.70 -45.3 -0.375    19.40 20.95 02a58730o0319c       0  23.623429
58750.211001 18.757738      NaN  -64.0    38 c    0   1.41 254.55404 2.11751   760.66  1652.35 2.89 2.33 -54.4 -0.427    17.91 18.88 02a58750o0025c       0  43.105294
58750.214439 18.889197      NaN   33.0    20 c    0   1.47 254.55404 2.11751   739.71  1614.15 2.54 2.28 -59.7 -0.434    18.74 19.72 02a58750o0032c       0  28.531849
58750.220315 19.569016      NaN    4.0    14 c    0   1.09 254.55404 2.11751   798.81  1690.93 2.70 2.32 -52.8 -0.427    19.40 20.77 02a58750o0044c       0  24.699522
58750.230561 19.674510      NaN   14.0     9 c    0   1.84 254.55404 2.11751   817.33  1572.28 2.61 2.28 -52.9 -0.438    19.60 21.22 02a58750o0065c       0  22.250088
58878.624201 18.566153      NaN   17.0    37 c    0   1.09 254.55404 2.11751  5903.69  9096.68 2.65 2.64 -61.4 -0.398    18.40 20.14 02a58878o0898c    8192  42.226371
58878.633442 18.226218      NaN  -22.0    62 c    0   1.13 254.55404 2.11751  5864.37  9058.20 2.70 2.49  38.8 -0.395    17.43 19.15 02a58878o0918c       2  65.253861
58878.644226 17.883650      NaN -126.0    85 c    0   1.12 254.55404 2.11751  5841.30  9174.64 2.62 2.48  41.4 -0.395    17.45 19.07 02a58878o0941c       2  87.401753
58882.653228 20.009244      NaN    3.5    12 c    0   1.09 254.55404 2.11751  8666.71  1328.04 2.79 2.49 -54.2 -0.397    19.48 21.26 02a58882o0894c       0  23.623429
58882.657385 20.207197      NaN    0.5    10 c    0   1.48 254.55404 2.11751  8686.06  1367.82 2.60 2.36 -56.2 -0.406    19.55 21.23 02a58882o0903c       0  22.673032
58882.662224 20.207197      NaN   -0.5    10 c    0   1.47 254.55404 2.11751  8628.33  1288.78 2.70 2.36 -55.7 -0.407    19.49 21.14 02a58882o0913c       0  22.673032
58882.665055 19.454622      NaN   24.5    14 c    0   0.76 254.55404 2.11751  8607.95  1407.22 2.70 2.41 -56.6 -0.403    19.38 20.98 02a58882o0919c       0  24.699522
58902.629106 20.321591      NaN  -34.5     9 c    0   1.10 254.55404 2.11751  3272.27  2897.24 2.52 2.41 -61.3 -0.400    19.59 21.38 02a58902o0878c       0  22.250088
58902.630956 19.894850      NaN   19.5     9 c    0   1.11 254.55404 2.11751  3290.76  2937.65 2.51 2.42 -60.7 -0.402    19.56 21.39 02a58902o0882c       0  22.250088
58902.635582 19.868040      NaN   20.5     9 c    0   1.24 254.55404 2.11751  3231.77  2859.08 2.48 2.37 -57.8 -0.401    19.63 21.39 02a58902o0892c       0  22.250088
58902.650392 20.009244      NaN   12.5    10 c    0   1.00 254.55404 2.11751  3213.41  2976.54 2.63 2.38  41.3 -0.404    19.57 21.35 02a58902o0924c       0  22.673032
58930.626219 20.207197      NaN   -8.5    10 c    0   1.15 254.55404 2.11751   322.71  1225.46 2.86 2.22 -56.4 -0.407    19.59 21.44 02a58930o0805c       0  22.673032
58930.630395 20.207197      NaN    9.5     9 c    0   1.83 254.55404 2.11751   344.44  1263.98 2.82 2.19 -56.2 -0.409    19.56 21.33 02a58930o0814c       0  22.250088
58930.637937 20.362567      NaN    8.5     8 c    0   1.78 254.55404 2.11751   286.14  1185.86 2.93 2.22 -57.4 -0.401    19.65 21.43 02a58930o0829c       0  21.864729
58930.647955 19.696897      NaN  -25.5    16 c    0   1.21 254.55404 2.11751 10303.69  9257.23 3.01 2.68 -61.4 -0.364    19.10 20.37 02a58930o0849c       0  25.885641
58958.551539 20.321591      NaN  -34.5     9 c    0   1.17 254.55404 2.11751  3586.09  8706.34 2.37 2.28 -42.2 -0.405    19.79 21.58 02a58958o0689c       0  22.250088
58958.554752 20.321591      NaN  -21.5     9 c    0   1.58 254.55404 2.11751  3607.13  8745.58 2.37 2.27 -39.2 -0.404    19.78 21.58 02a58958o0696c       0  22.250088
58958.561383 19.743105      NaN   22.5    10 c    0   1.30 254.55404 2.11751  3549.86  8668.09 2.36 2.27 -47.9 -0.405    19.76 21.56 02a58958o0710c       0  22.673032
58958.573714 20.321591      NaN   -2.5     9 c    0   1.24 254.55404 2.11751  3531.95  8790.37 2.43 2.30 -51.1 -0.402    19.71 21.46 02a58958o0736c       0  22.250088
58962.540366 19.454622      NaN   -8.5    20 c    0   1.19 254.55404 2.11751  1032.00  7476.84 2.41 2.35 -33.4 -0.432    18.80 20.55 02a58962o0657c       0  28.531849
58962.545866 19.696897      NaN  -37.5    16 c    0   0.97 254.55404 2.11751  1015.86  7440.13 2.45 2.36 -34.7 -0.433    19.24 21.07 02a58962o0668c       0  25.885641
58962.548791 19.510313      NaN    4.5    19 c    0   1.11 254.55404 2.11751  9497.23  3047.05 2.51 2.44 -38.6 -0.394    18.82 20.55 02a58962o0674c       0  27.840014
58962.561396 19.510313      NaN  -31.5    19 c    0   0.99 254.55404 2.11751  1091.37  7397.85 2.45 2.39 -23.6 -0.424    18.75 20.54 02a58962o0700c       0  27.840014
58966.489187 20.244005      NaN    8.5     9 c    0   1.03 254.55404 2.11751  9531.82  3080.62 2.53 2.39 -53.8 -0.400    19.67 21.52 02a58966o0564c       0  22.250088
58966.493332 20.449472      NaN  -12.5     8 c    0   1.39 254.55404 2.11751  9551.26  3118.62 2.49 2.38 -52.5 -0.399    19.70 21.52 02a58966o0573c       0  21.864729
58966.498421 19.841877      NaN   21.5     9 c    0   1.19 254.55404 2.11751  9494.56  3040.98 2.47 2.37 -59.0 -0.402    19.70 21.51 02a58966o0584c       0  22.250088
58966.513967 20.594452      NaN  -10.5     7 c    0   1.92 254.55404 2.11751  9470.27  3161.80 2.53 2.38 -54.6 -0.393    19.70 21.52 02a58966o0616c       0  21.518978
58970.505531 20.321591      NaN    4.5     9 c    0   1.08 254.55404 2.11751  5833.95  7157.58 2.70 2.48  38.3 -0.396    19.67 21.61 02a58970o0578c       0  22.250088
58970.509225 20.244005      NaN    8.5     9 c    0   1.32 254.55404 2.11751  5854.06  7195.97 2.80 2.66  36.2 -0.409    19.64 21.62 02a58970o0586c       0  22.250088
58970.514731 20.103715      NaN   15.5     8 c    0   1.49 254.55404 2.11751  5795.86  7115.78 2.84 2.63  31.8 -0.398    19.63 21.61 02a58970o0598c       0  21.864729
58970.519805 20.321591      NaN   -8.5     9 c    0   1.13 254.55404 2.11751  5777.08  7232.42 2.63 2.43  31.5 -0.398    19.69 21.61 02a58970o0609c       0  22.250088
58986.481755 20.321591      NaN  -11.5     9 c    0   1.53 254.55404 2.11751  1544.37  6871.89 2.54 2.28 -51.1 -0.419    19.77 21.76 02a58986o0538c       0  22.250088
58986.485435 20.449472      NaN  -16.5     8 c    0   1.23 254.55404 2.11751  1564.53  6913.39 2.51 2.18 -52.9 -0.431    19.78 21.76 02a58986o0546c       0  21.864729
58986.491046 20.594452      NaN  -16.5     7 c    0   1.74 254.55404 2.11751  1506.44  6836.28 2.55 2.24 -50.9 -0.422    19.75 21.76 02a58986o0558c       0  21.518978
58986.504232 20.449472      NaN    2.5     8 c    0   1.39 254.55404 2.11751  9079.41  3610.77 2.61 2.40 -62.9 -0.396    19.77 21.75 02a58986o0586c       0  21.864729
58990.419471 20.594452      NaN   -9.5     7 c    0   2.44 254.55404 2.11751  1538.38  6874.53 2.32 2.17 -48.5 -0.422    19.77 21.61 02a58990o0401c       0  21.518978
58990.446521 20.449472      NaN  -10.5     8 c    0   1.44 254.55404 2.11751  1562.36  6912.69 2.42 2.27 -44.4 -0.413    19.73 21.65 02a58990o0457c       0  21.864729
58990.449721 20.449472      NaN  -17.5     8 c    0   1.68 254.55404 2.11751  1506.36  6832.32 2.34 2.24 -39.7 -0.416    19.75 21.65 02a58990o0464c       0  21.864729
58990.456653 20.449472      NaN   -4.5     8 c    0   1.48 254.55404 2.11751  1488.16  6948.99 2.34 2.21 -34.5 -0.420    19.75 21.63 02a58990o0479c       0  21.864729
58994.499273 20.207197      NaN    9.5     9 c    0   1.80 254.55404 2.11751  6338.23  9503.83 2.77 2.55  49.6 -0.399    19.67 21.58 02a58994o0567c       0  22.250088
58994.503427 20.321591      NaN  -13.5     9 c    0   1.37 254.55404 2.11751  6317.97  9464.06 2.78 2.59  51.4 -0.394    19.67 21.59 02a58994o0576c       0  22.250088
58994.509037 20.321591      NaN  -44.5     9 c    0   1.31 254.55404 2.11751  6377.75  9545.57 2.79 2.69  60.6 -0.393    19.67 21.57 02a58994o0588c       0  22.250088
58994.542223 20.009244      NaN  -35.5    12 c    0   0.94 254.55404 2.11751  6394.78  9427.76 2.68 2.59  63.7 -0.400    19.71 21.55 02a58994o0659c       0  23.623429
58998.475601 20.321591      NaN    6.5     9 c    0   1.25 254.55404 2.11751  6339.32  9503.93 2.80 2.55  45.0 -0.392    19.71 21.72 02a58998o0505c       0  22.250088
58998.479275 20.321591      NaN  -55.5     9 c    0   1.45 254.55404 2.11751  6319.83  9465.09 2.77 2.49  46.5 -0.396    19.74 21.73 02a58998o0513c       0  22.250088
58998.486338 20.207197      NaN   -3.5    10 c    0   1.04 254.55404 2.11751  6376.96  9543.48 2.76 2.49  51.4 -0.397    19.72 21.72 02a58998o0528c       0  22.673032
58998.521011 20.321591      NaN  -32.5     9 c    0   1.09 254.55404 2.11751  6391.39  9429.62 2.64 2.46  56.1 -0.402    19.74 21.69 02a58998o0602c       0  22.250088
59016.353235 20.495680      NaN    8.5     7 c    0   2.23 254.55404 2.11751  7574.62  3195.88 2.44 2.30  44.8 -0.390    19.74 21.67 02a59016o0241c       0  21.518978
59016.356442 19.743105      NaN   19.5    11 c    0   1.15 254.55404 2.11751  7596.95  3232.88 2.52 2.31  29.8 -0.386    19.48 21.36 02a59016o0248c       0  23.131502
59016.367541 19.226921      NaN   41.5    13 c    0   1.34 254.55404 2.11751  7540.66  3155.09 2.66 2.32  31.2 -0.382    19.22 21.10 02a59016o0272c       0  24.146768
59016.375321 20.207197      NaN   12.5     8 c    0   1.37 254.55404 2.11751  7522.62  3270.55 2.46 2.32  35.9 -0.390    19.72 21.64 02a59016o0289c       0  21.864729
59022.391623 20.071303      NaN   16.5     8 c    0   1.14 254.55404 2.11751  2701.70  1544.76 2.45 2.26 -64.0 -0.429    19.80 21.85 02a59022o0321c       0  21.864729
59022.426720 20.171596      NaN   13.5     8 c    0   1.39 254.55404 2.11751  2678.93  1508.73 2.47 2.29 -65.8 -0.428    19.76 21.83 02a59022o0396c       0  21.864729
59022.431461 20.207197      NaN    5.5    10 c    0   0.88 254.55404 2.11751  2738.56  1586.43 2.44 2.31 -72.4 -0.426    19.77 21.80 02a59022o0406c       0  22.673032
59022.436979 19.743105      NaN   25.5     9 c    0   1.14 254.55404 2.11751  2759.17  1471.60 2.42 2.24 -66.8 -0.433    19.68 21.68 02a59022o0418c       0  22.250088
59026.415890 19.743105      NaN   28.5     8 c    0   1.89 254.55404 2.11751   938.63  5527.58 2.37 2.22 -63.0 -0.427    19.81 21.85 02a59026o0301c       0  21.864729
59026.419102 19.743105      NaN   25.5     9 c    0   1.25 254.55404 2.11751   919.77  5489.12 2.38 2.19 -60.1 -0.434    19.83 21.84 02a59026o0308c       0  22.250088
59026.425133 19.922338 0.222715   45.5     8 c    0   1.31 254.55404 2.11751   979.07  5567.59 2.40 2.21 -61.4 -0.435    19.80 21.83 02a59026o0321c       0  21.864729
59026.435241 19.719755 0.207907   53.5     9 c    0   1.47 254.55404 2.11751  1000.49  5450.82 2.37 2.18 -62.7 -0.438    19.79 21.82 02a59026o0343c       0  22.250088
59042.388346 18.702047 0.090478  126.5    10 c    0   1.20 254.55404 2.11751  2794.70  3496.96 2.36 2.28 -78.3 -0.411    19.47 21.36 02a59042o0315c       0  22.673032
59042.392006 18.489118 0.096675  152.5    13 c    0   1.44 254.55404 2.11751  2775.07  3459.15 2.39 2.30  74.8 -0.410    19.29 21.13 02a59042o0323c       0  24.146768
59042.410512 17.370692      NaN   22.5   131 c    0   0.99 254.55404 2.11751  2832.91  3536.71 2.37 2.28  76.6 -0.402    16.81 18.37 02a59042o0363c       2 132.570986
59042.418883 19.271854 0.229381   77.5    15 c    0   1.37 254.55404 2.11751  2849.85  3421.55 2.42 2.29  57.3 -0.406    19.06 20.71 02a59042o0381c       0  25.279763
59050.360475 18.623526 0.084166  135.5    10 c    0   1.23 254.55404 2.11751  9218.65  7573.40 2.95 2.71  47.2 -0.383    19.62 21.84 02a59050o0258c       0  22.673032
59050.364609 18.550302 0.078677  144.5    10 c    0   1.21 254.55404 2.11751  9198.44  7534.63 2.95 2.65  45.4 -0.385    19.65 21.83 02a59050o0267c       0  22.673032
59050.372487 18.445391 0.071430  158.5    10 c    0   1.34 254.55404 2.11751  9257.83  7614.70 2.86 2.66  46.1 -0.386    19.70 21.86 02a59050o0284c       0  22.673032
59050.382835 18.220396 0.058061  193.5    10 c    0   1.43 254.55404 2.11751  9277.73  7497.08 2.82 2.70  49.9 -0.393    19.69 21.86 02a59050o0306c       0  22.673032
59054.364884 18.356290 0.072382  171.5    11 c    0   0.94 254.55404 2.11751  9216.69  7574.24 2.66 2.54 -80.6 -0.401    19.75 21.73 02a59054o0209c       0  23.131502
59054.368113 18.286218 0.067859  182.5    11 c    0   1.29 254.55404 2.11751  9196.89  7539.16 2.68 2.60  88.2 -0.398    19.73 21.72 02a59054o0216c       0  23.131502
59054.403424 18.336727 0.071090  174.5    11 c    0   1.42 254.55404 2.11751  9257.56  7616.26 2.83 2.67  42.8 -0.381    19.62 21.55 02a59054o0232c       0  23.131502
59054.429237 18.120615 0.058259  211.5    11 c    0   1.23 254.55404 2.11751  9278.14  7502.05 2.89 2.80  37.2 -0.383    19.51 21.45 02a59054o0243c       0  23.131502
59070.292911 18.131260 0.053485  209.5    10 c    0   1.27 254.55404 2.11751  4828.88  5345.61 2.70 2.41  48.3 -0.388    19.69 21.86 02a59070o0128c       0  22.673032
59070.297039 18.005163 0.047620  234.5    10 c    0   1.30 254.55404 2.11751  4808.02  5303.35 2.67 2.36  47.6 -0.383    19.69 21.90 02a59070o0137c       0  22.673032
59070.302583 17.995680 0.051927  236.5    11 c    0   1.24 254.55404 2.11751  4868.49  5384.48 3.04 2.79  50.1 -0.373    19.57 21.87 02a59070o0149c       0  23.131502
59070.314137 17.949472 0.040715  246.5     9 c    0   1.98 254.55404 2.11751  4889.14  5268.58 2.86 2.43  44.0 -0.377    19.69 21.87 02a59070o0174c       0  22.250088
59074.334748 18.014729 0.043237  232.5     9 c    0   2.30 254.55404 2.11751  4649.25  1466.99 2.44 2.28 -67.7 -0.410    19.70 21.76 02a59074o0224c       0  22.250088
59074.338451 18.009935 0.043047  233.5     9 c    0   1.49 254.55404 2.11751  4630.03  1428.12 2.51 2.31 -62.9 -0.406    19.68 21.75 02a59074o0232c       0  22.250088
59074.345806 18.019544 0.048255  231.5    10 c    0   1.50 254.55404 2.11751  4689.40  1507.78 2.43 2.25 -61.4 -0.409    19.71 21.74 02a59074o0248c       0  22.673032
59074.356420 17.892199 0.042914  259.5    10 c    0   1.87 254.55404 2.11751  4708.08  1391.13 2.36 2.22 -68.5 -0.413    19.68 21.69 02a59074o0271c       0  22.673032
59078.291762 17.986280 0.046799  238.5    10 c    0   1.93 254.55404 2.11751  4651.56  1468.28 2.44 2.19 -59.1 -0.414    19.71 21.54 02a59078o0135c       0  22.673032
59078.294981 18.029238 0.048688  229.5    10 c    0   1.62 254.55404 2.11751  4633.45  1430.14 2.42 2.18 -61.1 -0.414    19.69 21.55 02a59078o0142c       0  22.673032
59078.305136 18.043943 0.044416  226.5     9 c    0   2.15 254.55404 2.11751  4692.57  1508.08 2.41 2.23 -61.8 -0.412    19.72 21.60 02a59078o0164c       0  22.250088
59078.311156 18.019544 0.048255  231.5    10 c    0   1.15 254.55404 2.11751  4713.19  1389.25 2.46 2.23 -56.6 -0.409    19.73 21.61 02a59078o0177c       0  22.673032
59082.270036 17.721771 0.044016  302.5    12 c    0   1.43 254.55404 2.11751  1888.40  9233.34 2.51 2.31 -62.4 -0.439    19.26 21.23 02a59082o0096c       0  23.623429
59082.273266 17.875167 0.130964  263.5    31 c    0   1.22 254.55404 2.11751  1869.26  9192.11 2.47 2.40 -66.5 -0.418    18.31 20.19 02a59082o0103c       0  37.081888
59082.279710 17.935984 0.049149  249.5    11 c    0   1.54 254.55404 2.11751  1930.09  9273.55 2.49 2.32 -58.2 -0.436    19.66 21.56 02a59082o0117c       0  23.131502
59082.292585 17.995680 0.066088  236.5    14 c    0   0.98 254.55404 2.11751  1953.37  9154.16 2.66 2.47 -57.2 -0.406    19.56 21.55 02a59082o0145c       0  24.699522
59102.239539 18.019544 0.057906  231.5    12 c    0   1.05 254.55404 2.11751  7290.23  7667.58 2.71 2.38  47.2 -0.395    19.62 21.45 02a59102o0056c       0  23.623429
59102.242745 18.048890 0.054535  225.5    11 c    0   1.17 254.55404 2.11751  7270.06  7629.48 2.73 2.42  49.2 -0.395    19.65 21.40 02a59102o0063c       0  23.131502
59102.249189 17.918258 0.048353  253.5    11 c    0   1.58 254.55404 2.11751  7327.21  7707.08 2.74 2.46  53.0 -0.393    19.67 21.42 02a59102o0077c       0  23.131502
59102.261157 17.963129 0.050393  243.5    11 c    0   1.34 254.55404 2.11751  7345.89  7590.83 2.79 2.50  50.0 -0.388    19.64 21.44 02a59102o0103c       0  23.131502
59106.274426 17.866751 0.041920  265.5    10 c    0   1.60 254.55404 2.11751  7087.75  3795.22 2.54 2.37  46.6 -0.389    19.59 21.35 02a59106o0137c       0  22.673032
59106.279021 18.115332 0.057976  212.5    11 c    0   1.08 254.55404 2.11751  7078.75  3755.51 2.52 2.36  47.8 -0.386    19.58 21.35 02a59106o0147c       0  23.131502
59106.289579 17.887916 0.042746  260.5    10 c    0   1.53 254.55404 2.11751  7134.10  3832.87 2.56 2.38  48.4 -0.386    19.57 21.29 02a59106o0170c       0  22.673032
59106.297396 17.949472 0.054287  246.5    12 c    0   1.20 254.55404 2.11751  7155.05  3713.46 2.60 2.41  55.0 -0.386    19.54 21.26 02a59106o0187c       0  23.623429
59110.224918 18.019544 0.057906  231.5    12 c    0   1.50 254.55404 2.11751  7095.31  3794.56 2.52 2.44 -89.6 -0.390    19.29 20.79 02a59110o0035c       0  23.623429
59110.228602 18.079051 0.056071  219.5    11 c    0   1.59 254.55404 2.11751  7075.84  3755.52 2.51 2.43  69.1 -0.390    19.55 21.24 02a59110o0043c       0  23.131502
59110.234105 18.039019 0.063867  227.5    13 c    0   0.92 254.55404 2.11751  7135.68  3832.03 2.62 2.53 -79.9 -0.387    19.44 21.28 02a59110o0055c       0  24.146768
59110.248363 17.967720 0.059808  242.5    13 c    0   1.24 254.55404 2.11751  7152.61  3716.07 2.60 2.52  65.4 -0.385    19.39 21.19 02a59110o0086c       0  24.146768
59130.219484 17.995680 0.061368  236.5    13 c    0   1.15 254.55404 2.11751 10249.76  9348.14 3.01 2.62 -52.2 -0.369    19.54 21.04 02a59130o0052c       0  24.146768
59130.223165 18.034118 0.058688  228.5    12 c    0   1.52 254.55404 2.11751 10229.34  9308.80 2.91 2.62 -52.8 -0.372    19.55 21.09 02a59130o0060c       0  23.623429
59130.228672 17.892199 0.051497  259.5    12 c    0   1.50 254.55404 2.11751 10288.35  9387.87 2.95 2.62 -52.3 -0.382    19.54 21.08 02a59130o0072c       0  23.623429
59130.238790 18.029238 0.068163  229.5    14 c    0   1.17 254.55404 2.11751 10307.46  9270.06 2.98 2.72 -52.0 -0.373    19.45 21.04 02a59130o0094c       0  24.699522
59138.214660 18.152867 0.065472  205.5    12 c    0   1.20 254.55404 2.11751  9128.75  5642.20 2.58 2.37  37.0 -0.395    19.48 20.93 02a59138o0051c       0  23.623429
59138.217863 18.136622 0.064499  208.5    12 c    0   1.31 254.55404 2.11751  9108.57  5604.05 2.55 2.43  38.5 -0.393    19.50 20.97 02a59138o0058c       0  23.623429
59138.223364 18.058851 0.065044  223.5    13 c    0   1.36 254.55404 2.11751  9165.61  5681.33 2.49 2.43  26.2 -0.402    19.52 20.98 02a59138o0070c       0  24.146768
59138.234835 18.053859 0.064746  224.5    13 c    0   1.09 254.55404 2.11751  9184.95  5563.19 2.48 2.46   2.0 -0.406    19.45 20.95 02a59138o0095c       0  24.146768
59230.646236 19.051202 0.137277   93.5    11 c    0   1.42 254.55404 2.11751  9604.27  5025.50 2.85 2.60  27.0 -0.382    19.39 21.20 02a59230o0970c       0  23.131502
59230.660438 19.367717 0.183740   71.5    11 c    0   1.35 254.55404 2.11751  9626.27  5065.81 2.66 2.62  31.1 -0.394    19.38 21.06 02a59230o1001c       0  23.131502
59230.664552 19.026525 0.195189   95.5    16 c    0   1.06 254.55404 2.11751  9567.46  4988.26 2.69 2.67  38.4 -0.395    19.28 20.77 02a59230o1010c       0  25.885641
59230.675538 17.339295      NaN  211.5    72 c    0   0.78 254.55404 2.11751  9546.58  5104.32 2.78 2.68  34.0 -0.397    17.42 18.50 02a59230o1034c       2  74.820227
59256.639937 19.155932 0.137435   85.5    10 c    0   1.07 254.55404 2.11751  1054.04  7479.44 2.63 2.43 -76.6 -0.380    19.62 21.69 01a59256o0933c       0  22.673032
59256.644085 19.089302 0.129254   90.5    10 c    0   1.23 254.55404 2.11751  1034.66  7440.89 2.66 2.52 -66.9 -0.374    19.63 21.69 01a59256o0942c       0  22.673032
59256.656158 18.990530 0.106213   98.5     9 c    0   1.75 254.55404 2.11751  1093.55  7518.22 2.65 2.53 -42.6 -0.363    19.58 21.56 01a59256o0968c       0  22.250088
59256.665864 18.806434 0.159374  115.5    16 c    0   1.54 254.55404 2.11751  1115.27  7402.92 2.76 2.66 -42.8 -0.354    18.97 20.18 01a59256o0989c       0  25.885641
59258.614475 18.910912 0.131604  105.5    12 c    0   1.37 254.55404 2.11751  1619.85  8819.06 2.82 2.67 -49.9 -0.411    19.39 21.35 02a59258o0861c       0  23.623429
59258.618137 19.367717 0.233851   71.5    14 c    0   1.09 254.55404 2.11751  1638.47  8857.75 3.33 3.21 -55.5 -0.386    19.23 21.36 02a59258o0869c       0  24.699522
59258.624096 19.038793 0.197407   94.5    16 c    0   0.88 254.55404 2.11751  1580.06  8780.01 3.29 3.18 -53.2 -0.380    19.28 21.39 02a59258o0882c       0  25.885641
59258.638174 19.318728 0.255467   74.5    16 c    0   1.14 254.55404 2.11751  1556.28  8895.59 3.84 3.67 -53.1 -0.411    19.15 21.40 02a59258o0912c       0  25.885641
59260.633162 18.796518 0.108574  116.5    11 c    0   1.02 254.55404 2.11751  1060.76  7478.24 2.93 2.72 -69.2 -0.376    19.51 21.70 01a59260o0811c       0  23.131502
59260.649945 18.878500 0.117089  108.5    11 c    0   0.87 254.55404 2.11751  1043.76  7441.98 2.83 2.66 -58.7 -0.374    19.57 21.70 01a59260o0847c       0  23.131502
59260.656022 18.826541 0.091324  113.5     9 c    0   1.57 254.55404 2.11751  1103.59  7520.07 2.79 2.59 -70.1 -0.371    19.53 21.53 01a59260o0860c       0  22.250088
59260.664314 19.076453 0.204374   91.5    16 c    0   0.84 254.55404 2.11751  1123.72  7403.88 2.66 2.46 -50.2 -0.373    19.09 20.27 01a59260o0878c       0  25.885641
59262.638481 19.142275 0.135717   86.5    10 c    0   1.48 254.55404 2.11751  1624.80  8818.51 2.37 2.22 -42.5 -0.432    19.67 21.42 02a59262o0920c       0  22.673032
59262.642612 19.212347 0.144765   81.5    10 c    0   1.25 254.55404 2.11751  1643.79  8858.53 2.42 2.22 -47.9 -0.431    19.66 21.42 02a59262o0929c       0  22.673032
59262.652763 19.351140 0.180956   72.5    11 c    0   1.10 254.55404 2.11751  1587.26  8779.30 2.40 2.18 -45.0 -0.434    19.68 21.42 02a59262o0951c       0  23.131502
59262.665175 18.796518 0.167796  116.5    17 c    0   0.97 254.55404 2.11751  1565.42  8898.08 2.35 2.20 -44.7 -0.441    19.15 20.38 02a59262o0978c       0  26.515399
59312.542524 19.868040 0.264814   47.5    10 c    0   0.87 254.55404 2.11751  2695.93  1557.43 2.58 2.50  46.0 -0.382    19.81 21.71 01a59312o0698c       0  22.673032
59312.544373 19.922338 0.250555   45.5     9 c    0   0.92 254.55404 2.11751  2675.87  1517.88 2.65 2.54  66.4 -0.383    19.80 21.72 01a59312o0702c       0  22.250088
59312.548062 19.454622 0.144765   66.5     8 c    0   1.17 254.55404 2.11751  2735.03  1596.91 2.35 2.27  24.8 -0.395    19.91 21.74 01a59312o0710c       0  21.864729
59312.553137 19.766969 0.193020   51.5     8 c    0   1.24 254.55404 2.11751  2753.64  1480.28 2.32 2.19  31.0 -0.401    19.95 21.75 01a59312o0721c       0  21.864729
59324.471427 19.241693 0.118985   79.5     8 c    0   1.79 254.55404 2.11751   956.24  5537.91 2.46 2.29  87.7 -0.396    19.79 21.41 01a59324o0439c       0  21.864729
59324.489465 19.454622 0.144765   66.5     8 c    0   1.23 254.55404 2.11751   933.06  5502.18 2.45 2.28  83.0 -0.392    19.89 21.74 01a59324o0478c       0  21.864729
59324.492743 19.302877 0.125882   75.5     8 c    0   1.22 254.55404 2.11751   995.25  5579.30 2.38 2.22  86.2 -0.397    19.90 21.74 01a59324o0485c       0  21.864729
59324.498280 19.743105 0.188824   52.5     8 c    0   1.39 254.55404 2.11751  1012.77  5464.39 2.32 2.22 -73.4 -0.402    19.93 21.74 01a59324o0497c       0  21.864729
59346.468014 19.197966 0.157146   82.5    11 c    0   1.07 254.55404 2.11751  9843.73  8914.48 2.65 2.57 -74.7 -0.378    19.80 21.69 02a59346o0513c       0  23.131502
59346.469854 19.197966 0.157146   82.5    11 c    0   1.31 254.55404 2.11751  9862.86  8954.35 2.70 2.62 -68.3 -0.380    19.75 21.66 02a59346o0517c       0  23.131502
59346.474432 19.419021 0.175119   68.5    10 c    0   1.23 254.55404 2.11751  9803.11  8878.33 2.67 2.58 -74.1 -0.376    19.76 21.66 02a59346o0527c       0  22.673032
59346.490706 19.419021 0.175119   68.5    10 c    0   1.55 254.55404 2.11751  9785.16  8993.18 2.66 2.63 -70.3 -0.375    19.75 21.66 02a59346o0560c       0  22.673032
59350.497328 19.226921 0.146721   80.5    10 c    0   1.20 254.55404 2.11751   743.92  1645.58 2.58 2.41 -61.0 -0.419    19.67 21.58 02a59350o0422c       0  22.673032
59350.507151 19.510313 0.171432   63.5     9 c    0   1.31 254.55404 2.11751   722.35  1603.64 2.80 2.64 -61.7 -0.408    19.53 21.58 02a59350o0443c       0  22.250088
59350.510364 19.491430 0.187196   64.5    10 c    0   1.13 254.55404 2.11751   784.82  1686.74 2.70 2.58 -60.3 -0.415    19.57 21.58 02a59350o0450c       0  22.673032
59350.520454 19.922338 0.250555   45.5     9 c    0   0.98 254.55404 2.11751   805.58  1570.87 2.51 2.38 -61.7 -0.431    19.66 21.57 02a59350o0472c       0  22.250088
59354.528675 19.226921 0.132049   80.5     9 c    0   1.27 254.55404 2.11751  6990.86  1851.08 2.42 2.30 -73.5 -0.399    19.69 21.63 02a59354o0613c       0  22.250088
59354.532798 19.241693 0.118985   79.5     8 c    0   1.74 254.55404 2.11751  6971.93  1811.39 2.39 2.27 -72.4 -0.403    19.70 21.63 02a59354o0622c       0  21.864729
59354.538298 19.102305 0.104649   89.5     8 c    0   1.87 254.55404 2.11751  7029.66  1891.84 2.38 2.28 -82.4 -0.400    19.70 21.61 02a59354o0634c       0  21.864729
59354.573779 19.609992 0.146157   58.5     7 c    0   1.79 254.55404 2.11751  7043.29  1777.49 2.41 2.26 -66.5 -0.402    19.64 21.52 02a59354o0709c       0  21.518978
59368.397036 19.950541 0.200004   44.5     7 c    0   1.74 254.55404 2.11751  4634.86  1455.72 2.21 2.15  11.5 -0.409    20.01 21.86 01a59368o0351c       0  21.518978
59368.398881 20.171596 0.245166   37.5     7 c    0   1.45 254.55404 2.11751  4615.73  1417.49 2.16 2.13   0.4 -0.411    20.04 21.87 01a59368o0355c       0  21.518978
59368.401643 20.449472 0.316673   30.5     7 c    0   1.57 254.55404 2.11751  4674.77  1495.53 2.15 2.09  -9.7 -0.414    20.04 21.87 01a59368o0361c       0  21.518978
59368.437064 19.894850 0.190004   46.5     7 c    0   1.79 254.55404 2.11751  5869.15  9197.39 2.29 2.04 -72.3 -0.395    20.02 21.90 01a59368o0437c       0  21.518978
59369.392864 19.631075 0.149023   57.5     7 c    0   1.85 254.55404 2.11751  4632.78  1455.58 2.26 2.17   9.6 -0.395    19.93 21.71 01a59369o0337c       0  21.518978
59369.395169 19.491430 0.149757   64.5     8 c    0   1.51 254.55404 2.11751  4612.96  1416.61 2.27 2.14   5.3 -0.397    19.94 21.71 01a59369o0342c       0  21.864729
59369.398390 20.071303 0.223534   40.5     7 c    0   1.35 254.55404 2.11751  4670.88  1492.37 2.28 2.22  46.6 -0.393    19.90 21.70 01a59369o0349c       0  21.518978
59369.433695 19.351140 0.115154   72.5     7 c    0   1.71 254.55404 2.11751  5868.81  9203.47 2.31 2.13 -65.9 -0.377    19.90 21.69 01a59369o0417c       0  21.518978
59372.394562 20.103715      NaN   18.5     7 c    0   1.69 254.55404 2.11751  4632.73  1454.67 2.49 2.16   0.4 -0.400    19.93 21.78 01a59372o0342c       0  21.518978
59372.428128 19.719755 0.161705   53.5     7 c    0   1.85 254.55404 2.11751  5948.13  9159.28 2.28 2.12 -67.9 -0.381    19.99 21.84 01a59372o0413c       0  21.518978
59372.432301 19.868040 0.185370   47.5     7 c    0   1.55 254.55404 2.11751  5889.53  9082.56 2.28 2.12 -65.5 -0.383    20.00 21.85 01a59372o0422c       0  21.518978
59372.460322 19.510313 0.133336   63.5     7 c    0   2.64 254.55404 2.11751  5879.42  9193.13 2.37 2.25 -26.1 -0.366    19.96 21.87 01a59372o0482c       0  21.518978
59376.381544 19.549093 0.157925   61.5     8 c    0   1.16 254.55404 2.11751  1900.14  9220.50 2.27 2.09 -47.6 -0.382    19.92 21.75 01a59376o0312c       0  21.864729
59376.384768 19.510313 0.133336   63.5     7 c    0   1.83 254.55404 2.11751  1879.56  9181.30 2.24 2.03 -61.5 -0.394    19.96 21.74 01a59376o0319c       0  21.518978
59376.387531 19.766969 0.168892   51.5     7 c    0   2.36 254.55404 2.11751  1936.87  9258.36 2.23 2.03 -59.0 -0.391    19.97 21.76 01a59376o0325c       0  21.518978
59376.395903 19.367717 0.116925   71.5     7 c    0   1.47 254.55404 2.11751  1956.88  9141.66 2.26 2.06 -62.2 -0.389    19.94 21.79 01a59376o0343c       0  21.518978
59380.375500 20.362567 0.250555   32.5     6 c    0   2.29 254.55404 2.11751  1896.80  9220.39 2.30 2.14 -51.2 -0.386    19.83 21.68 01a59380o0295c       0  21.214768
59380.381611 19.436675 0.124593   67.5     7 c    0   1.71 254.55404 2.11751  1879.40  9184.56 2.28 2.06 -63.6 -0.390    19.87 21.74 01a59380o0308c       0  21.518978
59380.383451 19.102305 0.104649   89.5     8 c    0   1.18 254.55404 2.11751  1937.46  9262.14 2.35 2.17 -55.8 -0.383    19.76 21.65 01a59380o0312c       0  21.864729
59380.404768 19.491430 0.168476   64.5     9 c    0   1.43 254.55404 2.11751  8565.39  1414.74 2.78 2.58 -37.9 -0.380    19.78 21.74 01a59380o0357c       0  22.250088
59402.409425 19.197966 0.142860   82.5    10 c    0   1.11 254.55404 2.11751  8287.16  9419.52 2.68 2.57 -75.8 -0.402    19.74 21.61 02a59402o0362c       0  22.673032
59402.412681 19.549093 0.157925   61.5     8 c    0   1.78 254.55404 2.11751  8269.49  9377.71 2.67 2.56 -70.4 -0.399    19.76 21.60 02a59402o0369c       0  21.864729
59402.419565 19.472870      NaN   35.5    10 c    0   1.23 254.55404 2.11751  8328.75  9458.83 2.75 2.66 -69.9 -0.393    19.69 21.57 02a59402o0384c       0  22.673032
59402.430739 19.401649 0.189573   69.5    11 c    0   1.34 254.55404 2.11751  8348.59  9344.34 2.72 2.65 -88.2 -0.392    19.70 21.54 02a59402o0408c       0  23.131502
59406.365773 19.589310 0.204856   59.5    10 c    0   1.39 254.55404 2.11751  8289.89  9415.79 2.72 2.62  80.4 -0.394    19.73 21.65 02a59406o0265c       0  22.673032
59406.368992 19.367717 0.167036   71.5    10 c    0   1.18 254.55404 2.11751  8272.19  9377.23 2.80 2.71  73.3 -0.386    19.70 21.64 02a59406o0272c       0  22.673032
59406.376538 19.491430 0.205915   64.5    11 c    0   1.08 254.55404 2.11751  8330.88  9454.46 2.72 2.65  86.3 -0.394    19.75 21.62 02a59406o0288c       0  23.131502
59406.406883 19.419021 0.192631   68.5    11 c    0   1.07 254.55404 2.11751  8348.01  9339.96 2.76 2.74 -77.4 -0.386    19.65 21.57 02a59406o0353c       0  23.131502
59428.428873 19.609992      NaN   25.5    11 c    0   1.15 254.55404 2.11751   289.47  1268.46 2.93 2.76  44.8 -0.442    19.54 21.49 01a59428o0421c       0  23.131502
59428.446622 20.009244      NaN   18.5     8 c    0   2.42 254.55404 2.11751   312.31  1306.42 2.67 2.51  39.9 -0.414    19.56 21.41 01a59428o0459c       0  21.864729
59428.455598 19.652575 0.217147   56.5    10 c    0   1.53 254.55404 2.11751   252.91  1227.00 2.71 2.52  30.6 -0.422    19.53 21.33 01a59428o0478c       0  22.673032
59428.462131 19.419021      NaN   29.5    13 c    0   1.12 254.55404 2.11751   235.82  1343.17 2.92 2.70  20.7 -0.401    19.40 21.19 01a59428o0492c       0  24.146768
59432.337782 19.743105 0.212427   52.5     9 c    0   1.11 254.55404 2.11751  1437.08  4972.76 2.28 2.01  88.5 -0.414    19.93 21.83 01a59432o0229c       0  22.250088
59432.341011 20.071303 0.255467   40.5     8 c    0   1.85 254.55404 2.11751  1457.20  5009.70 2.29 2.02  87.8 -0.411    19.90 21.82 01a59432o0236c       0  21.864729
59432.346550 19.696897 0.180956   54.5     8 c    0   1.56 254.55404 2.11751  1398.84  4931.98 2.35 2.05  86.9 -0.413    19.88 21.80 01a59432o0248c       0  21.864729
59432.360459 19.652575 0.152003   56.5     7 c    0   2.02 254.55404 2.11751  1381.39  5046.62 2.52 2.30 -86.7 -0.395    19.83 21.79 01a59432o0278c       0  21.518978
59436.306675 19.652575 0.130288   56.5     6 c    0   3.44 254.55404 2.11751  1432.93  4972.55 2.26 1.95  81.9 -0.422    19.99 21.89 01a59436o0147c       0  21.214768
59436.309895 19.674510 0.177263   55.5     8 c    0   1.96 254.55404 2.11751  1453.56  5012.15 2.31 1.96  85.2 -0.420    19.99 21.89 01a59436o0154c       0  21.864729
59436.320035 19.063754 0.088374   92.5     7 c    0   1.38 254.55404 2.11751  1394.88  4933.98 2.28 1.96  86.7 -0.425    19.96 21.87 01a59436o0176c       0  21.518978
59436.327906 20.137125 0.271434   38.5     8 c    0   1.49 254.55404 2.11751  1377.20  5049.46 2.28 1.95  88.2 -0.428    19.96 21.85 01a59436o0193c       0  21.864729
59454.272281 20.009244 0.301593   42.5    10 c    0   1.54 254.55404 2.11751  9234.76  7568.29 2.65 2.45 -68.6 -0.411    19.71 21.49 02a59454o0106c       0  22.673032
59454.275498 19.589310      NaN   29.5    10 c    0   1.17 254.55404 2.11751  9215.80  7530.70 2.58 2.45 -73.7 -0.408    19.70 21.49 02a59454o0113c       0  22.673032
59454.281007 19.766969 0.289530   51.5    12 c    0   1.07 254.55404 2.11751  9273.48  7610.54 2.64 2.50 -70.1 -0.408    19.68 21.50 02a59454o0125c       0  23.623429
59454.291628 20.282105 0.348987   34.5     9 c    0   1.99 254.55404 2.11751  9292.49  7494.67 2.60 2.47 -65.3 -0.415    19.67 21.49 02a59454o0148c       0  22.250088
59458.291682 19.609992 0.250555   58.5    12 c    0   1.16 254.55404 2.11751  8948.60  1749.22 2.52 2.06 -55.2 -0.428    19.53 21.19 02a59458o0156c    8192  23.623429
59458.295828 17.422338      NaN   84.5   104 c    0   1.21 254.55404 2.11751  8929.61  1710.04 2.54 2.09 -56.6 -0.422    16.94 18.38 02a59458o0165c       2 105.972008
59458.319778 18.519279      NaN   67.5    27 c    0   0.97 254.55404 2.11751  9006.89  1669.04 2.47 2.07 -54.3 -0.421    18.26 19.90 02a59458o0217c    8192  33.809265
59462.268410 19.868040 0.264814   47.5    10 c    0   1.42 254.55404 2.11751  8947.32  1743.76 3.06 2.73 -57.2 -0.386    19.49 21.54 02a59462o0021c       0  22.673032
59462.272532 19.791368 0.271434   50.5    11 c    0   0.96 254.55404 2.11751  8928.36  1703.85 2.93 2.56 -55.1 -0.391    19.46 21.42 02a59462o0030c       0  23.131502
59462.278069 19.472870 0.165621   65.5     9 c    0   1.37 254.55404 2.11751  8986.91  1782.20 2.85 2.45 -56.2 -0.397    19.56 21.54 02a59462o0042c       0  22.250088
59462.288204 19.589310 0.184370   59.5     9 c    0   1.61 254.55404 2.11751  9006.88  1666.83 2.78 2.39 -56.1 -0.402    19.61 21.53 02a59462o0064c       0  22.250088
59466.254607 19.950541 0.285720   44.5    10 c    0   1.28 254.55404 2.11751  4836.63  5338.28 2.36 2.27 -83.0 -0.400    19.65 21.48 02a59466o0085c       0  22.673032
59466.257824 20.207197 0.289530   36.5     8 c    0   2.10 254.55404 2.11751  4817.28  5299.71 2.34 2.25 -87.8 -0.404    19.66 21.48 02a59466o0092c       0  21.864729
59466.266063 19.212347 0.144765   81.5    10 c    0   1.30 254.55404 2.11751  4875.10  5376.83 2.35 2.26  81.1 -0.401    19.70 21.48 02a59466o0110c       0  22.673032
59466.278059 19.791368 0.197407   50.5     8 c    0   1.66 254.55404 2.11751  4898.02  5259.34 2.42 2.32 -78.2 -0.398    19.62 21.45 02a59466o0136c       0  21.864729
59518.194120 16.149074      NaN  480.5   262 c    0   1.18 254.55404 2.11751  4410.44  9602.40 2.59 2.41 -59.9 -0.501    16.83 17.77 02a59518o0020c       2 262.789015
59518.197327 17.509244      NaN   66.5   100 c    0   1.03 254.55404 2.11751  4390.81  9563.49 2.64 2.53 -64.7 -0.417    17.60 18.62 02a59518o0027c       2 102.049333
59518.202832 18.867907      NaN   13.5    32 c    0   1.31 254.55404 2.11751  4448.44  9639.73 2.59 2.38 -52.1 -0.393    18.63 19.70 02a59518o0039c    8192  37.921846
59518.214745 19.183773 0.267909   83.5    19 c    0   1.39 254.55404 2.11751  4463.96  9523.90 2.55 2.45 -64.8 -0.387    19.01 20.27 02a59518o0065c    8192  27.840014
59669.081061 19.419021      NaN   29.5    13 c    0   1.07 254.55404 2.11751  8177.31  9443.14 2.45 2.19  85.8 -0.403    19.18 20.75 03a59669o0797c    8192  24.146768
59669.083828 18.990530      NaN   14.5    28 c    0   1.49 254.55404 2.11751  8157.82  9404.85 2.41 2.16  86.5 -0.405    18.31 19.83 03a59669o0803c    8192  34.613096
59669.089293 17.456271      NaN -366.5   126 c    0   1.65 254.55404 2.11751  8213.06  9485.65 2.41 2.14  89.6 -0.394    17.47 18.96 03a59669o0815c       2 127.632544
59669.099230 17.603715      NaN  -84.5   110 c    0   1.53 254.55404 2.11751  8233.27  9370.22 2.46 2.19 -88.4 -0.401    16.95 18.51 03a59669o0836c       2 111.866288
59676.611542 20.282105 0.348987   34.5     9 c    0   1.44 254.55404 2.11751  4662.40  1447.55 2.45 2.28  64.4 -0.419    19.59 21.75 02a59676o0797c       0  22.250088
59676.618452 19.510313      NaN   30.5    11 c    0   1.01 254.55404 2.11751  4641.56  1411.17 2.47 2.26  57.5 -0.417    19.61 21.74 02a59676o0811c       0  23.131502
59676.622564 19.894850      NaN   19.5     9 c    0   1.09 254.55404 2.11751  4699.85  1487.10 2.42 2.28  67.7 -0.414    19.63 21.72 02a59676o0820c       0  22.250088
59676.634501 19.287255      NaN   40.5    12 c    0   1.21 254.55404 2.11751  4719.25  1370.03 2.43 2.26  69.2 -0.417    19.39 21.31 02a59676o0845c       0  23.623429
59680.507754 19.089302      NaN  -29.5    28 c    0   1.05 254.55404 2.11751  5930.19  9130.35 2.63 2.32  36.7 -0.404    18.68 20.29 02a59680o0605c       0  34.613096
59680.510956 18.738855      NaN   32.5    30 c    0   1.28 254.55404 2.11751  5951.43  9169.80 2.62 2.32  34.6 -0.409    18.63 20.24 02a59680o0612c       0  36.250054
59680.518924 18.978793      NaN  -45.5    31 c    0   1.34 254.55404 2.11751  5895.03  9090.42 2.62 2.31  31.6 -0.408    18.49 20.15 02a59680o0629c       0  37.081888
59680.528892 17.972330      NaN   85.5    52 c    0   1.09 254.55404 2.11751  5873.90  9207.37 2.59 2.31  32.0 -0.405    17.97 19.59 02a59680o0650c       0  55.839649
59696.489806 20.009244      NaN   -7.5    12 c    0   1.16 254.55404 2.11751  3404.65  4861.56 2.65 2.27  31.4 -0.401    19.45 21.30 02a59696o0559c       0  23.623429
59696.491635 20.009244      NaN  -15.5    12 c    0   1.14 254.55404 2.11751  3424.01  4900.13 2.66 2.26  33.1 -0.403    19.46 21.31 02a59696o0563c       0  23.623429
59696.494378 20.321591      NaN    3.5     9 c    0   1.98 254.55404 2.11751  3366.11  4822.61 2.61 2.26  36.1 -0.405    19.46 21.31 02a59696o0569c       0  22.250088
59696.516777 20.103715      NaN    4.5    11 c    0   1.14 254.55404 2.11751  3348.06  4937.04 2.69 2.27  31.8 -0.405    19.49 21.38 02a59696o0616c       0  23.131502
59700.504928 20.103715      NaN  -13.5    11 c    0   1.22 254.55404 2.11751  3308.25  2924.58 2.55 2.23  34.2 -0.413    19.47 21.07 02a59700o0599c       0  23.131502
59700.506756 20.449472      NaN  -18.5     8 c    0   1.28 254.55404 2.11751  3326.95  2962.56 2.56 2.24  35.4 -0.413    19.55 21.15 02a59700o0603c       0  21.864729
59700.517880 19.609992      NaN   25.5    11 c    0   1.14 254.55404 2.11751  3267.88  2886.22 2.59 2.23  34.7 -0.409    19.50 21.11 02a59700o0626c       0  23.131502
59700.523411 19.816329      NaN    7.5    14 c    0   1.07 254.55404 2.11751  3250.83  3004.30 2.58 2.22  33.8 -0.412    19.32 20.88 02a59700o0638c       0  24.699522
59704.514119 17.963129      NaN  -77.5    79 c    0   1.74 254.55404 2.11751  3252.95  3004.21 2.54 2.19  34.0 -0.415    17.07 18.46 02a59704o0614c 8388610  81.578590
59724.471073 19.743105      NaN   22.5    10 c    0   1.03 254.55404 2.11751  2898.08  5436.50 2.63 2.34  34.1 -0.408    19.57 21.27 02a59724o0507c       0  22.673032
59724.500901 19.631075      NaN   24.5    11 c    0   1.13 254.55404 2.11751  2876.27  5396.94 2.62 2.33  37.3 -0.409    19.57 21.27 02a59724o0570c       0  23.131502
59724.504280 20.103715      NaN   -5.5    11 c    0   0.99 254.55404 2.11751  2934.88  5474.35 2.58 2.31  39.4 -0.405    19.59 21.29 02a59724o0577c       0  23.131502
59724.532584 20.103715      NaN  -16.5    11 c    0   1.29 254.55404 2.11751  2946.70  5359.62 2.52 2.31  38.1 -0.412    19.60 21.26 02a59724o0638c       0  23.131502
59728.420071 17.613631      NaN  -42.5   109 c    0   1.35 254.55404 2.11751  7717.42  5185.29 2.76 2.30  33.1 -0.390    17.20 18.65 02a59728o0395c 8388610 110.883120
59728.423276 17.482434      NaN -252.5   123 c    0   1.19 254.55404 2.11751  7659.75  5107.68 2.76 2.29  31.1 -0.392    16.97 18.41 02a59728o0402c 8388610 124.671835
59728.429224 17.845990      NaN  -61.5    88 c    0   0.84 254.55404 2.11751  7641.26  5227.25 2.71 2.29  36.1 -0.393    17.28 18.74 02a59728o0415c 8388610  90.322015
59732.472997 20.207197      NaN  -23.5    10 c    0   1.38 254.55404 2.11751 10247.34  9333.00 2.86 2.57  33.4 -0.390    19.57 21.11 02a59732o0507c       0  22.673032
59732.475825 20.321591      NaN    2.5     9 c    0   1.46 254.55404 2.11751 10229.67  9298.71 2.90 2.56  34.4 -0.388    19.53 21.11 02a59732o0513c       0  22.250088
59732.496863 19.766969      NaN   15.5    12 c    0   0.92 254.55404 2.11751 10286.36  9375.42 2.81 2.58  26.4 -0.389    19.55 21.05 02a59732o0558c       0  23.623429
59732.525175 20.103715      NaN   -1.5    11 c    0   1.03 254.55404 2.11751 10300.87  9263.01 2.88 2.64  20.4 -0.390    19.52 21.12 02a59732o0619c       0  23.131502
59756.424078 20.321591      NaN    9.5     8 c    0   1.68 254.55404 2.11751  6984.06  1845.26 2.45 2.24 -70.5 -0.413    19.65 21.46 02a59756o0333c       0  21.864729
59756.427279 19.529530      NaN   32.5    10 c    0   1.15 254.55404 2.11751  6965.54  1809.99 2.51 2.30 -70.1 -0.410    19.62 21.44 02a59756o0340c       0  22.673032
59756.432767 19.841877      NaN   24.5     8 c    0   1.90 254.55404 2.11751  7023.48  1887.80 2.46 2.26 -70.1 -0.411    19.66 21.45 02a59756o0352c       0  21.864729
59756.443277 18.369531      NaN   37.5    44 c    0   1.82 254.55404 2.11751  7044.93  1769.86 2.50 2.25 -64.9 -0.413    17.73 19.41 02a59756o0375c       0  48.477483
59764.450285 19.979496      NaN    7.5    12 c    0   0.98 254.55404 2.11751  1038.22  7479.83 2.35 2.31  -0.1 -0.445    19.48 21.11 02a59764o0002c       0  23.623429
59764.453478 20.009244      NaN    9.5    11 c    0   1.16 254.55404 2.11751  1019.01  7438.81 2.36 2.33   1.0 -0.446    19.47 21.11 02a59764o0009c       0  23.131502
59764.459847 19.868040      NaN   14.5    11 c    0   1.35 254.55404 2.11751  1077.38  7517.30 2.43 2.38  12.9 -0.431    19.34 20.95 02a59764o0023c       0  23.131502
59764.469840 17.740268      NaN -290.5    97 c    0   1.23 254.55404 2.11751  1098.71  7400.20 2.43 2.32  16.9 -0.432    16.82 18.15 02a59764o0045c       2  99.111384
59780.360755 19.766969      NaN  -11.5    15 c    0   0.85 254.55404 2.11751  4923.04  7268.76 3.38 3.26  55.7 -0.393    19.31 21.38 02a59780o0261c       0  25.279763
59780.363940 20.103715      NaN   -1.5    11 c    0   0.93 254.55404 2.11751  4904.00  7230.85 2.89 2.76  42.0 -0.399    19.45 21.38 02a59780o0268c       0  23.131502
59780.371231 20.321591      NaN  -16.5     9 c    0   1.76 254.55404 2.11751  4961.74  7310.27 3.02 2.81  44.5 -0.386    19.46 21.38 02a59780o0284c       0  22.250088
59780.383588 20.039830      NaN    8.5    11 c    0   1.12 254.55404 2.11751  4982.25  7196.36 2.84 2.71  37.8 -0.397    19.52 21.36 02a59780o0311c       0  23.131502
59784.335686 20.207197      NaN    4.5    10 c    0   0.92 254.55404 2.11751  4923.02  7268.75 2.46 2.32  49.2 -0.417    19.67 21.39 02a59784o0206c       0  22.673032
59784.339310 20.009244      NaN   12.5    10 c    0   1.13 254.55404 2.11751  4903.50  7230.21 2.53 2.42  51.5 -0.413    19.62 21.40 02a59784o0214c       0  22.673032
59784.346113 20.321591      NaN   -7.5     9 c    0   0.90 254.55404 2.11751  4963.00  7311.47 2.50 2.38  46.5 -0.414    19.65 21.38 02a59784o0229c       0  22.250088
59784.362093 19.569016      NaN   30.5    10 c    0   1.10 254.55404 2.11751  4983.08  7195.91 2.44 2.37  62.4 -0.423    19.59 21.45 02a59784o0264c       0  22.673032
59784.833388 20.449472      NaN   -9.5     8 c    0   1.08 254.55404 2.11751  7590.67  5175.49 2.45 2.31 -34.8 -0.415    19.83 21.87 03a59785o0245c       0  21.864729
59784.837022 20.543943      NaN    7.5     7 c    0   1.30 254.55404 2.11751  7607.51  5215.48 2.46 2.36 -36.0 -0.413    19.82 21.87 03a59785o0253c       0  21.518978
59784.842053 20.282105      NaN   10.5     8 c    0   1.01 254.55404 2.11751  7549.55  5137.90 2.48 2.34 -38.2 -0.414    19.82 21.86 03a59785o0264c       0  21.864729
59784.853013 20.321591      NaN   -2.5     9 c    0   0.93 254.55404 2.11751  7524.74  5254.29 2.44 2.36 -34.4 -0.426    19.84 21.92 03a59785o0288c       0  22.250088
59788.321470 20.207197      NaN  -27.5    10 c    0   0.98 254.55404 2.11751  9033.44  3692.60 2.45 2.35 -73.4 -0.411    19.70 21.47 02a59788o0179c       0  22.673032
59788.324634 20.321591      NaN    5.5     9 c    0   1.36 254.55404 2.11751  9014.50  3652.87 2.42 2.31 -73.2 -0.416    19.71 21.47 02a59788o0186c       0  22.250088
59788.334775 20.449472      NaN   -6.5     8 c    0   1.40 254.55404 2.11751  9071.22  3729.36 2.42 2.32 -73.7 -0.411    19.71 21.45 02a59788o0208c       0  21.864729
59788.340655 20.449472      NaN  -21.5     8 c    0   1.43 254.55404 2.11751  9091.81  3616.32 2.44 2.33 -70.6 -0.411    19.69 21.44 02a59788o0221c       0  21.864729
59788.825681 20.009244      NaN   18.5     8 c    0   1.44 254.55404 2.11751  7586.44  5174.08 2.52 2.28 -53.0 -0.415    19.82 21.91 03a59789o0261c       0  21.864729
59788.828861 20.449472      NaN    3.5     8 c    0   1.42 254.55404 2.11751  7603.64  5213.02 2.53 2.26 -52.0 -0.406    19.78 21.91 03a59789o0268c       0  21.864729
59788.835447 20.137125      NaN   14.5     8 c    0   1.26 254.55404 2.11751  7545.88  5136.61 2.48 2.34 -37.3 -0.415    19.81 21.89 03a59789o0282c       0  21.864729
59788.846034 20.207197      NaN    9.5     9 c    0   0.97 254.55404 2.11751  7519.18  5252.00 2.53 2.37 -46.1 -0.405    19.78 21.90 03a59789o0305c       0  22.250088
59791.078665 20.207197      NaN   -1.5    10 c    0   1.14 254.55404 2.11751  3597.34  8730.94 3.03 2.70  88.9 -0.334    19.56 21.75 04a59791o0283c       0  22.673032
59791.081852 20.207197      NaN   -4.5    10 c    0   1.39 254.55404 2.11751  3617.95  8767.19 3.11 2.71 -82.7 -0.328    19.49 21.76 04a59791o0290c       0  22.673032
59791.088181 20.103715      NaN   -1.5    11 c    0   1.02 254.55404 2.11751  3563.79  8684.21 3.29 2.88 -86.4 -0.338    19.48 21.72 04a59791o0304c       0  23.131502
59791.098135 20.321591      NaN  -22.5     9 c    0   1.19 254.55404 2.11751  3548.26  8793.84 2.91 2.56 -85.8 -0.345    19.61 21.72 04a59791o0326c       0  22.250088
59792.319385 20.321591      NaN  -17.5     9 c    0   1.34 254.55404 2.11751  9031.86  3690.34 2.69 2.54  29.4 -0.391    19.55 21.29 02a59792o0121c       0  22.250088
59792.323003 20.207197      NaN  -14.5    10 c    0   1.13 254.55404 2.11751  9012.54  3651.48 2.76 2.63  24.3 -0.390    19.51 21.28 02a59792o0129c       0  22.673032
59792.328886 20.207197      NaN  -21.5    10 c    0   1.22 254.55404 2.11751  9070.74  3730.48 2.70 2.58  20.9 -0.389    19.58 21.28 02a59792o0142c       0  22.673032
59792.340372 20.207197      NaN  -21.5    10 c    0   1.49 254.55404 2.11751  9093.22  3615.04 2.65 2.58  18.0 -0.394    19.58 21.28 02a59792o0167c       0  22.673032
59792.855994 17.729132      NaN  114.5    62 c    0   1.22 254.55404 2.11751   336.43  1130.04 2.29 2.15 -53.4 -0.401    17.77 19.57 03a59793o0207c       2  65.253861
59792.859179 17.774377      NaN    4.5    94 c    0   1.27 254.55404 2.11751   355.50  1170.18 2.38 2.24 -57.3 -0.403    17.16 18.97 03a59793o0214c       2  96.177265
59792.866029 18.323878      NaN   50.5    42 c    0   1.34 254.55404 2.11751   295.77  1090.12 2.30 2.17 -56.0 -0.410    18.18 19.96 03a59793o0229c       0  46.669759
59792.875874 18.574166      NaN  -91.5    45 c    0   1.19 254.55404 2.11751   274.20  1207.32 2.37 2.25 -52.9 -0.412    18.08 19.92 03a59793o0250c       0  49.386905
59808.286352 20.321591      NaN    5.5     9 c    0   1.57 254.55404 2.11751  8292.82  9416.09 2.65 2.61 -83.0 -0.409    19.57 21.36 02a59808o0099c       0  22.250088
59808.289516 20.009244      NaN  -18.5    12 c    0   1.30 254.55404 2.11751  8272.64  9377.32 2.67 2.65 -74.1 -0.401    19.55 21.32 02a59808o0106c       0  23.623429
59808.295844 19.868040      NaN   14.5    11 c    0   1.29 254.55404 2.11751  8332.52  9455.99 2.63 2.55 -67.7 -0.410    19.58 21.33 02a59808o0120c       0  23.131502
59808.307233 20.103715      NaN  -33.5    11 c    0   1.03 254.55404 2.11751  8350.77  9339.59 2.64 2.59  39.1 -0.401    19.53 21.35 02a59808o0145c       0  23.131502
59811.033843 20.207197      NaN  -20.5    10 c    0   1.15 254.55404 2.11751  5651.25  3298.61 2.31 1.99 -13.7 -0.387    19.53 21.49 04a59811o0164c       0  22.673032
59811.037960 20.009244 0.301593   42.5    10 c    0   1.88 254.55404 2.11751  5672.64  3333.79 2.31 2.01 -11.1 -0.382    19.27 21.16 04a59811o0173c       0  22.673032
59811.044302 20.103715      NaN    3.5    11 c    0   1.49 254.55404 2.11751  5617.03  3252.58 2.26 1.99 -12.3 -0.398    19.39 21.28 04a59811o0187c       0  23.131502
59811.058745 19.922338      NaN   18.5     9 c    0   1.66 254.55404 2.11751  5603.88  3358.19 2.21 1.94 -18.6 -0.384    19.51 21.36 04a59811o0219c       0  22.250088
59812.264065 20.321591      NaN   -1.5     9 c    0   1.34 254.55404 2.11751  2995.03  7368.51 2.65 2.44  24.8 -0.390    19.49 21.39 02a59812o0079c       0  22.250088
59812.270531 20.009244      NaN    5.5    12 c    0   1.00 254.55404 2.11751  2975.28  7327.71 2.54 2.37  41.8 -0.396    19.53 21.50 02a59812o0093c       0  23.623429
59812.273696 19.674510      NaN   22.5    11 c    0   1.14 254.55404 2.11751  3033.12  7406.25 2.65 2.44  35.8 -0.385    19.51 21.46 02a59812o0100c       0  23.131502
59812.286110 19.841877      NaN    1.5    14 c    0   0.85 254.55404 2.11751  3054.27  7290.41 3.10 2.97  46.7 -0.390    19.34 21.47 02a59812o0127c       0  24.699522
59815.029225 20.137125      NaN   14.5     8 c    0   1.52 254.55404 2.11751  5655.79  3292.79 2.41 2.11  -9.4 -0.381    19.53 21.42 04a59815o0152c       0  21.864729
59815.032392 19.791368      NaN   23.5     9 c    0   1.71 254.55404 2.11751  5676.48  3328.96 2.29 2.02 -11.6 -0.395    19.56 21.39 04a59815o0159c       0  22.250088
59815.037812 19.841877      NaN   21.5     9 c    0   1.67 254.55404 2.11751  5621.32  3246.95 2.35 2.03 -12.0 -0.379    19.54 21.41 04a59815o0171c       0  22.250088
59815.049254 20.321591      NaN   -1.5     9 c    0   0.92 254.55404 2.11751  5605.45  3356.33 2.37 2.01 -13.4 -0.382    19.56 21.42 04a59815o0196c       0  22.250088
59819.024462 20.207197      NaN    3.5    10 c    0   1.48 254.55404 2.11751  1560.36  6871.72 2.65 2.26  73.9 -0.368    19.48 21.26 04a59819o0138c       0  22.673032
59819.027614 19.719755      NaN   20.5    11 c    0   0.88 254.55404 2.11751  1581.80  6907.89 2.64 2.24  79.5 -0.372    19.52 21.34 04a59819o0145c       0  23.131502
59819.033033 20.321591      NaN   -4.5     9 c    0   1.62 254.55404 2.11751  1525.30  6827.53 2.65 2.24  78.4 -0.368    19.53 21.33 04a59819o0157c       0  22.250088
59819.046600 20.103715      NaN    0.5    11 c    0   1.27 254.55404 2.11751  1511.14  6935.26 2.73 2.26  87.7 -0.367    19.54 21.37 04a59819o0187c       0  23.131502
59820.251806 19.979496      NaN   16.5     9 c    0   2.07 254.55404 2.11751  2713.98  1556.38 2.37 2.22 -81.7 -0.444    19.59 21.23 02a59820o0063c       0  22.250088
59820.254980 20.321591      NaN   -8.5     9 c    0   1.61 254.55404 2.11751  2693.83  1517.88 2.37 2.21 -84.7 -0.446    19.56 21.22 02a59820o0070c       0  22.250088
59820.261401 20.321591      NaN    4.5     9 c    0   1.32 254.55404 2.11751  2754.10  1597.74 2.37 2.19 -79.1 -0.441    19.57 21.19 02a59820o0084c       0  22.250088
59820.272712 20.207197      NaN  -11.5    10 c    0   1.43 254.55404 2.11751  2773.38  1481.42 2.37 2.18 -76.0 -0.454    19.58 21.19 02a59820o0109c       0  22.673032
59823.018716 19.696897      NaN   -9.5    16 c    0   0.87 254.55404 2.11751  1571.18  6868.11 3.43 3.15  78.8 -0.346    19.08 20.93 04a59823o0125c       0  25.885641
59823.021878 19.766969      NaN    4.5    15 c    0   1.34 254.55404 2.11751  1591.89  6904.98 3.50 3.15 -88.2 -0.349    19.09 20.96 04a59823o0132c       0  25.279763
59823.044092 19.841877      NaN    1.5    14 c    0   1.12 254.55404 2.11751  1540.30  6815.37 3.33 2.80  81.5 -0.346    19.18 21.03 04a59823o0181c       0  24.699522
59823.060427 19.841877      NaN  -28.5    14 c    0   1.04 254.55404 2.11751  1523.38  6925.44 3.36 2.93  71.5 -0.335    19.16 21.05 04a59823o0217c       0  24.699522
59839.034738 16.581574      NaN -634.5   282 c    0   1.20 254.55404 2.11751  2331.77  1164.50 3.12 2.34  46.3 -0.354    16.75 18.44 04a59839o0140c 8388610 282.733207
59842.218015 19.089302      NaN   30.5    20 c    0   1.00 254.55404 2.11751  1264.20  9026.11 2.92 2.70  76.9 -0.374    18.86 20.51 01a59842o0022c       0  28.531849
59842.221250 19.696897      NaN  -21.5    16 c    0   1.04 254.55404 2.11751  1283.47  9065.71 2.85 2.67  79.7 -0.378    19.24 20.98 01a59842o0029c       0  25.885641
59842.228178 20.103715      NaN   -9.5    11 c    0   1.44 254.55404 2.11751  1225.42  8988.79 2.83 2.67  79.8 -0.380    19.46 21.33 01a59842o0044c       0  23.131502
59842.245756 19.922338      NaN  -11.5    13 c    0   1.10 254.55404 2.11751  1204.63  9109.06 2.79 2.67 -74.0 -0.392    19.47 21.34 01a59842o0082c       0  24.146768
60000.575041 19.841877      NaN    5.5    14 c    0   0.96 254.55404 2.11751  4161.63  1069.96 2.52 2.38  76.4 -0.423    19.36 21.07 02a60000o0588c       0  24.699522
60000.578218 19.922338      NaN   15.5    10 c    0   1.44 254.55404 2.11751  4186.98  1110.03 2.45 2.29  83.2 -0.432    19.38 21.08 02a60000o0595c       0  22.673032
60000.583642 20.009244      NaN   -1.5    12 c    0   0.84 254.55404 2.11751  4131.55  1031.04 2.46 2.31  84.3 -0.431    19.43 21.09 02a60000o0607c       0  23.623429
60000.592415 20.321591      NaN   -9.5     9 c    0   1.72 254.55404 2.11751  4119.43  1148.43 2.37 2.21  84.3 -0.439    19.51 21.12 02a60000o0626c       0  22.250088
60025.094590 19.791368      NaN   17.5    11 c    0   1.04 254.55404 2.11751  1002.64  7354.39 2.60 2.41 -41.2 -0.391    19.55 21.29 03a60025o0800c       0  23.131502
60025.096393 19.922338      NaN   12.5    11 c    0   1.11 254.55404 2.11751   984.21  7314.97 2.62 2.45 -38.2 -0.393    19.51 21.33 03a60025o0804c       0  23.131502
60025.099548 19.791368      NaN   20.5    10 c    0   1.43 254.55404 2.11751  1041.38  7393.29 2.53 2.36 -40.9 -0.398    19.57 21.34 03a60025o0811c       0  22.673032
60025.110796 20.103715      NaN  -12.5    11 c    0   1.21 254.55404 2.11751  1066.54  7276.32 2.59 2.41 -41.0 -0.397    19.56 21.35 03a60025o0833c       0  23.131502
60035.064664 20.207197      NaN   12.5     8 c    0   1.53 254.55404 2.11751  4763.24  3374.41 2.49 2.34 -43.6 -0.395    19.60 21.40 03a60035o0741c       0  21.864729
60035.066502 20.449472      NaN    4.5     8 c    0   2.05 254.55404 2.11751  4745.58  3335.27 2.43 2.31 -45.1 -0.389    19.58 21.41 03a60035o0745c       0  21.864729
60035.069251 20.207197      NaN   -3.5    10 c    0   1.18 254.55404 2.11751  4801.86  3414.26 2.50 2.32 -48.5 -0.395    19.61 21.44 03a60035o0751c       0  22.673032
60035.074721 19.922338      NaN   18.5     9 c    0   1.68 254.55404 2.11751  4824.64  3297.87 2.47 2.29 -46.1 -0.393    19.63 21.43 03a60035o0763c       0  22.250088
60051.193233 19.549093      NaN   22.5    13 c    0   1.60 254.55404 2.11751  4457.23  9635.97 2.83 2.10 -77.3 -0.368    19.28 20.98 04a60051o0508c       0  24.146768
60051.195575 19.816329      NaN   13.5    12 c    0   1.32 254.55404 2.11751  4437.60  9597.08 2.80 2.05 -77.1 -0.377    19.29 21.00 04a60051o0513c       0  23.623429
60051.198346 19.696897      NaN    3.5    16 c    0   0.69 254.55404 2.11751  4494.43  9675.65 2.80 2.02 -74.2 -0.381    19.32 21.01 04a60051o0519c       0  25.885641
60051.203408 20.207197      NaN    6.5    10 c    0   1.94 254.55404 2.11751  4512.64  9558.66 2.71 1.92 -75.7 -0.395    19.37 21.04 04a60051o0530c       0  22.673032
60054.279285 19.841877      NaN  -12.5    14 c    0   0.95 254.55404 2.11751 10280.49  9341.89 2.66 2.59 -15.8 -0.437    19.46 21.14 04a60054o0702c       0  24.699522
60054.299820 19.169763      NaN   24.5    20 c    0   2.89 254.55404 2.11751    47.29  9300.90 2.98 2.13 -75.5 -0.352    19.41 21.09 04a60054o0746c       0  28.531849
60054.301675 19.696897      NaN   -0.5    16 c    0   1.19 254.55404 2.11751 10270.38  9300.97 2.72 2.65 -29.7 -0.423    19.43 21.06 04a60054o0750c       0  25.885641
60054.303516 19.766969      NaN    1.5    15 c    0   1.33 254.55404 2.11751 10331.00  9379.69 2.70 2.61 -57.5 -0.424    19.41 21.05 04a60054o0754c       0  25.279763
60054.306253 19.922338      NaN  -28.5    13 c    0   1.44 254.55404 2.11751 10350.74  9261.52 2.66 2.58 -52.2 -0.427    19.44 21.04 04a60054o0760c       0  24.146768
60057.247613 19.351140      NaN   36.5    12 c    0   1.48 254.55404 2.11751  9139.00  5649.10 2.58 2.14 -19.6 -0.409    19.34 21.11 04a60057o0579c       0  23.623429
60057.249447 19.529530      NaN   26.5    12 c    0   1.32 254.55404 2.11751  9119.42  5610.18 2.65 2.22 -18.0 -0.390    19.36 21.10 04a60057o0583c       0  23.623429
60057.252611 19.950541      NaN    8.5    12 c    0   1.18 254.55404 2.11751  9178.20  5687.75 2.71 2.21 -20.3 -0.393    19.35 21.12 04a60057o0590c       0  23.623429
60057.280214 19.922338      NaN    0.5    13 c    0   1.14 254.55404 2.11751  9206.59  5571.20 2.64 2.14 -19.7 -0.410    19.40 21.13 04a60057o0649c       0  24.146768
60063.244010 19.766969      NaN   15.5    12 c    0   1.30 254.55404 2.11751  1078.14  7521.36 2.71 2.17 -82.9 -0.353    19.39 21.07 04a60063o0623c       0  23.623429
60063.247205 19.631075 0.212889   57.5    10 c    0   1.70 254.55404 2.11751  1060.42  7482.22 2.66 2.15 -82.1 -0.352    19.37 21.07 04a60063o0630c       0  22.673032
60063.251277 19.979496      NaN   13.5    10 c    0   2.25 254.55404 2.11751  1120.45  7558.99 2.65 2.10 -83.5 -0.353    19.38 21.07 04a60063o0639c       0  22.673032
60063.256738 19.287255      NaN   34.5    14 c    0   1.12 254.55404 2.11751  1142.34  7441.79 2.56 2.05 -85.0 -0.360    19.40 21.05 04a60063o0651c       0  24.699522