         MJD         m       dm   uJy  duJy F  err  chi/N        RA      Dec        x        y  maj  min   phi  apfit  mag5sig   Sky            Obs    Mask    duJy_new
57246.244744 18.878500      NaN   -98    34 c    0   1.04 229.74706 -3.19586  8704.34  3899.57 4.53 4.19  89.4 -0.358    18.64 20.01 02a57246o0008c       0   36.240549
57246.256225 18.933071      NaN    30    21 c    0   1.21 229.74706 -3.19586  8699.95  3897.18 4.31 4.19 -90.0 -0.384    19.27 21.21 02a57246o0024c       0   24.461754
57246.283483 19.241693      NaN    12    19 c    0   1.10 229.74706 -3.19586  7220.67  5350.33 3.94 3.70 -84.9 -0.415    19.35 21.20 02a57246o0062c       0   22.767903
57246.294995 19.401649      NaN     8    17 c    0   1.16 229.74706 -3.19586  7222.96  5348.32 3.94 3.65 -83.8 -0.419    19.35 21.19 02a57246o0078c       0   21.127645
57436.497000 17.949472      NaN    32    68 c    0   1.42 229.74706 -3.19586  2465.78  6658.32 4.07 3.82 -62.2 -0.412    18.18 19.19 02a57436o0472c       2   69.147505
57436.510582 17.967720      NaN    79    51 c    0   1.18 229.74706 -3.19586  2750.32  7240.35 3.94 3.74 -67.4 -0.412    18.34 19.39 02a57436o0495c       0   52.520257
57436.524113 18.504094      NaN     2    46 c    0   1.10 229.74706 -3.19586  1578.90  7829.15 3.94 3.70 -61.8 -0.425    18.48 19.55 02a57436o0518c       0   47.679947
57436.537707 18.702047      NaN    -7    40 c    0   1.00 229.74706 -3.19586  1303.31  7636.14 4.00 3.72 -58.8 -0.423    18.60 19.75 02a57436o0541c       0   41.921085
57452.667084 17.247836      NaN   109   115 c    0   1.24 229.74706 -3.19586  8340.57  4409.93 3.73 3.36  75.2 -0.459    17.68 17.76 02a57452o0801c 8388610  115.682226
57460.641444 19.351140      NaN    14    16 c    0   0.97 229.74706 -3.19586  8456.80  4194.79 3.75 3.44  71.6 -0.437    19.61 21.50 02a57460o0847c    8192   20.331684
57480.598081 19.696897      NaN   -41    16 c    0   1.10 229.74706 -3.19586  8166.30  4225.23 3.72 3.44  70.3 -0.436    19.42 21.12 02a57480o0768c    8192   20.331684
57480.621775 19.696897      NaN    -4    16 c    0   1.26 229.74706 -3.19586  7876.43  3648.57 3.73 3.54  54.3 -0.435    19.37 21.05 02a57480o0813c    8192   20.331684
57480.645482 18.005163      NaN    41    61 c    0   1.18 229.74706 -3.19586  9046.41  3067.65 3.89 3.51  53.1 -0.472    18.22 18.88 02a57480o0858c       2   62.276620
57490.510850 19.529530      NaN     4    16 c    0   1.07 229.74706 -3.19586  8206.93  4057.91 4.36 3.81   9.0 -0.368    19.41 21.37 02a57490o0616c       0   20.331684
57490.529721 19.384550      NaN    12    16 c    0   1.00 229.74706 -3.19586  7905.45  3485.85 3.87 3.73  38.7 -0.395    19.45 21.32 02a57490o0649c       0   20.331684
57490.549970 19.256669      NaN    14    18 c    0   0.89 229.74706 -3.19586  9069.30  2902.19 3.90 3.60  63.2 -0.425    19.50 21.34 02a57490o0683c       0   21.940314
57490.570236 19.696897      NaN   -26    16 c    0   1.27 229.74706 -3.19586  9327.40  3020.96 3.96 3.68  64.2 -0.428    19.45 21.29 02a57490o0717c       0   20.331684
57491.508048 19.256669      NaN   -30    24 c    0   0.97 229.74706 -3.19586  8621.01  4093.49 4.52 4.33  38.0 -0.364    19.02 20.98 02a57491o0531c    8192   27.080941
57510.545282 19.454622      NaN     5    17 c    0   1.17 229.74706 -3.19586  8681.93  3910.67 4.07 3.75  59.0 -0.428    19.40 21.23 02a57510o0647c       0   21.127645
57510.561679 19.287255      NaN     6    20 c    0   1.09 229.74706 -3.19586  8722.03  3872.48 4.15 3.88  56.1 -0.444    19.31 21.13 02a57510o0679c       0   23.608841
57510.575762 19.351140      NaN    -4    22 c    0   0.96 229.74706 -3.19586  8664.80  3853.14 4.50 4.24  50.5 -0.387    19.12 21.01 02a57510o0707c       0   25.325430
57510.586139 19.351140      NaN   -19    22 c    0   1.08 229.74706 -3.19586  8742.90  3932.36 4.36 4.10  54.5 -0.406    19.14 20.93 02a57510o0728c       0   25.325430
57510.593446 19.051202      NaN    23    20 c    0   1.19 229.74706 -3.19586  8645.48  3951.12 4.17 3.90  56.8 -0.425    19.16 20.89 02a57510o0743c       0   23.608841
57514.445356 19.631075      NaN   -29    17 c    0   1.13 229.74706 -3.19586  8360.60  4949.52 4.07 3.74  70.0 -0.446    19.49 21.45 02a57514o0476c       0   21.127645
57514.458640 19.212347      NaN    17    18 c    0   0.73 229.74706 -3.19586  8341.95  4918.89 4.03 3.64  71.9 -0.452    19.50 21.43 02a57514o0503c       0   21.940314
57514.471417 19.076453      NaN    21    20 c    0   0.82 229.74706 -3.19586  8400.18  5002.89 3.97 3.51  76.5 -0.457    19.44 21.32 02a57514o0529c       0   23.608841
57514.484218 19.384550      NaN    12    16 c    0   1.19 229.74706 -3.19586  8418.21  4891.77 4.09 3.70  75.0 -0.440    19.44 21.34 02a57514o0555c       0   20.331684
57514.497560 19.367717      NaN    10    17 c    0   1.21 229.74706 -3.19586  8378.15  4954.66 3.95 3.52  78.2 -0.451    19.42 21.25 02a57514o0582c       0   21.127645
57538.391707 19.212347      NaN    17    18 c    0   0.80 229.74706 -3.19586  7936.26  3381.18 4.19 3.88  41.5 -0.441    19.57 21.62 02a57538o0315c       0   21.940314
57538.403282 19.401649      NaN    14    15 c    0   1.34 229.74706 -3.19586  7915.65  3343.93 4.10 3.88  45.9 -0.444    19.55 21.56 02a57538o0337c       0   19.554472
57538.415790 19.766969      NaN    -7    15 c    0   1.23 229.74706 -3.19586  7971.59  3421.52 4.08 3.80  47.7 -0.445    19.56 21.55 02a57538o0361c       0   19.554472
57538.428160 19.169763      NaN    20    18 c    0   0.83 229.74706 -3.19586  7989.71  3307.26 4.04 3.81  39.6 -0.451    19.57 21.56 02a57538o0385c       0   21.940314
57538.439897 19.491430      NaN     6    16 c    0   1.14 229.74706 -3.19586  7949.92  3364.77 4.05 3.80  43.6 -0.440    19.56 21.53 02a57538o0408c       0   20.331684
57540.377527 19.766969      NaN   -20    15 c    0   1.04 229.74706 -3.19586   350.62  3631.36 4.61 3.65 -36.9 -0.411    19.62 21.63 02a57540o0285c       0   19.554472
57540.387250 19.115465      NaN    27    17 c    0   0.95 229.74706 -3.19586 10053.38  3643.21 4.23 3.62  62.8 -0.463    19.62 21.61 02a57540o0304c       0   21.127645
57540.389775 19.256669      NaN    14    18 c    0   0.91 229.74706 -3.19586   331.81  3594.67 4.62 3.68 -37.4 -0.411    19.61 21.61 02a57540o0309c       0   21.940314
57540.399891 19.696897      NaN   -29    16 c    0   1.19 229.74706 -3.19586 10033.80  3607.94 4.18 3.58  65.4 -0.465    19.63 21.64 02a57540o0329c       0   20.331684
57540.402921 19.766969      NaN    -4    15 c    0   1.28 229.74706 -3.19586   390.20  3673.20 4.50 3.69 -37.2 -0.411    19.62 21.62 02a57540o0335c       0   19.554472
57540.413031 19.063754      NaN    25    19 c    0   0.89 229.74706 -3.19586 10092.17  3686.63 4.31 3.75  58.7 -0.462    19.58 21.59 02a57540o0355c       0   22.767903
57540.416030 19.631075      NaN   -21    17 c    0   0.80 229.74706 -3.19586   408.06  3556.04 4.52 3.68 -36.9 -0.408    19.60 21.59 02a57540o0361c       0   21.127645
57540.426559 18.776955      NaN    27    27 c    0   0.85 229.74706 -3.19586 10107.75  3570.30 4.36 3.72  61.7 -0.464    19.26 21.23 02a57540o0381c       0   29.772091
57540.429570 19.051202      NaN    -9    29 c    0   1.27 229.74706 -3.19586   371.01  3611.90 4.88 3.91 -37.8 -0.385    18.83 20.84 02a57540o0387c       0   31.597111
57540.440206 19.256669      NaN   -26    24 c    0   0.99 229.74706 -3.19586 10065.39  3629.44 4.49 3.91  63.9 -0.456    19.25 21.25 02a57540o0407c       0   27.080941
57544.370158 19.696897      NaN   -14    16 c    0   0.94 229.74706 -3.19586   422.00  4237.28 4.49 3.67 -42.9 -0.418    19.62 21.69 02a57544o0280c       0   20.331684
57544.379833 19.631075      NaN   -11    17 c    0   0.89 229.74706 -3.19586 10123.93  4246.03 4.21 3.53  70.3 -0.465    19.66 21.71 02a57544o0299c       0   21.127645
57544.382816 19.367717      NaN    10    17 c    0   1.16 229.74706 -3.19586   408.10  4200.83 4.48 3.67 -42.1 -0.413    19.62 21.69 02a57544o0305c       0   21.127645
57544.392047 19.696897      NaN   -30    16 c    0   1.10 229.74706 -3.19586 10106.59  4213.28 4.31 3.65  68.3 -0.457    19.62 21.71 02a57544o0323c       0   20.331684
57544.395083 19.766969      NaN   -12    15 c    0   1.16 229.74706 -3.19586   467.00  4281.63 4.50 3.74 -42.5 -0.404    19.63 21.72 02a57544o0329c       0   19.554472
57544.405188 19.569016      NaN    -8    18 c    0   0.76 229.74706 -3.19586 10165.36  4293.99 4.24 3.57  71.5 -0.463    19.66 21.74 02a57544o0349c       0   21.940314
57544.408197 19.743105      NaN     0    14 c    0   1.07 229.74706 -3.19586   488.42  4166.52 4.45 3.69 -42.0 -0.408    19.64 21.71 02a57544o0355c       0   18.798335
57544.418267 19.334813      NaN    18    15 c    0   1.27 229.74706 -3.19586 10186.57  4179.83 4.23 3.56  72.6 -0.451    19.65 21.71 02a57544o0375c       0   19.554472
57544.421289 19.569016      NaN     8    14 c    0   1.23 229.74706 -3.19586   451.67  4224.77 4.37 3.64 -41.7 -0.409    19.66 21.70 02a57544o0381c       0   18.798335
57544.431528 19.631075      NaN    -9    17 c    0   1.11 229.74706 -3.19586 10155.07  4238.07 4.21 3.61  71.8 -0.457    19.62 21.68 02a57544o0401c       0   21.127645
57548.371701 19.696897      NaN   -12    16 c    0   1.08 229.74706 -3.19586  7862.41  3365.62 4.13 3.91  49.6 -0.422    19.59 21.65 02a57548o0285c       0   20.331684
57548.383956 19.212347      NaN    20    17 c    0   0.89 229.74706 -3.19586  7849.92  3329.21 4.00 3.81  47.3 -0.425    19.63 21.69 02a57548o0309c       0   21.127645
57548.396670 19.766969      NaN   -33    15 c    0   0.99 229.74706 -3.19586  7906.68  3409.93 3.95 3.75  48.5 -0.437    19.65 21.69 02a57548o0334c       0   19.554472
57548.409801 19.256669      NaN    14    18 c    0   0.71 229.74706 -3.19586  7926.16  3295.21 4.01 3.80  40.4 -0.430    19.62 21.66 02a57548o0360c       0   21.940314
57548.422935 19.569016      NaN   -12    18 c    0   0.85 229.74706 -3.19586  7888.28  3354.54 4.04 3.94  38.1 -0.416    19.54 21.57 02a57548o0386c       0   21.940314
57574.338544 19.169763      NaN    20    18 c    0   0.86 229.74706 -3.19586  6926.56  3903.56 4.00 3.88  57.4 -0.466    19.57 21.61 02a57574o0195c       0   21.940314
57574.352366 19.271854      NaN    16    17 c    0   1.00 229.74706 -3.19586  6909.11  3866.06 4.06 3.96  47.2 -0.447    19.56 21.61 02a57574o0219c       0   21.127645
57574.366505 19.419021      NaN    10    16 c    0   1.03 229.74706 -3.19586  6969.48  3943.43 3.98 3.91  59.4 -0.454    19.55 21.58 02a57574o0241c       0   20.331684
57574.381307 19.419021      NaN     4    18 c    0   0.81 229.74706 -3.19586  6990.34  3826.41 4.03 3.95  13.5 -0.446    19.53 21.56 02a57574o0266c       0   21.940314
57574.396363 19.549093      NaN    -3    18 c    0   0.86 229.74706 -3.19586  6951.60  3884.05 3.92 3.87  18.0 -0.444    19.55 21.56 02a57574o0290c       0   21.940314
57578.317964 18.191747      NaN    86    34 c    0   4.53 229.74706 -3.19586    39.73  3617.70 5.20 4.27 -39.5 -0.343    19.25 21.24 02a57578o0154c 8388608   36.240549
57578.327945 19.401649      NaN   -14    21 c    0   1.04 229.74706 -3.19586  9742.30  3635.65 4.77 4.19  63.5 -0.423    19.32 21.29 02a57578o0171c 8388608   24.461754
57578.341622 19.454622      NaN   -26    20 c    0   0.98 229.74706 -3.19586  9725.10  3596.97 4.63 4.03  62.2 -0.438    19.41 21.38 02a57578o0193c 8388608   23.608841
57578.345800 19.766969      NaN  -102    15 c    0   2.51 229.74706 -3.19586    83.53  3657.29 4.84 3.91 -37.5 -0.376    19.38 21.36 02a57578o0199c 8392704   19.554472
57578.355652 19.367717      NaN     4    19 c    0   0.94 229.74706 -3.19586  9785.43  3675.76 4.43 3.89  65.2 -0.462    19.50 21.49 02a57578o0215c 8388608   22.767903
57578.359649 19.287255      NaN    18    16 c    0   1.64 229.74706 -3.19586   103.09  3539.66 4.89 3.93 -36.1 -0.382    19.44 21.47 02a57578o0222c 8388608   20.331684
57578.370505 19.318728      NaN     4    20 c    0   1.12 229.74706 -3.19586  9805.56  3558.85 4.78 4.27  57.4 -0.418    19.47 21.54 02a57578o0239c 8388608   23.608841
57578.374581 19.569016      NaN  -125    18 c    0   1.47 229.74706 -3.19586    65.01  3596.46 4.93 3.98 -35.3 -0.374    19.39 21.49 02a57578o0246c 8392704   21.940314
57600.290377 19.197966      NaN    15    19 c    0   0.88 229.74706 -3.19586   232.57  5145.68 4.60 3.59 -48.4 -0.424    19.51 21.45 02a57600o0077c       0   22.767903
57600.301778 19.142275      NaN    22    18 c    0   1.19 229.74706 -3.19586  9930.34  5162.88 4.52 3.61  77.9 -0.463    19.54 21.53 02a57600o0096c       0   21.940314
57600.302337 19.302877      NaN    11    18 c    0   0.99 229.74706 -3.19586   295.30  5223.14 4.54 3.61 -46.1 -0.426    19.51 21.47 02a57600o0097c       0   21.940314
57600.314484 19.367717      NaN     4    19 c    0   1.23 229.74706 -3.19586  9992.98  5238.81 4.52 3.69  79.8 -0.474    19.52 21.55 02a57600o0117c       0   22.767903
57600.326684 19.454622      NaN    -7    20 c    0   0.99 229.74706 -3.19586 10013.82  5121.11 4.46 3.60  78.2 -0.508    19.55 21.54 02a57600o0136c       0   23.608841
57600.327848 19.491430      NaN     3    17 c    0   0.94 229.74706 -3.19586   279.73  5161.31 4.41 3.59 -44.8 -0.421    19.50 21.47 02a57600o0138c       0   21.127645
57600.340227 19.454622      NaN   -60    20 c    0   1.07 229.74706 -3.19586  9974.94  5180.78 4.48 3.64  75.9 -0.446    19.52 21.51 02a57600o0157c       0   23.608841
57607.275170 19.454622      NaN   -22    20 c    0   0.93 229.74706 -3.19586  9724.20  2232.10 4.49 3.88  47.8 -0.482    19.47 21.29 02a57607o0066c       0   23.608841
57607.283377 18.847027      NaN     2    33 c    0   0.71 229.74706 -3.19586    48.79  2248.96 4.78 3.77 -28.3 -0.426    19.41 21.20 02a57607o0077c       0   35.304070
57607.288613 19.142275      NaN    16    20 c    0   1.09 229.74706 -3.19586  9707.86  2193.88 4.61 4.01  43.8 -0.479    19.44 21.28 02a57607o0084c       0   23.608841
57607.295338 19.302877      NaN   -72    23 c    0   0.88 229.74706 -3.19586    70.38  2131.28 4.94 3.87 -28.1 -0.415    19.38 21.21 02a57607o0093c       0   26.198805
57607.300556 19.115465      NaN    18    20 c    0   1.13 229.74706 -3.19586  9768.39  2270.10 4.77 4.11  44.4 -0.470    19.43 21.31 02a57607o0100c       0   23.608841
57607.307278 18.729535      NaN  -123    39 c    0   3.71 229.74706 -3.19586    32.24  2188.79 4.91 3.82 -28.5 -0.419    19.40 21.22 02a57607o0109c       0   40.968004
57607.325172 19.115465      NaN    21    19 c    0   1.19 229.74706 -3.19586  9748.49  2209.73 4.89 4.20  43.2 -0.457    19.44 21.37 02a57607o0133c       0   22.767903
57630.257456 19.155932      NaN     6    23 c    0   0.91 229.74706 -3.19586  7987.92  1956.66 4.10 3.89  85.1 -0.435    19.24 21.04 02a57630o0035c       0   26.198805
57630.268385 18.826541      NaN    34    23 c    0   1.01 229.74706 -3.19586  7968.44  1915.98 4.09 3.83  88.0 -0.427    19.22 21.00 02a57630o0056c       0   26.198805
57630.281489 19.241693      NaN    -3    24 c    0   0.96 229.74706 -3.19586  8027.31  1991.69 4.03 3.82  82.1 -0.420    19.20 20.96 02a57630o0081c       0   27.080941
57630.293233 18.757738      NaN    41    23 c    0   0.98 229.74706 -3.19586  8046.29  1873.77 4.03 3.82  82.6 -0.413    19.16 20.91 02a57630o0103c       0   26.198805
57816.596541 19.766969      NaN   -14    15 c    0   0.95 229.74706 -3.19586 10319.24  8133.27 4.18 3.68  87.0 -0.414    19.69 21.84 02a57816o0663c       0   19.554472
57816.618615 19.922338      NaN   -10    13 c    0   1.21 229.74706 -3.19586   138.92  2277.96 4.12 3.88  69.7 -0.380    19.68 21.78 02a57816o0704c       0   18.065918
57816.619574 19.766969 0.337785    41    14 c    0   1.24 229.74706 -3.19586  9876.40  2328.74 3.97 3.66  82.0 -0.426    19.68 21.77 02a57816o0706c       0   18.798335
57816.625431 19.766969      NaN   -44    15 c    0   0.98 229.74706 -3.19586  9858.15  2292.21 4.00 3.70  82.7 -0.425    19.66 21.75 02a57816o0717c       0   19.554472
57816.626878 19.922338      NaN    -6    13 c    0   1.10 229.74706 -3.19586   201.11  2357.28 4.17 3.88  69.6 -0.369    19.67 21.76 02a57816o0720c       0   18.065918
57816.639042 19.419021      NaN    16    14 c    0   1.29 229.74706 -3.19586  9914.67  2369.65 4.01 3.64  88.1 -0.422    19.66 21.74 02a57816o0742c       0   18.798335
57816.650263 19.841877      NaN    -8    14 c    0   1.20 229.74706 -3.19586   222.47  2240.15 4.11 3.76  68.9 -0.384    19.61 21.58 02a57816o0764c       0   18.798335
57816.657648 19.038793      NaN    18    22 c    0   0.93 229.74706 -3.19586   180.85  2299.26 4.22 3.85  70.2 -0.358    19.11 20.66 02a57816o0776c       0   25.325430
57816.658642 19.115465      NaN     6    24 c    0   1.17 229.74706 -3.19586  9933.87  2254.63 4.01 3.63  87.8 -0.420    19.01 20.46 02a57816o0778c       0   27.080941
57840.648677 17.729132      NaN  -130    98 c    0   1.02 229.74706 -3.19586  7534.06  3678.51 3.90 3.67 -88.2 -0.402    17.68 18.25 02a57840o0614c 8388610   98.799683
57844.576309 19.631075      NaN   -26    17 c    0   1.24 229.74706 -3.19586  9570.73  3867.85 4.06 3.98  17.7 -0.398    19.51 21.54 02a57844o0653c       0   21.127645
57844.591403 19.696897      NaN   -26    16 c    0   1.24 229.74706 -3.19586  9549.40  3827.06 4.00 3.68  89.0 -0.399    19.54 21.51 02a57844o0682c       0   20.331684
57844.611056 19.401649      NaN     5    18 c    0   1.01 229.74706 -3.19586  9610.84  3904.66 4.04 3.69  89.6 -0.399    19.51 21.46 02a57844o0718c       0   21.940314
57844.626880 19.696897      NaN   -16    16 c    0   1.50 229.74706 -3.19586  9634.30  3790.14 3.91 3.47  89.7 -0.419    19.52 21.41 02a57844o0748c       0   20.331684
57844.642408 18.675237      NaN   -11    41 c    0   1.14 229.74706 -3.19586  9597.26  3846.73 3.92 3.48 -89.4 -0.416    18.75 19.99 02a57844o0776c       0   42.876303
57868.596245 19.401649      NaN    11    16 c    0   1.01 229.74706 -3.19586  8229.31  2004.91 3.75 2.95  29.6 -0.424    19.17 20.23 02a57868o0487c    8192   20.331684
57868.636099 16.603614      NaN   108   239 c    0   1.10 229.74706 -3.19586  8287.33  1927.06 5.02 4.02  31.5 -0.420    17.09 16.79 02a57868o0563c       2  239.329015
57900.463567 20.103715      NaN    -9    11 c    0   0.93 229.74706 -3.19586  8515.82  2800.54 3.25 2.58  47.1 -0.434    19.71 21.40 02a57900o0409c       0   16.684645
57900.480741 19.950541      NaN    -2    12 c    0   0.99 229.74706 -3.19586  8499.75  2761.87 3.20 2.57  46.2 -0.433    19.71 21.37 02a57900o0441c       0   17.360224
57900.498840 19.922338      NaN    -7    13 c    0   0.95 229.74706 -3.19586  8556.12  2839.24 3.28 2.61  47.9 -0.434    19.71 21.34 02a57900o0475c       0   18.065918
57900.516323 20.009244      NaN   -15    12 c    0   1.07 229.74706 -3.19586  8580.04  2720.62 3.29 2.64  44.5 -0.428    19.67 21.28 02a57900o0508c       0   17.360224
57900.535170 19.950541      NaN    -2    12 c    0   1.09 229.74706 -3.19586  8542.62  2778.70 3.36 2.63  47.1 -0.434    19.58 21.18 02a57900o0543c       0   17.360224
57904.392106 19.868040      NaN     1    12 c    0   0.91 229.74706 -3.19586  7327.88  3192.02 3.17 2.67 -47.5 -0.394    19.63 21.24 02a57904o0117c       0   17.360224
57904.400115 20.103715      NaN   -15    11 c    0   0.89 229.74706 -3.19586  7311.04  3155.07 3.25 2.79 -47.4 -0.387    19.59 21.29 02a57904o0132c       0   16.684645
57904.422550 19.868040      NaN    10     9 c    0   1.30 229.74706 -3.19586  7371.42  3231.58 3.16 2.71 -49.3 -0.392    19.70 21.51 02a57904o0175c       0   15.439475
57904.443881 20.207197      NaN   -19    10 c    0   1.06 229.74706 -3.19586  7392.35  3116.63 3.23 2.74 -49.7 -0.392    19.69 21.50 02a57904o0217c       0   16.042986
57904.448952 20.171596      NaN    -3    10 c    0   1.05 229.74706 -3.19586  7350.97  3172.77 3.22 2.72 -48.1 -0.392    19.68 21.49 02a57904o0227c       0   16.042986
57982.273795 20.405150 0.347436    21     8 c    0   1.80 229.74706 -3.19586  7644.06  3208.67 2.53 2.40 -77.0 -0.418    19.68 21.21 02a57982o0089c       0   14.878756
57982.282890 19.791368      NaN    16     8 c    0   1.83 229.74706 -3.19586  7625.94  3168.93 2.51 2.38 -70.7 -0.421    19.67 21.20 02a57982o0107c       0   14.878756
57982.291408 20.207197      NaN    -6    10 c    0   1.09 229.74706 -3.19586  7684.89  3247.63 2.54 2.40 -63.4 -0.414    19.66 21.20 02a57982o0124c       0   16.042986
57982.300509 20.071303      NaN     0    10 c    0   1.14 229.74706 -3.19586  7705.62  3130.70 2.56 2.42 -67.6 -0.416    19.64 21.21 02a57982o0142c       0   16.042986
57986.286017 18.079051      NaN   -14    71 c    0   1.28 229.74706 -3.19586   969.55  5325.19 2.69 2.57  74.7 -0.370    18.73 20.28 02a57986o0090c 8388610   72.099774
58194.636564 20.405150      NaN    -3     8 c    0   1.46 229.74706 -3.19586  8213.43  4066.64 2.56 2.48  84.6 -0.430    19.67 21.51 02a58194o0843c       0   14.878756
58194.646209 20.207197      NaN   -12    10 c    0   0.96 229.74706 -3.19586  8195.74  4027.87 2.69 2.59  89.9 -0.428    19.55 21.17 02a58194o0861c       0   16.042986
58194.657894 18.273950      NaN     0    58 c    0   1.29 229.74706 -3.19586  8252.20  4107.22 2.75 2.65 -84.3 -0.454    17.56 18.61 02a58194o0880c       0   59.341195
58221.400661 20.207197      NaN    -6    10 c    0   1.19 229.74706 -3.19586    77.82  6116.36 2.27 2.16  21.7 -0.396    19.78 21.46 02a58221o0370c       0   16.042986
58221.403071 20.171596      NaN     3     8 c    0   1.26 229.74706 -3.19586    96.46  6154.19 2.32 2.20   6.5 -0.396    19.70 21.48 02a58221o0375c       0   14.878756
58221.405467 19.302877      NaN    -1    22 c    0   0.52 229.74706 -3.19586    37.30  6077.30 2.34 2.22   4.6 -0.381    19.72 21.48 02a58221o0380c       0   25.325430
58226.555055 16.191243      NaN   320   296 c    0   0.98 229.74706 -3.19586  1387.39  7517.63 2.46 2.40 -15.1 -0.448    15.92 17.35 02a58226o0494c 8388610  296.265721
58226.565549 16.938457      NaN  -100   203 c    0   0.88 229.74706 -3.19586  1369.73  7478.57 2.54 2.46   0.6 -0.455    16.44 17.89 02a58226o0516c 8388610  203.387260
58226.576662 17.331585      NaN     3   139 c    0   1.06 229.74706 -3.19586  1429.09  7555.59 2.56 2.46  -8.1 -0.429    16.60 18.02 02a58226o0539c 8388610  139.564958
58226.587236 17.821591      NaN  -129    90 c    0   0.88 229.74706 -3.19586  1449.07  7438.25 2.53 2.44 -10.1 -0.431    17.20 18.62 02a58226o0561c 8388610   90.870113
58254.487891 19.696897      NaN    -9    16 c    0   1.00 229.74706 -3.19586  2089.01  9447.85 2.63 2.36   9.6 -0.453    19.27 20.98 02a58254o0313c       0   20.331684
58254.498648 20.009244      NaN   -10    12 c    0   0.94 229.74706 -3.19586  2071.28  9407.91 2.73 2.48  13.8 -0.553    19.47 21.24 02a58254o0336c       0   17.360224
58254.509398 19.922338      NaN   -22    13 c    0   1.07 229.74706 -3.19586  2132.06  9485.93 2.92 2.71   8.0 -0.446    19.36 21.20 02a58254o0359c       0   18.065918
58254.520155 20.009244      NaN   -12    12 c    0   1.19 229.74706 -3.19586  2155.63  9367.77 2.90 2.73  12.1 -0.448    19.49 21.29 02a58254o0382c       0   17.360224
58286.424441 20.071303      NaN     6     8 c    0   2.01 229.74706 -3.19586  1067.74  8329.05 2.47 2.41 -32.7 -0.437    19.64 21.50 02a58286o0391c       0   14.878756
58286.435370 20.207197      NaN   -24    10 c    0   1.15 229.74706 -3.19586  1050.49  8289.49 2.51 2.41 -28.4 -0.434    19.66 21.50 02a58286o0414c       0   16.042986
58286.446129 20.103715      NaN     2     9 c    0   1.46 229.74706 -3.19586  1109.77  8367.11 2.51 2.41 -25.3 -0.435    19.62 21.43 02a58286o0437c       0   15.439475
58286.457759 20.321591      NaN   -22     9 c    0   1.63 229.74706 -3.19586  1132.11  8249.37 2.49 2.32  -1.1 -0.450    19.64 21.38 02a58286o0460c       0   15.439475
58310.377059 19.674510      NaN    12    11 c    0   1.19 229.74706 -3.19586   777.70  8632.72 2.62 2.49 -30.9 -0.424    19.57 21.38 02a58310o0286c       0   16.684645
58310.387236 17.156927      NaN   -19   166 c    0   0.01 229.74706 -3.19586 10521.97  8647.77 2.75 2.60  45.3 -0.433    19.63 21.41 02a58310o0307c       2  166.473353
58310.388658 20.103715      NaN    -1    10 c    0   1.22 229.74706 -3.19586   759.37  8592.99 2.63 2.49 -24.3 -0.426    19.55 21.34 02a58310o0310c       0   16.042986
58310.398796 19.318728      NaN    16    16 c    0   1.05 229.74706 -3.19586 10502.30  8609.16 2.81 2.63  41.8 -0.428    19.62 21.35 02a58310o0331c       0   20.331684
58310.400180 19.766969      NaN    11    10 c    0   1.14 229.74706 -3.19586   819.04  8670.09 2.69 2.55 -36.6 -0.428    19.50 21.26 02a58310o0334c       0   16.042986
58310.412502 20.137125      NaN    -2    10 c    0   1.59 229.74706 -3.19586   843.36  8550.89 2.58 2.44 -31.0 -0.421    19.50 21.18 02a58310o0359c       0   16.042986
58338.320167 19.841877      NaN     2    12 c    0   1.08 229.74706 -3.19586  9245.49 10285.58 3.23 2.97  49.4 -0.381    19.46 21.41 02a58338o0186c       0   17.360224
58338.321993 19.868040      NaN    -2    13 c    0   1.16 229.74706 -3.19586  9055.71   486.21 2.72 2.40 -55.2 -0.398    19.62 21.51 02a58338o0190c       0   18.065918
58338.331060 20.039830      NaN    -2    11 c    0   1.16 229.74706 -3.19586  9225.64 10246.52 2.90 2.75  49.8 -0.391    19.51 21.34 02a58338o0209c       0   16.684645
58338.332892 19.401649      NaN    17    14 c    0   1.32 229.74706 -3.19586  9036.87   447.36 2.81 2.57 -49.4 -0.395    19.53 21.42 02a58338o0213c       0   18.798335
58338.342042 19.674510      NaN    12    11 c    0   1.25 229.74706 -3.19586  9287.91 10325.35 2.85 2.67  42.8 -0.402    19.51 21.27 02a58338o0232c       0   16.684645
58338.343871 19.766969      NaN    -1    14 c    0   1.27 229.74706 -3.19586  9097.64   524.99 2.76 2.54 -52.0 -0.399    19.52 21.36 02a58338o0236c       0   18.798335
58338.352929 19.743105      NaN     9    11 c    0   1.18 229.74706 -3.19586  9308.80 10206.23 2.82 2.65  35.2 -0.400    19.48 21.24 02a58338o0255c       0   16.684645
58338.354769 19.334813      NaN    21    14 c    0   1.09 229.74706 -3.19586  9120.62   405.47 2.65 2.51 -50.7 -0.407    19.54 21.32 02a58338o0259c       0   18.798335
58342.310588 20.207197      NaN    -9    10 c    0   1.33 229.74706 -3.19586  9168.95  7467.33 2.93 2.75 -62.3 -0.380    19.55 21.44 02a58342o0171c       0   16.042986
58342.321573 20.009244      NaN    -6    12 c    0   0.95 229.74706 -3.19586  9148.49  7429.20 2.97 2.78 -54.9 -0.386    19.53 21.37 02a58342o0194c       0   17.360224
58342.332497 20.039830      NaN     1    10 c    0   1.71 229.74706 -3.19586  9208.48  7506.38 2.75 2.63 -54.1 -0.402    19.57 21.32 02a58342o0217c       0   16.042986
58342.343413 20.103715      NaN    -8    11 c    0   0.83 229.74706 -3.19586  9230.57  7388.97 2.72 2.60 -40.6 -0.416    19.53 21.28 02a58342o0240c       0   16.684645
58494.667313 19.922338      NaN   -20    13 c    0   1.20 229.74706 -3.19586  4827.57  5639.86 2.55 2.43 -53.1 -0.400    19.19 20.49 02a58494o0977c    8192   18.065918
58494.675391 18.574166      NaN   -13    45 c    0   1.06 229.74706 -3.19586  4845.67  5678.61 2.57 2.38 -49.1 -0.415    18.01 18.74 02a58494o0994c    8192   46.715922
58518.654687 20.137125      NaN     0    10 c    0   0.86 229.74706 -3.19586  6767.06  7574.65 2.44 2.36   7.0 -0.460    19.72 21.62 02a58518o0899c       0   16.042986
58518.663539 19.950541      NaN     9     9 c    0   1.49 229.74706 -3.19586  6786.36  7614.54 2.45 2.36   8.6 -0.458    19.68 21.34 02a58518o0917c       0   15.439475
58518.671885 19.631075      NaN    -5    17 c    0   1.31 229.74706 -3.19586  6725.36  7538.67 2.47 2.38   9.6 -0.454    18.96 19.94 02a58518o0934c       0   21.127645
58518.680835 16.985829      NaN   176   135 c    0   1.11 229.74706 -3.19586  6704.76  7657.57 2.56 2.51  -3.6 -0.495    16.79 17.46 02a58518o0952c       2  135.581626
58522.639211 19.791368      NaN    12    10 c    0   1.12 229.74706 -3.19586   951.16  7585.01 2.47 2.35   7.5 -0.450    19.74 21.64 02a58522o0008c       0   16.042986
58522.648110 20.103715      NaN    -4    11 c    0   0.90 229.74706 -3.19586   969.88  7623.77 2.57 2.43  16.4 -0.447    19.69 21.63 02a58522o0026c       0   16.684645
58522.656346 19.922338      NaN   -12    13 c    0   0.74 229.74706 -3.19586   909.04  7547.72 3.11 2.97  29.4 -0.421    19.48 21.62 02a58522o0043c       0   18.065918
58522.665248 20.103715      NaN    -8    11 c    0   1.37 229.74706 -3.19586   887.79  7666.68 2.68 2.54  19.7 -0.444    19.54 21.16 02a58522o0061c       0   16.684645
58578.537459 19.950541      NaN    12     8 c    0   1.12 229.74706 -3.19586  7696.18  2978.70 2.58 2.50  85.8 -0.388    19.65 21.68 02a58578o0668c       0   14.878756
58578.546727 20.282105      NaN     2     8 c    0   0.99 229.74706 -3.19586  7675.39  2941.69 2.49 2.42  84.0 -0.390    19.67 21.68 02a58578o0687c       0   14.878756
58578.555827 20.449472      NaN   -19     8 c    0   1.53 229.74706 -3.19586  7731.97  3021.38 2.50 2.39  79.5 -0.397    19.68 21.67 02a58578o0706c       0   14.878756
58578.565127 20.449472      NaN   -22     8 c    0   1.56 229.74706 -3.19586  7747.41  2905.94 2.45 2.32 -66.9 -0.390    19.70 21.66 02a58578o0725c       0   14.878756
58582.525476 19.766969      NaN    13    10 c    0   1.40 229.74706 -3.19586  3859.64  8791.20 2.59 2.45 -34.3 -0.417    19.58 21.48 02a58582o0636c       0   16.042986
58582.534705 19.979496      NaN     2    11 c    0   1.25 229.74706 -3.19586  3838.52  8752.51 2.59 2.48 -35.4 -0.411    19.57 21.47 02a58582o0655c       0   16.684645
58582.543898 20.039830      NaN     0    11 c    0   1.20 229.74706 -3.19586  3895.07  8831.31 2.72 2.60 -40.5 -0.412    19.51 21.42 02a58582o0674c       0   16.684645
58582.553130 19.674510      NaN    11    12 c    0   1.14 229.74706 -3.19586  3913.45  8716.34 2.71 2.54 -47.1 -0.407    19.47 21.36 02a58582o0693c       0   17.360224
58606.484439 19.491430      NaN     8    16 c    0   1.58 229.74706 -3.19586  1923.45  4955.30 2.50 2.35  46.8 -0.412    18.90 20.64 02a58606o0074c    8192   20.331684
58610.489701 19.868040      NaN     6    11 c    0   0.94 229.74706 -3.19586  9659.30  8810.93 2.78 2.71 -83.8 -0.383    19.68 21.49 02a58610o0519c       0   16.684645
58610.499051 20.244005      NaN     0     9 c    0   1.52 229.74706 -3.19586  9638.26  8772.46 2.72 2.67 -78.8 -0.388    19.67 21.46 02a58610o0538c       0   15.439475
58610.508438 19.841877      NaN    13     9 c    0   1.14 229.74706 -3.19586  9697.81  8851.15 2.75 2.66 -81.0 -0.383    19.71 21.45 02a58610o0557c       0   15.439475
58610.518011 20.207197      NaN    -3    10 c    0   1.52 229.74706 -3.19586  9717.46  8733.90 2.74 2.65 -68.9 -0.383    19.67 21.43 02a58610o0576c       0   16.042986
58634.397487 20.071303      NaN     8     8 c    0   1.37 229.74706 -3.19586  8496.52  3471.10 2.51 2.40 -81.3 -0.397    19.73 21.65 02a58634o0359c       0   14.878756
58634.400246 20.321591      NaN     1     8 c    0   1.27 229.74706 -3.19586  8476.95  3432.38 2.52 2.44  81.3 -0.392    19.77 21.65 02a58634o0365c       0   14.878756
58634.407313 20.405150      NaN    -1     8 c    0   1.45 229.74706 -3.19586  8535.62  3509.55 2.50 2.42 -86.5 -0.398    19.74 21.65 02a58634o0380c       0   14.878756
58634.418238 20.207197      NaN    -8    10 c    0   0.84 229.74706 -3.19586  8555.85  3394.57 2.47 2.36 -86.7 -0.401    19.76 21.65 02a58634o0403c       0   16.042986
58642.379975 20.321591      NaN     1     8 c    0   1.07 229.74706 -3.19586   322.91  3360.74 2.58 2.32 -52.5 -0.407    19.67 21.52 02a58642o0317c       0   14.878756
58642.382262 20.321591      NaN   -11     9 c    0   1.30 229.74706 -3.19586 10459.38  3365.87 2.67 2.35 -59.3 -0.418    19.69 21.54 02a58642o0322c       0   15.439475
58642.382720 20.282105      NaN     2     8 c    0   1.59 229.74706 -3.19586   305.32  3326.20 2.56 2.31 -52.1 -0.406    19.70 21.53 02a58642o0323c       0   14.878756
58642.385008 20.321591      NaN    -7     9 c    0   1.09 229.74706 -3.19586 10439.77  3327.58 2.65 2.35 -59.6 -0.426    19.72 21.56 02a58642o0328c       0   15.439475
58642.388792 20.449472      NaN    -7     8 c    0   1.25 229.74706 -3.19586   358.70  3397.89 2.50 2.32 -54.0 -0.406    19.69 21.58 02a58642o0336c       0   14.878756
58642.391659 19.719755      NaN     9    12 c    0   1.10 229.74706 -3.19586 10496.73  3404.89 2.63 2.33 -59.7 -0.432    19.75 21.62 02a58642o0342c       0   17.360224
58642.398598 20.449472      NaN    -2     8 c    0   1.29 229.74706 -3.19586   380.52  3286.33 2.58 2.29 -54.7 -0.404    19.70 21.65 02a58642o0357c       0   14.878756
58642.404747 19.766969      NaN   -13    15 c    0   1.34 229.74706 -3.19586 10513.48  3290.26 2.69 2.38 -58.6 -0.425    19.70 21.65 02a58642o0370c       0   19.554472
58666.340466 20.282105      NaN     2     8 c    0   1.01 229.74706 -3.19586  2376.52  5213.19 2.50 2.36  52.2 -0.405    19.75 21.69 02a58666o0223c       0   14.878756
58666.343219 20.137125      NaN     6     8 c    0   1.24 229.74706 -3.19586  2358.02  5175.82 2.50 2.39  66.9 -0.407    19.74 21.69 02a58666o0229c       0   14.878756
58666.348348 20.449472      NaN   -17     8 c    0   1.35 229.74706 -3.19586  2415.78  5251.35 2.54 2.41  59.5 -0.401    19.72 21.69 02a58666o0240c       0   14.878756
58666.358238 20.171596      NaN     2     9 c    0   0.73 229.74706 -3.19586  2434.72  5135.31 2.52 2.36  59.4 -0.409    19.74 21.67 02a58666o0261c       0   15.439475
58694.315798 19.922338      NaN    10     9 c    0   1.27 229.74706 -3.19586  4714.00  5600.43 2.53 2.42  60.5 -0.393    19.67 21.62 02a58694o0174c       0   15.439475
58694.318868 20.071303      NaN     8     8 c    0   2.14 229.74706 -3.19586  4694.27  5561.82 2.54 2.45  66.9 -0.395    19.65 21.62 02a58694o0180c       0   14.878756
58694.324009 20.207197      NaN    -9    10 c    0   1.11 229.74706 -3.19586  4753.96  5638.66 2.46 2.38 -68.6 -0.401    19.67 21.62 02a58694o0191c       0   16.042986
58694.335602 20.321591      NaN   -17     9 c    0   1.20 229.74706 -3.19586  4778.55  5521.31 2.54 2.39  48.8 -0.388    19.66 21.59 02a58694o0214c       0   15.439475
58706.297628 16.433071      NaN   236   244 c    0   1.52 229.74706 -3.19586  4619.69  3678.56 2.89 2.43  50.1 -0.399    16.08 16.80 02a58706o0156c 8388610  244.322282
58706.300867 16.404352      NaN  -429   332 c    0   0.94 229.74706 -3.19586  4600.93  3640.33 2.93 2.48  46.7 -0.377    15.82 16.53 02a58706o0163c 8388610  332.236930
58706.306898 16.871062      NaN    58   196 c    0   1.48 229.74706 -3.19586  4661.05  3717.43 2.80 2.43  49.3 -0.407    16.31 16.96 02a58706o0176c 8388610  196.401063
58706.316691 17.027593      NaN    64   165 c    0   1.17 229.74706 -3.19586  4681.89  3599.33 2.78 2.51  51.3 -0.386    16.52 17.35 02a58706o0197c 8388610  165.476214
58726.225398 15.702545      NaN   843   352 c    0   1.10 229.74706 -3.19586   428.78  5309.55 2.50 2.44 -83.3 -0.426    16.50 17.36 02a58726o0002c       2  352.223476
58726.228653 18.356290      NaN    13    50 c    0   0.75 229.74706 -3.19586   409.95  5271.06 2.61 2.38  47.6 -0.353    17.70 18.67 02a58726o0009c       0   51.549756
58726.234165 19.510313      NaN    10    15 c    0   0.94 229.74706 -3.19586   470.55  5349.28 2.49 2.42 -74.2 -0.374    19.18 20.37 02a58726o0021c       0   19.554472
58726.244022 20.103715      NaN    -9    11 c    0   0.80 229.74706 -3.19586   489.55  5232.58 2.52 2.42 -80.8 -0.386    19.49 21.01 02a58726o0042c       0   16.684645
58846.625936 19.766969      NaN   -11    15 c    0   1.10 229.74706 -3.19586 10243.30  7192.19 3.43 3.21   8.0 -0.360    19.19 21.01 02a58846o0919c       0   19.554472
58846.628360 19.841877      NaN    -8    14 c    0   1.20 229.74706 -3.19586 10262.72  7230.97 3.49 3.23  18.0 -0.377    19.18 21.02 02a58846o0924c       0   18.798335
58846.633637 19.318728      NaN    18    16 c    0   1.08 229.74706 -3.19586 10203.34  7152.48 3.39 3.31  12.3 -0.376    19.21 21.04 02a58846o0935c       0   20.331684
58846.640688 19.922338      NaN    -9    13 c    0   1.43 229.74706 -3.19586   111.55  7203.53 3.72 2.92 -51.2 -0.301    19.11 20.94 02a58846o0949c       0   18.065918
58846.644158 19.454622      NaN    16    14 c    0   1.49 229.74706 -3.19586   136.03  7240.49 3.73 3.00 -50.2 -0.325    19.03 20.96 02a58846o0956c       0   18.798335
58846.644614 19.334813      NaN    17    16 c    0   1.16 229.74706 -3.19586 10182.42  7268.65 3.75 3.68 -51.9 -0.380    19.13 21.06 02a58846o0957c       0   20.331684
58846.649666 19.401649      NaN    -9    21 c    0   0.96 229.74706 -3.19586    73.78  7162.55 3.59 3.23 -43.2 -0.347    19.06 20.95 02a58846o0967c       0   24.461754
58846.658330 19.302877      NaN   -36    23 c    0   1.35 229.74706 -3.19586    50.69  7279.19 4.27 3.55 -51.0 -0.322    18.84 20.83 02a58846o0984c       0   26.198805
58846.673665 17.381362      NaN  -186   135 c    0   1.05 229.74706 -3.19586 10225.37  7213.04 3.86 3.62 -62.7 -0.401    17.32 18.48 02a58846o1017c       2  135.581626
58878.544274 18.079051      NaN    -4    71 c    0   1.11 229.74706 -3.19586  8400.49  9227.27 2.86 2.50  37.6 -0.381    17.83 19.52 02a58878o0733c       2   72.099774
58878.547080 18.878500      NaN   -41    34 c    0   1.17 229.74706 -3.19586  8422.23  9266.92 2.68 2.59 -59.5 -0.389    18.16 19.85 02a58878o0739c       0   36.240549
58878.553118 18.847027      NaN     4    33 c    0   1.20 229.74706 -3.19586  8363.06  9188.23 2.90 2.52  36.4 -0.378    18.26 20.03 02a58878o0751c       0   35.304070
58878.563451 19.922338      NaN    -2    13 c    0   1.18 229.74706 -3.19586  8342.91  9305.54 2.84 2.46  37.9 -0.385    19.41 21.17 02a58878o0772c       0   18.065918
58882.590554 20.103715      NaN     0    11 c    0   1.05 229.74706 -3.19586  1585.66  1461.41 2.63 2.26 -57.2 -0.417    19.59 21.30 02a58882o0761c       0   16.684645
58882.593759 20.321591      NaN     0     9 c    0   1.40 229.74706 -3.19586  1605.41  1500.80 2.63 2.26 -57.0 -0.416    19.60 21.30 02a58882o0768c       0   15.439475
58882.600363 20.207197      NaN    -5    10 c    0   1.12 229.74706 -3.19586  1546.23  1421.66 2.69 2.29 -57.7 -0.412    19.55 21.28 02a58882o0782c       0   16.042986
58882.610254 20.009244      NaN    -4    12 c    0   0.88 229.74706 -3.19586  1528.08  1538.62 2.90 2.54 -59.4 -0.407    19.50 21.32 02a58882o0803c       0   17.360224
58902.574560 20.207197      NaN   -13    10 c    0   0.74 229.74706 -3.19586  5749.46  3022.68 2.49 2.45 -84.6 -0.400    19.60 21.47 02a58902o0765c       0   16.042986
58902.576501 20.207197      NaN    -4    10 c    0   0.81 229.74706 -3.19586  5768.06  3062.54 2.74 2.46  36.0 -0.393    19.59 21.47 02a58902o0769c       0   16.042986
58902.582703 20.282105      NaN     6     8 c    0   1.37 229.74706 -3.19586  5720.79  2981.64 2.55 2.45 -56.5 -0.399    19.63 21.48 02a58902o0782c       0   14.878756
58902.592654 20.321591      NaN    -9     9 c    0   1.21 229.74706 -3.19586  5701.69  3100.49 2.42 2.35 -62.8 -0.403    19.69 21.51 02a58902o0802c       0   15.439475
58930.573675 19.791368      NaN     4    14 c    0   1.23 229.74706 -3.19586  7012.46  9189.45 2.62 2.54 -53.2 -0.411    19.40 21.17 02a58930o0697c       0   18.798335
58930.577150 20.207197      NaN     5     9 c    0   1.21 229.74706 -3.19586  3576.19  1408.41 2.46 2.21 -52.2 -0.418    19.65 21.41 02a58930o0704c       0   15.439475
58930.584170 19.766969      NaN   -14    15 c    0   0.98 229.74706 -3.19586  7051.64  9230.36 2.60 2.44 -49.5 -0.414    19.39 21.12 02a58930o0718c       0   19.554472
58930.595325 20.207197      NaN    -9    10 c    0   1.30 229.74706 -3.19586  7073.66  9113.82 2.69 2.56 -58.2 -0.409    19.55 21.34 02a58930o0741c       0   16.042986
58934.612173 16.514394      NaN   -84   300 c    0   0.75 229.74706 -3.19586  7012.93  9195.84 2.86 2.71  40.9 -0.404    16.24 17.76 02a58934o0633c 8388610  300.262181
58934.615520 16.686597      NaN   221   183 c    0   1.03 229.74706 -3.19586  6993.17  9157.07 2.81 2.63  44.8 -0.406    16.36 17.88 02a58934o0640c 8388610  183.429489
58934.621065 17.405762      NaN  -196   132 c    0   1.32 229.74706 -3.19586  7048.38  9236.77 2.81 2.62  42.6 -0.407    16.76 18.22 02a58934o0651c 8388610  132.594786
58934.636919 17.515292      NaN    45   105 c    0   1.15 229.74706 -3.19586  7069.71  9120.14 2.82 2.62  43.6 -0.386    17.18 18.65 02a58934o0684c 8388610  105.746761
58934.646555 15.431970      NaN -1231   813 c    0   1.18 229.74706 -3.19586  7031.87  9179.38 2.90 2.56  40.0 -0.388    14.77 15.92 02a58934o0704c 8388610  813.096782
58958.478479 20.321591      NaN    -7     9 c    0   1.12 229.74706 -3.19586  6065.25  8829.59 2.47 2.41  43.2 -0.403    19.70 21.44 02a58958o0536c       0   15.439475
58958.481325 20.244005      NaN     4     9 c    0   1.49 229.74706 -3.19586  6085.66  8868.99 2.51 2.43  46.4 -0.404    19.69 21.41 02a58958o0542c       0   15.439475
58958.487325 20.207197      NaN    -2    10 c    0   1.22 229.74706 -3.19586  6028.03  8791.33 2.50 2.37  35.9 -0.413    19.72 21.45 02a58958o0555c       0   16.042986
58958.497316 20.137125 0.339293    34    10 c    0   1.21 229.74706 -3.19586  6006.33  8909.46 2.49 2.39  29.6 -0.405    19.69 21.39 02a58958o0575c       0   16.042986
58962.481364 18.489118      NaN    19    43 c    0   0.97 229.74706 -3.19586  8671.20  7339.95 2.79 2.55  41.7 -0.387    18.10 19.77 02a58962o0533c       0   44.792604
58962.484565 18.550302      NaN   -77    46 c    0   1.11 229.74706 -3.19586  8652.80  7302.51 2.80 2.55  41.8 -0.391    17.89 19.56 02a58962o0540c       0   47.679947
58962.490081 18.158337      NaN   -30    66 c    0   0.79 229.74706 -3.19586  8712.12  7381.05 2.87 2.60  43.8 -0.385    17.71 19.36 02a58962o0552c       2   67.181675
58962.499966 18.955691      NaN    22    25 c    0   1.33 229.74706 -3.19586  8737.52  7268.31 2.82 2.55  45.0 -0.383    18.56 20.26 02a58962o0572c       0   27.971010
58966.447795 20.594452      NaN   -10     7 c    0   1.25 229.74706 -3.19586  1887.98  3211.36 2.34 2.29 -53.0 -0.410    19.71 21.44 02a58966o0476c       0   14.365841
58966.477205 20.449472      NaN     1     8 c    0   1.32 229.74706 -3.19586  1910.21  3250.65 2.43 2.33 -58.5 -0.405    19.70 21.46 02a58966o0538c       0   14.878756
58966.502034 20.244005      NaN     4     9 c    0   1.33 229.74706 -3.19586  8716.97  7384.09 2.74 2.54  49.1 -0.394    19.68 21.42 02a58966o0591c       0   15.439475
58966.506448 20.207197      NaN     1    10 c    0   0.85 229.74706 -3.19586  8736.55  7265.40 2.80 2.55  47.5 -0.387    19.64 21.41 02a58966o0600c       0   16.042986
58986.423245 19.922338      NaN    17     8 c    0   1.13 229.74706 -3.19586  6535.82  3563.89 2.53 2.49 -85.7 -0.390    19.68 21.69 02a58986o0414c       0   14.878756
58986.426463 20.449472      NaN    -8     8 c    0   1.41 229.74706 -3.19586  6517.11  3526.35 2.54 2.46  55.3 -0.392    19.69 21.68 02a58986o0421c       0   14.878756
58986.433337 20.362567      NaN     4     8 c    0   1.38 229.74706 -3.19586  6574.41  3600.50 2.48 2.42  86.8 -0.394    19.68 21.68 02a58986o0436c       0   14.878756
58986.443205 20.137125      NaN    10     8 c    0   1.09 229.74706 -3.19586  6593.96  3485.53 2.57 2.49  88.9 -0.389    19.69 21.70 02a58986o0457c       0   14.878756
58990.431581 19.841877      NaN    20     8 c    0   1.50 229.74706 -3.19586  6539.15  3564.66 2.46 2.33  52.5 -0.393    19.71 21.60 02a58990o0427c       0   14.878756
58990.435284 20.282105      NaN     3     9 c    0   1.15 229.74706 -3.19586  6519.78  3525.73 2.41 2.32  60.9 -0.402    19.72 21.59 02a58990o0435c       0   15.439475
58990.440457 20.449472      NaN     0     8 c    0   1.58 229.74706 -3.19586  6578.66  3604.66 2.46 2.33  56.1 -0.396    19.74 21.60 02a58990o0446c       0   14.878756
58990.474511 20.321591      NaN   -15     9 c    0   0.99 229.74706 -3.19586  6601.02  3488.30 2.47 2.35  63.0 -0.399    19.68 21.53 02a58990o0517c       0   15.439475
58994.413840 20.103715      NaN    -2    11 c    0   0.91 229.74706 -3.19586  3120.28  9376.78 2.49 2.48 -65.3 -0.404    19.69 21.41 02a58994o0383c       0   16.684645
58994.417058 20.321591      NaN    -4     9 c    0   1.71 229.74706 -3.19586  3101.66  9338.90 2.46 2.45 -89.0 -0.405    19.67 21.44 02a58994o0390c       0   15.439475
58994.422584 19.436675      NaN    27    12 c    0   0.92 229.74706 -3.19586  3159.32  9417.77 2.50 2.47 -76.2 -0.405    19.65 21.44 02a58994o0402c       0   17.360224
58994.438724 20.009244      NaN    -4    12 c    0   1.10 229.74706 -3.19586  3181.35  9304.70 2.60 2.51 -66.5 -0.411    19.60 21.40 02a58994o0437c       0   17.360224
59022.344012 20.321591      NaN    -3     9 c    0   0.99 229.74706 -3.19586   192.42  1397.81 2.70 2.39 -55.9 -0.412    19.75 21.77 02a59022o0218c       0   15.439475
59022.346832 20.449472      NaN    -6     8 c    0   2.04 229.74706 -3.19586   172.82  1358.88 2.58 2.29 -57.3 -0.422    19.75 21.79 02a59022o0224c       0   14.878756
59022.353253 20.137125      NaN     7     9 c    0   0.89 229.74706 -3.19586   234.28  1436.43 2.63 2.29 -56.6 -0.416    19.77 21.78 02a59022o0238c       0   15.439475
59022.355084 20.103715      NaN     5    10 c    0   1.42 229.74706 -3.19586 10350.86  1401.92 2.75 2.21 -57.6 -0.559    19.76 21.79 02a59022o0242c       0   16.042986
59022.358291 20.137125      NaN     4    10 c    0   1.34 229.74706 -3.19586 10332.67  1363.24 2.69 2.17 -56.5 -0.420    19.76 21.78 02a59022o0249c       0   16.042986
59022.365633 20.207197      NaN    -6    10 c    0   1.48 229.74706 -3.19586 10395.68  1444.16 2.68 2.17 -54.9 -0.419    19.75 21.79 02a59022o0265c       0   16.042986
59022.369301 20.449472      NaN     5     7 c    0   1.58 229.74706 -3.19586   257.79  1319.81 2.53 2.25 -62.0 -0.428    19.82 21.77 02a59022o0273c       0   14.365841
59022.376347 20.207197      NaN    -5    10 c    0   1.00 229.74706 -3.19586 10416.62  1324.91 2.61 2.11 -54.6 -0.438    19.77 21.76 02a59022o0288c       0   16.042986
59026.380606 20.449472      NaN   -15     8 c    0   1.48 229.74706 -3.19586  8575.95  5402.78 2.44 2.33 -88.5 -0.399    19.74 21.59 02a59026o0225c       0   14.878756
59026.386112 20.244005      NaN     4     9 c    0   1.28 229.74706 -3.19586  8556.25  5364.09 2.47 2.37  80.4 -0.394    19.68 21.56 02a59026o0237c       0   15.439475
59026.388916 20.362567      NaN     4     8 c    0   1.63 229.74706 -3.19586  8615.12  5441.88 2.49 2.32 -68.3 -0.400    19.69 21.57 02a59026o0243c       0   14.878756
59026.399180 20.207197      NaN     8     8 c    0   1.59 229.74706 -3.19586  8634.86  5327.59 2.50 2.35 -66.1 -0.397    19.77 21.70 02a59026o0265c       0   14.878756
59041.372668 20.103715      NaN   -11    11 c    0   1.01 229.74706 -3.19586  8481.07  3473.29 2.58 2.50 -52.3 -0.381    19.62 21.49 02a59041o0280c       0   16.684645
59041.376895 20.207197      NaN   -14    10 c    0   0.82 229.74706 -3.19586  8462.29  3434.01 2.51 2.44 -49.5 -0.384    19.63 21.46 02a59041o0289c       0   16.042986
59041.382159 19.894850      NaN     9    11 c    0   1.06 229.74706 -3.19586  8520.56  3513.10 2.62 2.49 -60.1 -0.386    19.58 21.44 02a59041o0300c       0   16.684645
59041.387960 19.979496      NaN     6    11 c    0   0.87 229.74706 -3.19586  8541.22  3394.87 2.55 2.49 -59.3 -0.383    19.59 21.38 02a59041o0312c       0   16.684645
59042.368616 20.282105      NaN     6     8 c    0   1.18 229.74706 -3.19586   309.93  3358.61 2.36 2.28  75.2 -0.396    19.63 21.53 02a59042o0272c       0   14.878756
59042.369074 20.207197      NaN     8     8 c    0   1.65 229.74706 -3.19586 10440.27  3366.26 2.58 2.30 -49.6 -0.418    19.67 21.58 02a59042o0273c       0   14.878756
59042.377804 20.207197      NaN     0    10 c    0   1.07 229.74706 -3.19586 10420.88  3330.15 2.62 2.39 -48.3 -0.412    19.57 21.51 02a59042o0292c       0   16.042986
59042.378717 20.009244      NaN    14     8 c    0   1.84 229.74706 -3.19586   290.05  3321.01 2.41 2.30 -84.7 -0.394    19.53 21.39 02a59042o0294c       0   14.878756
59042.392933 19.401649      NaN    -7    21 c    0   0.92 229.74706 -3.19586   351.22  3398.11 2.37 2.29 -88.0 -0.396    18.37 20.09 02a59042o0325c       0   24.461754
59042.395224 18.847027      NaN   -58    35 c    0   0.84 229.74706 -3.19586 10477.72  3405.90 2.58 2.35 -51.0 -0.411    18.06 19.77 02a59042o0330c       0   37.180336
59042.399363 18.748255      NaN    24    31 c    0   1.57 229.74706 -3.19586   370.02  3279.61 2.42 2.33 -89.6 -0.400    18.11 19.76 02a59042o0339c       0   33.442150
59042.404512 18.675237      NaN     2    41 c    0   1.28 229.74706 -3.19586 10498.38  3290.35 2.74 2.30 -51.6 -0.427    18.63 20.29 02a59042o0350c       0   42.876303
59050.307019 19.894850      NaN    12    10 c    0   0.82 229.74706 -3.19586  6738.15  7442.66 2.81 2.44  43.4 -0.391    19.65 21.54 02a59050o0142c       0   16.042986
59050.311169 20.207197      NaN   -21    10 c    0   0.98 229.74706 -3.19586  6718.49  7404.03 2.84 2.44  42.2 -0.385    19.66 21.54 02a59050o0151c       0   16.042986
59050.316671 20.207197      NaN    -2    10 c    0   1.18 229.74706 -3.19586  6777.05  7482.14 2.98 2.65  42.9 -0.380    19.55 21.54 02a59050o0163c       0   16.042986
59050.326809 20.207197      NaN     5     9 c    0   1.10 229.74706 -3.19586  6798.53  7366.13 2.89 2.51  44.0 -0.388    19.62 21.51 02a59050o0185c       0   15.439475
59054.290715 19.743105      NaN    18    10 c    0   0.87 229.74706 -3.19586  6739.69  7441.45 2.75 2.63  62.6 -0.397    19.56 21.41 02a59054o0110c       0   16.042986
59054.325108 20.207197      NaN    -2    10 c    0   1.29 229.74706 -3.19586  6720.53  7404.71 2.71 2.46  50.1 -0.393    19.61 21.53 02a59054o0123c       0   16.042986
59054.327891 19.841877      NaN    17     9 c    0   1.59 229.74706 -3.19586  6779.79  7484.22 2.79 2.48  46.8 -0.388    19.60 21.53 02a59054o0129c       0   15.439475
59054.333412 20.321591      NaN    -5     9 c    0   1.16 229.74706 -3.19586  6799.35  7369.29 2.66 2.44  48.3 -0.394    19.64 21.54 02a59054o0141c       0   15.439475
59070.258748 20.071303      NaN     6    10 c    0   1.07 229.74706 -3.19586  2369.35  5218.86 2.47 2.35  51.9 -0.399    19.58 21.42 02a59070o0054c       0   16.042986
59070.261955 20.449472      NaN    -4     8 c    0   1.51 229.74706 -3.19586  2349.48  5180.11 2.78 2.32  43.5 -0.377    19.61 21.47 02a59070o0061c       0   14.878756
59070.269341 20.207197      NaN   -16    10 c    0   1.09 229.74706 -3.19586  2410.81  5256.48 2.57 2.44  50.8 -0.394    19.62 21.50 02a59070o0077c       0   16.042986
59070.279540 20.171596      NaN     6     9 c    0   1.19 229.74706 -3.19586  2429.35  5141.48 2.55 2.39  51.6 -0.392    19.58 21.52 02a59070o0099c       0   15.439475
59074.286654 20.103715      NaN     2    11 c    0   0.71 229.74706 -3.19586  2152.92  1337.60 2.45 2.30 -71.3 -0.429    19.65 21.34 02a59074o0120c       0   16.684645
59074.290330 20.103715      NaN     8     9 c    0   1.53 229.74706 -3.19586  2133.68  1297.58 2.46 2.30 -73.7 -0.425    19.61 21.35 02a59074o0128c       0   15.439475
59074.297234 20.207197      NaN    -3    10 c    0   1.08 229.74706 -3.19586  2194.08  1375.23 2.60 2.43 -70.8 -0.418    19.54 21.36 02a59074o0143c       0   16.042986
59074.311572 20.449472      NaN    -1     8 c    0   1.53 229.74706 -3.19586  2214.76  1256.85 2.45 2.29 -74.3 -0.428    19.58 21.35 02a59074o0174c       0   14.878756
59078.245659 19.491430      NaN    24    12 c    0   1.58 229.74706 -3.19586  2161.54  1335.33 2.48 2.26 -61.0 -0.435    19.36 20.74 02a59078o0035c       0   17.360224
59078.249334 20.282105      NaN     3     9 c    0   1.69 229.74706 -3.19586  2141.37  1296.39 2.42 2.20 -63.2 -0.441    19.52 21.03 02a59078o0043c       0   15.439475
59078.255312 20.207197      NaN   -10    10 c    0   1.54 229.74706 -3.19586  2200.26  1374.71 2.45 2.20 -60.3 -0.437    19.57 21.17 02a59078o0056c       0   16.042986
59078.269145 19.922338      NaN    14     9 c    0   1.52 229.74706 -3.19586  2218.51  1255.81 2.47 2.24 -53.7 -0.438    19.56 21.18 02a59078o0086c       0   15.439475
59082.238190 19.014394      NaN   -14    30 c    0   1.23 229.74706 -3.19586  8977.10  9108.18 2.78 2.69  69.5 -0.374    18.78 19.98 02a59082o0027c       0   32.517340
59082.241404 19.569016      NaN    -8    18 c    0   1.26 229.74706 -3.19586  8958.14  9069.10 2.74 2.63  62.5 -0.368    19.17 20.47 02a59082o0034c       0   21.940314
59082.248744 20.009244      NaN    -3    12 c    0   1.23 229.74706 -3.19586  9019.43  9149.68 2.66 2.63  74.9 -0.380    19.46 20.97 02a59082o0050c       0   17.360224
59082.258867 20.009244      NaN   -17    12 c    0   1.39 229.74706 -3.19586  9039.41  9031.20 2.77 2.69 -67.7 -0.384    19.49 21.11 02a59082o0072c       0   17.360224
59106.222442 18.847027      NaN   -32    35 c    0   0.87 229.74706 -3.19586  4626.54  3672.01 2.55 2.24  44.2 -0.400    18.27 19.43 02a59106o0024c       0   37.180336
59106.225666 19.351140      NaN    -2    22 c    0   0.99 229.74706 -3.19586  4606.94  3632.40 2.53 2.23  45.5 -0.398    18.86 20.09 02a59106o0031c       0   25.325430
59106.232208 19.719755      NaN    10    13 c    0   1.33 229.74706 -3.19586  4664.72  3708.99 2.56 2.29  46.7 -0.392    19.30 20.80 02a59106o0045c       0   18.065918
59106.242745 19.841877      NaN    -6    14 c    0   0.99 229.74706 -3.19586  4682.81  3590.85 2.49 2.26  46.2 -0.398    19.37 20.88 02a59106o0068c       0   18.798335
59226.643707 20.207197      NaN     2    10 c    0   1.40 229.74706 -3.19586  1979.74  5156.55 2.32 2.23 -54.5 -0.417    19.59 21.24 02a59226o0970c       0   16.042986
59226.658505 20.071303      NaN     9     9 c    0   1.32 229.74706 -3.19586  1999.96  5195.37 2.30 2.27 -36.8 -0.414    19.60 21.19 02a59226o1002c       0   15.439475
59226.664952 19.631075      NaN    23    10 c    0   1.30 229.74706 -3.19586  1942.46  5117.99 2.29 2.26 -41.7 -0.412    19.46 20.91 02a59226o1016c       0   16.042986
59226.670978 19.510313      NaN    -5    19 c    0   0.88 229.74706 -3.19586  1923.33  5233.65 2.29 2.23 -43.3 -0.426    18.90 20.01 02a59226o1029c       0   22.767903
59228.621635 20.009244      NaN     8    10 c    0   1.44 229.74706 -3.19586  7029.96  9183.74 2.84 2.65 -12.7 -0.316    19.41 21.21 01a59228o0638c       0   16.042986
59228.624862 20.009244      NaN    11     9 c    0   1.18 229.74706 -3.19586  7010.90  9144.57 2.68 2.62 -45.0 -0.360    19.44 21.21 01a59228o0645c       0   15.439475
59228.632234 20.207197      NaN    -1    10 c    0   1.06 229.74706 -3.19586  7072.03  9222.90 2.58 2.50 -69.8 -0.327    19.50 21.22 01a59228o0661c       0   16.042986
59228.653295 20.103715      NaN     5    10 c    0   1.01 229.74706 -3.19586  7100.02  9106.27 2.90 2.51   3.0 -0.319    19.46 21.25 01a59228o0706c       0   16.042986
59230.618746 19.816329      NaN    15    10 c    0   1.00 229.74706 -3.19586  1980.15  5160.19 2.60 2.58  52.2 -0.393    19.49 21.33 02a59230o0910c       0   16.042986
59230.621950 20.207197      NaN    -1    10 c    0   1.41 229.74706 -3.19586  1998.39  5199.00 2.57 2.48  34.8 -0.397    19.53 21.34 02a59230o0917c       0   16.042986
59230.627458 20.071303      NaN     6    10 c    0   1.30 229.74706 -3.19586  1938.67  5121.25 2.69 2.40  32.4 -0.388    19.51 21.35 02a59230o0929c       0   16.042986
59230.639816 20.449472      NaN     0     8 c    0   1.23 229.74706 -3.19586  1918.01  5235.95 2.51 2.37  34.0 -0.394    19.62 21.38 02a59230o0956c       0   14.878756
59232.643425 20.137125      NaN     4    10 c    0   1.01 229.74706 -3.19586  6657.44  5500.78 2.74 2.38 -76.5 -0.405    19.59 21.38 01a59232o0789c       0   16.042986
59232.657709 20.321591      NaN    -8     9 c    0   1.42 229.74706 -3.19586  6637.83  5463.62 2.74 2.19 -86.5 -0.421    19.58 21.28 01a59232o0820c       0   15.439475
59232.663232 20.321591      NaN   -21     9 c    0   1.70 229.74706 -3.19586  6698.71  5541.00 2.75 2.41 -77.7 -0.401    19.43 20.94 01a59232o0832c       0   15.439475
59232.669239 19.510313      NaN    -2    19 c    0   1.14 229.74706 -3.19586  6716.48  5424.42 2.94 2.28 -87.6 -0.422    18.89 19.91 01a59232o0845c       0   22.767903
59256.630713 20.449472      NaN     0     8 c    0   1.26 229.74706 -3.19586  8694.94  7331.76 2.71 2.69 -13.3 -0.352    19.67 21.78 01a59256o0913c       0   14.878756
59256.636250 20.449472      NaN    -1     8 c    0   1.39 229.74706 -3.19586  8676.62  7293.71 2.79 2.76  22.6 -0.355    19.66 21.77 01a59256o0925c       0   14.878756
59256.658485 20.449472      NaN   -14     8 c    0   1.38 229.74706 -3.19586  8738.11  7368.28 2.58 2.54  37.3 -0.365    19.68 21.53 01a59256o0973c       0   14.878756
59256.667396 19.631075      NaN    -1    17 c    0   1.07 229.74706 -3.19586  8756.75  7250.76 2.65 2.59  69.7 -0.358    18.99 20.03 01a59256o0992c       0   21.127645
59258.562667 19.302877      NaN    35    12 c    0   1.03 229.74706 -3.19586  4115.22  8933.91 2.84 2.77  45.8 -0.374    19.49 21.47 02a59258o0748c       0   17.360224
59258.565874 20.103715      NaN     2    11 c    0   1.24 229.74706 -3.19586  4134.40  8972.35 2.76 2.74  36.5 -0.385    19.52 21.48 02a59258o0755c       0   16.684645
59258.571384 20.207197      NaN   -15    10 c    0   1.14 229.74706 -3.19586  4075.70  8894.62 2.77 2.75  52.2 -0.374    19.52 21.49 02a59258o0767c       0   16.042986
59258.583750 20.009244      NaN    -7    12 c    0   1.10 229.74706 -3.19586  4056.28  9011.92 3.01 2.93 -88.5 -0.382    19.47 21.52 02a59258o0794c       0   17.360224
59260.577147 20.321591      NaN     0     9 c    0   1.24 229.74706 -3.19586  8691.95  7331.68 2.90 2.68  -0.1 -0.341    19.62 21.70 01a59260o0691c       0   15.439475
59260.583641 20.449472      NaN     5     7 c    0   1.29 229.74706 -3.19586  8671.97  7294.21 2.57 2.56  18.9 -0.358    19.74 21.71 01a59260o0705c       0   14.365841
59260.591955 20.449472      NaN    -7     8 c    0   1.45 229.74706 -3.19586  8730.99  7371.20 2.56 2.52 -83.1 -0.363    19.72 21.72 01a59260o0723c       0   14.878756
59260.595180 20.321591      NaN    -1     9 c    0   0.94 229.74706 -3.19586  8750.54  7254.16 2.61 2.58  38.1 -0.360    19.72 21.72 01a59260o0730c       0   15.439475
59262.597244 20.594452      NaN   -10     7 c    0   2.28 229.74706 -3.19586  4114.69  8935.46 2.42 2.38  28.7 -0.393    19.71 21.55 02a59262o0831c       0   14.365841
59262.600452 20.103715      NaN   -15    11 c    0   1.13 229.74706 -3.19586  4137.63  8973.36 2.41 2.37  10.2 -0.397    19.73 21.55 02a59262o0838c       0   16.684645
59262.607812 20.321591      NaN   -14     9 c    0   1.42 229.74706 -3.19586  4078.01  8897.00 2.43 2.39  41.7 -0.392    19.71 21.59 02a59262o0854c       0   15.439475
59262.617779 20.207197      NaN    -6    10 c    0   1.49 229.74706 -3.19586  4061.13  9012.83 2.50 2.48  50.1 -0.396    19.70 21.57 02a59262o0875c       0   16.042986
59312.456062 20.594452      NaN   -14     7 c    0   1.66 229.74706 -3.19586 10339.28  1394.04 2.70 2.40 -68.4 -0.345    19.98 21.75 01a59312o0513c       0   14.365841
59312.456982 20.594452      NaN    -4     7 c    0   1.27 229.74706 -3.19586   188.43  1414.33 2.44 2.15  52.9 -0.432    19.92 21.77 01a59312o0515c       0   14.365841
59312.461137 20.321591      NaN    -2     9 c    0   0.88 229.74706 -3.19586   167.88  1376.92 2.37 2.16  56.1 -0.416    19.94 21.77 01a59312o0524c       0   15.439475
59312.461598 20.207197      NaN     1    10 c    0   1.00 229.74706 -3.19586 10318.65  1356.98 2.93 2.65 -68.4 -0.341    19.85 21.75 01a59312o0525c       0   16.042986
59312.467607 20.321591      NaN   -22     9 c    0   1.35 229.74706 -3.19586 10378.41  1433.86 2.70 2.46 -59.4 -0.344    19.96 21.73 01a59312o0538c       0   15.439475
59312.468079 20.761819      NaN     1     6 c    0   1.88 229.74706 -3.19586   228.92  1456.62 2.35 2.18  50.4 -0.426    19.93 21.74 01a59312o0539c       0   13.906020
59312.478225 20.449472      NaN   -14     8 c    0   0.91 229.74706 -3.19586   245.96  1340.25 2.38 2.20  44.2 -0.419    19.91 21.73 01a59312o0561c       0   14.878756
59312.478686 19.894850      NaN    12    10 c    0   0.91 229.74706 -3.19586 10397.89  1315.21 2.85 2.58 -58.0 -0.341    19.89 21.71 01a59312o0562c       0   16.042986
59316.578114 20.321591      NaN    11     6 c    0   2.54 229.74706 -3.19586   245.49  9210.72 2.30 2.05 -63.7 -0.414    19.94 21.58 01a59316o0035c       0   13.906020
59316.582771 20.449472      NaN    -4     8 c    0   1.05 229.74706 -3.19586   265.94  9249.46 2.41 2.13 -66.1 -0.416    19.91 21.59 01a59316o0045c       0   14.878756
59316.583232 20.405150      NaN     3     8 c    0   1.35 229.74706 -3.19586 10397.36  9126.99 2.59 2.21  72.4 -0.363    19.92 21.55 01a59316o0046c       0   14.878756
59316.586461 20.405150      NaN     3     8 c    0   1.22 229.74706 -3.19586 10417.70  9166.29 2.60 2.17  74.6 -0.371    19.93 21.52 01a59316o0053c       0   14.878756
59316.589682 20.282105      NaN     3     9 c    0   0.88 229.74706 -3.19586   207.17  9171.25 2.31 2.03 -62.2 -0.417    19.94 21.56 01a59316o0060c       0   15.439475
59316.592446 20.207197      NaN     8     8 c    0   1.22 229.74706 -3.19586 10358.32  9086.77 2.63 2.25  71.9 -0.368    19.89 21.54 01a59316o0066c       0   14.878756
59316.605694 20.449472      NaN    -7     8 c    0   1.56 229.74706 -3.19586   187.22  9286.01 2.37 2.12 -65.8 -0.432    19.89 21.55 01a59316o0094c       0   14.878756
59316.606155 19.922338      NaN    11    10 c    0   0.90 229.74706 -3.19586 10337.40  9204.37 2.75 2.27  75.0 -0.362    19.85 21.51 01a59316o0095c       0   16.042986
59324.518249 20.244005      NaN    13     6 c    0   2.12 229.74706 -3.19586  1967.52  5212.07 2.22 2.16 -83.6 -0.402    19.94 21.64 01a59324o0540c       0   13.906020
59324.553484 19.841877      NaN    20     8 c    0   1.21 229.74706 -3.19586  1995.19  5244.91 2.31 2.17 -77.0 -0.401    19.88 21.57 01a59324o0615c       0   14.878756
59324.556815 19.868040      NaN    22     7 c    0   1.39 229.74706 -3.19586  1936.59  5167.33 2.39 2.26 -82.7 -0.397    19.83 21.58 01a59324o0622c       0   14.365841
59324.585036 16.591890 0.018139   840    14 c    0 212.51 229.74706 -3.19586  1924.05  5279.50 2.29 2.23 -79.7 -0.395    19.84 21.52 01a59324o0682c    4096   18.798335
59338.459057 20.103715      NaN     2    11 c    0   1.00 229.74706 -3.19586  6640.54  5500.46 2.53 2.28  41.3 -0.400    19.46 21.18 02a59338o0423c       0   16.684645
59338.473185 19.696897      NaN    20    10 c    0   1.15 229.74706 -3.19586  6622.61  5464.60 2.58 2.31  43.4 -0.399    19.58 21.27 02a59338o0453c       0   16.042986
59338.476388 19.589310      NaN    25    10 c    0   0.93 229.74706 -3.19586  6680.67  5542.14 2.55 2.31  43.8 -0.400    19.60 21.25 02a59338o0460c       0   16.042986
59338.484534 20.207197      NaN    -1    10 c    0   1.60 229.74706 -3.19586  6698.71  5426.53 2.57 2.29  47.0 -0.398    19.41 21.04 02a59338o0477c       0   16.042986
59346.397656 20.039830 0.310210    37    10 c    0   1.00 229.74706 -3.19586  2193.62  9036.28 2.43 2.13 -50.3 -0.431    19.71 21.55 02a59346o0364c       0   16.042986
59346.400867 19.816329      NaN    15    10 c    0   1.16 229.74706 -3.19586  2213.53  9075.03 2.45 2.15 -52.7 -0.422    19.74 21.54 02a59346o0371c       0   16.042986
59346.403612 20.207197 0.361912    32    10 c    0   1.28 229.74706 -3.19586  2155.18  8995.60 2.45 2.17 -46.8 -0.420    19.70 21.54 02a59346o0377c       0   16.042986
59346.437478 19.510313      NaN    29    10 c    0   1.22 229.74706 -3.19586  8451.58  1439.78 2.45 2.24 -64.9 -0.430    19.73 21.58 02a59346o0450c       0   16.042986
59350.395869 19.719755      NaN    16    11 c    0   1.06 229.74706 -3.19586  2151.79  9000.17 2.64 2.54 -20.6 -0.400    19.54 21.46 02a59350o0207c       0   16.684645
59350.399820 19.868040 0.291295    43    11 c    0   1.53 229.74706 -3.19586  2209.24  9075.98 2.53 2.47 -49.7 -0.401    19.59 21.46 02a59350o0215c       0   16.684645
59350.409705 19.419021      NaN    31    11 c    0   1.30 229.74706 -3.19586  2152.62  8998.73 2.62 2.37 -51.4 -0.409    19.61 21.44 02a59350o0234c       0   16.684645
59350.427558 19.950541      NaN    10    10 c    0   1.20 229.74706 -3.19586  8451.49  1436.51 2.55 2.34 -60.0 -0.396    19.60 21.47 02a59350o0272c       0   16.042986
59372.370375 20.321591 0.321700    29     8 c    0   1.39 229.74706 -3.19586  8427.61  9227.76 2.43 2.38 -76.7 -0.339    19.91 21.79 01a59372o0290c       0   14.878756
59372.375483 19.979496      NaN    18     7 c    0   1.74 229.74706 -3.19586  8448.95  9266.68 2.43 2.36 -78.6 -0.344    19.91 21.78 01a59372o0301c       0   14.365841
59372.379183 20.405150 0.347436    27     8 c    0   1.20 229.74706 -3.19586  8390.05  9188.24 2.41 2.37 -53.7 -0.343    19.91 21.78 01a59372o0309c       0   14.878756
59372.399376 20.009244 0.241275    38     8 c    0   1.01 229.74706 -3.19586  8377.32  9300.14 2.39 2.36   1.2 -0.351    19.91 21.75 01a59372o0352c       0   14.878756
59376.374016 19.868040      NaN    19     8 c    0   1.26 229.74706 -3.19586  1549.11  1523.06 2.30 2.12  15.5 -0.416    19.90 21.70 01a59376o0296c       0   14.878756
59376.379554 20.207197 0.289530    32     8 c    0   1.69 229.74706 -3.19586  1570.51  1560.66 2.23 2.11  27.2 -0.418    19.90 21.70 01a59376o0308c       0   14.878756
59376.401655 20.282105 0.271434    30     7 c    0   1.50 229.74706 -3.19586  1515.56  1475.44 2.30 2.16  24.1 -0.413    19.89 21.72 01a59376o0355c       0   14.365841
59376.404887 20.495680 0.330441    25     7 c    0   1.49 229.74706 -3.19586  1497.53  1592.59 2.33 2.23  40.9 -0.407    19.88 21.72 01a59376o0362c       0   14.365841
59380.396914 20.405150 0.347436    27     8 c    0   1.37 229.74706 -3.19586  1553.66  1512.65 2.45 2.35  45.9 -0.400    19.80 21.64 01a59380o0340c       0   14.878756
59380.400140 19.816329      NaN    18     9 c    0   1.15 229.74706 -3.19586  1573.81  1550.92 2.50 2.44  55.2 -0.404    19.69 21.58 01a59380o0347c       0   15.439475
59380.406159 20.282105 0.310210    30     8 c    0   1.27 229.74706 -3.19586  1512.76  1471.75 2.33 2.22  49.8 -0.412    19.84 21.63 01a59380o0360c       0   14.878756
59380.441029 20.103715 0.263209    35     8 c    0   1.31 229.74706 -3.19586  1502.53  1584.62 2.34 2.22  54.2 -0.415    19.74 21.46 01a59380o0434c       0   14.878756
59402.340415 19.922338 0.306233    41    11 c    0   1.17 229.74706 -3.19586  5072.53  9282.07 2.44 2.36 -75.7 -0.413    19.71 21.46 02a59402o0213c       0   16.684645
59402.343622 19.979496      NaN     6    11 c    0   0.97 229.74706 -3.19586  5054.83  9243.09 2.45 2.34 -64.7 -0.423    19.70 21.46 02a59402o0220c       0   16.684645
59402.349146 19.816329      NaN    15    10 c    0   1.40 229.74706 -3.19586  5114.16  9322.86 2.47 2.36 -67.5 -0.417    19.70 21.45 02a59402o0232c       0   16.042986
59402.359237 20.137125 0.339293    34    10 c    0   0.92 229.74706 -3.19586  5134.22  9205.95 2.46 2.37 -71.9 -0.413    19.66 21.46 02a59402o0254c       0   16.042986
59406.298559 20.103715      NaN     0    11 c    0   1.00 229.74706 -3.19586  5080.01  9279.77 2.48 2.39 -53.5 -0.416    19.73 21.59 02a59406o0120c       0   16.684645
59406.301761 19.510313      NaN    29    10 c    0   1.53 229.74706 -3.19586  5060.84  9241.36 2.51 2.40 -52.3 -0.414    19.70 21.59 02a59406o0127c       0   16.042986
59406.307816 20.009244 0.331753    38    11 c    0   1.19 229.74706 -3.19586  5120.29  9320.18 2.54 2.46 -71.1 -0.412    19.72 21.59 02a59406o0140c       0   16.684645
59406.321239 19.719755      NaN    19    10 c    0   1.31 229.74706 -3.19586  5139.99  9204.66 2.56 2.48 -59.8 -0.404    19.62 21.52 02a59406o0169c       0   16.042986
59424.337784 19.631075      NaN    26     9 c    0   1.09 229.74706 -3.19586  3508.12  1387.31 2.54 2.54 -36.6 -0.372    19.67 21.63 01a59424o0221c       0   15.439475
59424.342915 19.743105      NaN    24     8 c    0   1.62 229.74706 -3.19586  3529.55  1424.53 2.60 2.58  49.5 -0.380    19.58 21.57 01a59424o0232c       0   14.878756
59424.358572 20.244005      NaN     7     8 c    0   1.44 229.74706 -3.19586  3472.78  1347.55 2.74 2.70  15.8 -0.360    19.55 21.44 01a59424o0266c       0   14.878756
59424.363662 20.207197      NaN   -15    10 c    0   1.20 229.74706 -3.19586  3455.71  1464.67 2.62 2.58  20.0 -0.371    19.53 21.25 01a59424o0277c       0   16.042986
59428.302045 20.321591 0.321700    29     8 c    0   1.49 229.74706 -3.19586  3510.55  1392.02 2.43 2.37  82.7 -0.406    19.63 21.40 01a59428o0149c       0   14.878756
59428.305269 19.674510      NaN    21    10 c    0   1.05 229.74706 -3.19586  3529.73  1430.77 2.41 2.33  81.1 -0.418    19.71 21.42 01a59428o0156c       0   16.042986
59428.310822 19.816329      NaN    12    11 c    0   0.74 229.74706 -3.19586  3471.06  1352.94 2.52 2.45  78.7 -0.407    19.63 21.44 01a59428o0168c       0   16.684645
59428.321886 20.071303      NaN    12     8 c    0   1.19 229.74706 -3.19586  3450.28  1469.41 2.36 2.31 -82.4 -0.409    19.74 21.43 01a59428o0192c       0   14.878756
59432.285112 20.321591      NaN     8     7 c    0   1.33 229.74706 -3.19586  3917.52  5070.64 2.31 2.06 -84.2 -0.395    19.83 21.59 01a59432o0115c       0   14.365841
59432.288356 20.009244      NaN    17     7 c    0   1.74 229.74706 -3.19586  3936.52  5109.94 2.25 2.00 -86.9 -0.402    19.85 21.58 01a59432o0122c       0   14.365841
59432.293881 20.009244      NaN    14     8 c    0   1.28 229.74706 -3.19586  3878.71  5032.84 2.32 2.06 -84.8 -0.393    19.79 21.57 01a59432o0134c       0   14.878756
59432.304075 19.766969      NaN    20     9 c    0   1.28 229.74706 -3.19586  3859.97  5147.67 2.72 2.42 -82.1 -0.375    19.63 21.55 01a59432o0156c       0   15.439475
59436.260578 20.321591      NaN     2     9 c    0   1.02 229.74706 -3.19586  3912.91  5067.89 2.11 1.99  84.2 -0.397    19.87 21.41 01a59436o0047c       0   15.439475
59436.263800 20.321591      NaN     5     8 c    0   1.40 229.74706 -3.19586  3932.97  5107.20 2.18 1.94  89.0 -0.408    19.86 21.44 01a59436o0054c       0   14.878756
59436.270255 20.449472      NaN     2     8 c    0   1.93 229.74706 -3.19586  3875.61  5029.78 2.25 1.98  89.6 -0.413    19.86 21.47 01a59436o0068c       0   14.878756
59436.282244 19.979496      NaN    12     9 c    0   1.26 229.74706 -3.19586  3856.23  5146.66 2.28 1.97 -85.2 -0.416    19.84 21.56 01a59436o0094c       0   15.439475
59454.232131 19.051202 0.361912    89    29 c    0   1.88 229.74706 -3.19586  6757.29  7438.43 2.48 2.35  57.6 -0.403    18.38 19.42 02a59454o0019c       0   31.597111
59454.235357 19.569016      NaN    -6    18 c    0   1.37 229.74706 -3.19586  6739.51  7400.22 2.48 2.34  55.3 -0.404    18.96 20.09 02a59454o0026c       0   21.940314
59454.241325 20.009244      NaN     1    12 c    0   1.23 229.74706 -3.19586  6798.30  7478.72 2.48 2.39  75.8 -0.406    19.43 20.85 02a59454o0039c       0   17.360224
59454.251419 19.766969      NaN    11    12 c    0   1.05 229.74706 -3.19586  6817.07  7362.63 2.49 2.41  78.8 -0.409    19.47 21.04 02a59454o0061c       0   17.360224
59458.236036 17.909502      NaN   -18    83 c    0   1.08 229.74706 -3.19586  6467.76  1631.31 2.32 2.10 -63.4 -0.413    16.36 17.59 02a59458o0035c       2   83.942703
59458.239708 19.256669      NaN    -1    24 c    0   1.30 229.74706 -3.19586  6448.67  1592.04 2.36 2.14 -64.4 -0.401    18.43 19.71 02a59458o0043c       0   27.080941
59458.245207 19.351140      NaN   -12    22 c    0   1.09 229.74706 -3.19586  6506.87  1670.00 2.40 2.11 -59.4 -0.404    18.66 20.00 02a59458o0055c       0   25.325430
59458.255773 19.051202      NaN   -28    29 c    0   0.98 229.74706 -3.19586  6526.53  1553.36 2.44 2.10 -57.6 -0.404    18.58 19.98 02a59458o0078c       0   31.597111
59586.645285 19.743105      NaN     6    14 c    0   0.99 229.74706 -3.19586  4011.65  6988.97 2.61 2.37  35.3 -0.392    19.36 21.07 02a59586o0937c       0   18.798335
59586.650783 20.009244      NaN    -5    12 c    0   1.02 229.74706 -3.19586  4029.24  7028.01 2.64 2.32  34.6 -0.389    19.40 21.07 02a59586o0949c       0   17.360224
59586.668035 19.510313      NaN    11    16 c    0   1.55 229.74706 -3.19586  3974.11  6950.49 2.50 2.35  34.7 -0.393    19.02 20.18 02a59586o0986c       0   20.331684
59586.672152 19.026525      NaN     7    28 c    0   1.13 229.74706 -3.19586  3953.66  7065.96 2.46 2.30  32.8 -0.399    18.52 19.31 02a59586o0995c       0   30.681874
59640.607331 20.039830      NaN     7    10 c    0   1.29 229.74706 -3.19586  2096.33  7101.31 2.35 2.28 -12.7 -0.428    19.62 21.62 02a59640o0792c       0   16.042986
59640.611333 20.207197      NaN    -3    10 c    0   1.05 229.74706 -3.19586  2114.82  7143.12 2.33 2.27 -34.7 -0.427    19.63 21.60 02a59640o0800c       0   16.042986
59640.617629 19.766969      NaN    14    11 c    0   0.95 229.74706 -3.19586  2057.63  7062.42 2.28 2.20  -7.3 -0.433    19.64 21.59 02a59640o0813c       0   16.684645
59640.632314 19.791368      NaN    19     9 c    0   1.23 229.74706 -3.19586  8545.21  3373.74 2.47 2.42  60.6 -0.404    19.56 21.53 02a59640o0841c       0   15.439475
59643.362391 19.950541      NaN    10    10 c    0   1.32 229.74706 -3.19586   554.44  7230.64 2.40 2.00 -82.4 -0.369    19.43 21.41 04a59643o0789c       0   16.042986
59643.363750 19.922338      NaN   -38    13 c    0   0.76 229.74706 -3.19586   535.84  7191.44 2.45 2.07 -82.6 -0.367    19.25 21.31 04a59643o0792c       0   18.065918
59643.372760 19.454622      NaN    -3    20 c    0   0.78 229.74706 -3.19586  9999.14  3337.64 2.83 2.10 -17.9 -0.370    18.93 20.88 04a59643o0811c       0   23.608841
59643.375952 20.207197      NaN     1    10 c    0   1.69 229.74706 -3.19586  9980.71  3450.31 2.78 2.12 -14.7 -0.377    19.27 21.34 04a59643o0818c       0   16.042986
59644.627588 19.631075      NaN    -6    17 c    0   0.80 229.74706 -3.19586   317.59  3346.73 2.29 2.01  20.0 -0.451    18.90 21.69 02a59644o0756c       0   21.127645
59644.630580 18.990530      NaN    46    16 c    0   1.38 229.74706 -3.19586   297.46  3307.12 2.29 2.00  17.8 -0.441    18.95 21.71 02a59644o0762c       0   20.331684
59644.637553 19.696897      NaN    -7    16 c    0   0.98 229.74706 -3.19586   357.65  3386.13 2.25 2.00  20.1 -0.451    18.96 21.66 02a59644o0776c       0   20.331684
59644.647589 19.256669      NaN    29    15 c    0   1.33 229.74706 -3.19586   376.00  3268.77 2.23 1.98  23.3 -0.459    18.92 21.66 02a59644o0795c       0   19.554472
59648.564376 20.103715      NaN     5    10 c    0   1.04 229.74706 -3.19586   133.76  7213.29 2.47 2.20 -41.8 -0.382    19.65 21.54 02a59648o0707c       0   16.042986
59648.593196 20.207197      NaN     5     9 c    0   1.07 229.74706 -3.19586   155.57  7250.13 2.63 2.26 -50.3 -0.394    19.62 21.57 02a59648o0768c       0   15.439475
59648.596876 20.321591      NaN    -8     9 c    0   1.51 229.74706 -3.19586    97.86  7173.69 2.47 2.17 -45.1 -0.397    19.69 21.57 02a59648o0776c       0   15.439475
59648.602370 19.979496      NaN     9    10 c    0   1.79 229.74706 -3.19586    79.24  7289.65 2.50 2.23 -44.5 -0.385    19.66 21.57 02a59648o0788c       0   16.042986
59651.328219 19.719755      NaN    19    10 c    0   1.49 229.74706 -3.19586   206.08  1410.36 2.85 1.79  43.5 -0.392    19.61 21.52 04a59651o0606c       0   16.042986
59651.334963 20.207197      NaN     2    10 c    0   1.30 229.74706 -3.19586   188.45  1371.95 2.73 1.87  40.8 -0.403    19.63 21.52 04a59651o0620c       0   16.042986
59651.336817 19.979496      NaN    12     9 c    0   2.08 229.74706 -3.19586   254.17  1447.55 2.94 1.81  42.1 -0.395    19.63 21.54 04a59651o0624c       0   15.439475
59651.342128 19.472870      NaN    25    12 c    0   1.19 229.74706 -3.19586   274.45  1328.67 3.35 1.80  44.9 -0.363    19.66 21.55 04a59651o0634c       0   17.360224
59651.342578 20.009244      NaN     2    12 c    0   0.92 229.74706 -3.19586 10355.25  1379.01 2.95 2.18 -23.0 -0.380    19.63 21.57 04a59651o0635c       0   17.360224
59651.344440 19.868040      NaN    10    11 c    0   1.36 229.74706 -3.19586 10335.65  1340.01 2.80 2.34 -15.9 -0.382    19.62 21.54 04a59651o0639c       0   16.684645
59651.347817 20.103715      NaN     5    10 c    0   1.60 229.74706 -3.19586 10395.55  1417.08 2.93 2.26 -17.9 -0.378    19.61 21.55 04a59651o0646c       0   16.042986
59651.360783 20.103715      NaN   -16    11 c    0   1.19 229.74706 -3.19586 10426.28  1296.65 2.90 2.41 -17.6 -0.376    19.62 21.58 04a59651o0674c       0   16.684645
59668.581710 18.550302      NaN    11    43 c    0   1.16 229.74706 -3.19586  2377.64  5202.31 2.89 2.51  36.8 -0.385    17.83 19.95 02a59668o0631c       0   44.792604
59668.589045 19.128787      NaN     2    27 c    0   1.08 229.74706 -3.19586  2356.31  5161.78 2.79 2.45  38.3 -0.388    18.50 20.60 02a59668o0647c       0   29.772091
59668.593622 19.549093      NaN    18    13 c    0   1.33 229.74706 -3.19586  2415.39  5239.99 2.74 2.38  39.4 -0.400    19.26 21.41 02a59668o0657c       0   18.065918
59669.055462 17.546052      NaN    -1   116 c    0   0.85 229.74706 -3.19586  5544.75  1307.99 2.50 2.23 -52.5 -0.408    17.04 18.65 03a59669o0742c       2  116.676379
59669.058202 18.944322      NaN   -11    32 c    0   1.04 229.74706 -3.19586  5561.41  1348.26 2.52 2.21 -52.6 -0.402    18.50 20.13 03a59669o0748c       0   34.371171
59669.093533 18.311179      NaN    36    46 c    0   1.08 229.74706 -3.19586  5491.78  1274.75 2.51 2.28 -55.6 -0.397    18.21 19.71 03a59669o0824c       0   47.679947
59669.122392 19.841877      NaN     5    13 c    0   1.08 229.74706 -3.19586  5464.76  1394.76 2.49 2.29 -50.9 -0.392    19.36 20.94 03a59669o0886c       0   18.065918
59673.001552 19.950541      NaN     7    11 c    0   0.88 229.74706 -3.19586   486.02  7125.04 2.76 2.49 -17.8 -0.384    19.57 21.38 03a59673o0631c       0   16.684645
59673.003374 20.103715      NaN     5    10 c    0   1.13 229.74706 -3.19586   466.55  7086.19 2.55 2.25 -18.9 -0.389    19.63 21.38 03a59673o0635c       0   16.042986
59673.007472 20.207197      NaN     0    10 c    0   1.26 229.74706 -3.19586   522.80  7164.65 2.75 2.37 -22.9 -0.386    19.54 21.36 03a59673o0644c       0   16.042986
59673.017999 20.207197      NaN    -4    10 c    0   1.23 229.74706 -3.19586   543.13  7052.09 2.71 2.40 -19.1 -0.387    19.55 21.30 03a59673o0667c       0   16.042986
59676.551331 20.039830      NaN     4    11 c    0   1.79 229.74706 -3.19586  2162.50  1314.40 2.46 2.32  63.8 -0.450    19.50 21.64 02a59676o0666c       0   16.684645
59676.554547 20.103715      NaN   -16    11 c    0   1.01 229.74706 -3.19586  2142.68  1275.43 2.41 2.31 -87.8 -0.456    19.55 21.63 02a59676o0673c       0   16.684645
59676.560957 20.137125      NaN     4    10 c    0   1.08 229.74706 -3.19586  2202.86  1357.08 2.36 2.25  83.6 -0.448    19.57 21.63 02a59676o0687c       0   16.042986
59676.571066 20.103715      NaN    -8    11 c    0   0.95 229.74706 -3.19586  2222.25  1238.69 2.44 2.32  78.0 -0.445    19.52 21.61 02a59676o0709c       0   16.684645
59676.636107 19.302877      NaN    26    15 c    0   1.17 229.74706 -3.19586  2185.44  1297.82 2.38 2.26  87.7 -0.445    19.02 20.78 02a59676o0848c       0   19.554472
59680.476644 18.944322      NaN   -67    32 c    0   1.14 229.74706 -3.19586  8433.65  9262.85 2.71 2.39  30.9 -0.397    18.55 20.19 02a59680o0538c       0   34.371171
59680.478472 18.944322      NaN   -29    32 c    0   1.20 229.74706 -3.19586  8453.02  9301.87 2.67 2.42  31.3 -0.394    18.55 20.20 02a59680o0542c       0   34.371171
59680.481250 18.978793      NaN   -39    31 c    0   1.00 229.74706 -3.19586  8393.84  9223.73 2.66 2.42  30.9 -0.403    18.62 20.23 02a59680o0548c       0   33.442150
59680.486818 19.212347      NaN   -14    25 c    0   1.21 229.74706 -3.19586  8375.39  9341.95 2.73 2.41  30.9 -0.396    18.73 20.40 02a59680o0560c       0   27.971010
59696.401344 20.009244      NaN     5    11 c    0   0.91 229.74706 -3.19586  5870.33  4981.68 2.69 2.25  34.0 -0.397    19.49 21.32 02a59696o0375c       0   16.684645
59696.406859 19.569016      NaN    20    12 c    0   0.87 229.74706 -3.19586  5893.22  5020.10 2.67 2.24  31.5 -0.423    19.46 21.30 02a59696o0387c       0   17.360224
59696.436152 19.922338      NaN    11    10 c    0   2.83 229.74706 -3.19586  5837.07  4943.17 2.67 2.22  28.8 -0.402    19.48 21.35 02a59696o0449c       0   16.042986
59696.440336 20.039830      NaN     4    11 c    0   1.12 229.74706 -3.19586  5821.22  5059.04 2.69 2.24  28.9 -0.402    19.48 21.36 02a59696o0458c       0   16.684645
59700.483482 19.841877      NaN    -5    14 c    0   1.08 229.74706 -3.19586  4806.34  7529.65 2.83 2.37  35.9 -0.386    19.23 20.73 02a59700o0553c       0   18.798335
59700.487349 19.038793      NaN    12    26 c    0   1.08 229.74706 -3.19586  4787.12  7491.35 2.79 2.36  38.8 -0.385    18.29 19.77 02a59700o0561c       0   28.868277
59700.514043 19.743105      NaN    12    12 c    0   1.75 229.74706 -3.19586  4842.25  7568.06 2.81 2.34  35.8 -0.386    19.43 20.95 02a59700o0618c       0   17.360224
59700.540884 19.631075      NaN     5    16 c    0   0.77 229.74706 -3.19586  4860.99  7455.16 2.83 2.40  38.3 -0.381    18.69 20.20 02a59700o0675c       0   20.331684
59724.393615 20.207197      NaN     1    10 c    0   0.81 229.74706 -3.19586   424.40  5306.16 2.36 2.28 -17.6 -0.422    19.65 21.30 02a59724o0342c       0   16.042986
59724.425436 20.244005      NaN     4     9 c    0   1.01 229.74706 -3.19586   398.22  5264.41 2.41 2.37 -32.2 -0.407    19.59 21.24 02a59724o0410c       0   15.439475
59724.428648 20.103715      NaN     5    10 c    0   1.11 229.74706 -3.19586   458.50  5343.77 2.44 2.34  17.4 -0.413    19.59 21.23 02a59724o0417c       0   16.042986
59724.430932 17.334149      NaN    14   137 c    0   0.05 229.74706 -3.19586 10522.37  5267.05 2.68 2.58  28.4 -0.417    19.54 21.23 02a59724o0422c       2  137.573171
59724.434139 19.569016      NaN    26    10 c    0   1.04 229.74706 -3.19586   479.65  5228.89 2.39 2.33  24.7 -0.414    19.58 21.23 02a59724o0429c       0   16.042986
59728.432637 18.410251      NaN    27    44 c    0   1.23 229.74706 -3.19586   478.55  5228.46 2.41 2.29  25.0 -0.404    17.87 19.29 02a59728o0422c    8192   45.753441
59728.435385 14.186456      NaN  1242  2147 c    0   0.05 229.74706 -3.19586 10525.05  5270.37 2.57 2.48  17.5 -0.434    17.19 18.61 02a59728o0428c       2 2147.036650
59732.379403 20.207197      NaN     2    10 c    0   1.16 229.74706 -3.19586  7026.52  9187.28 2.93 2.54  31.8 -0.389    19.60 21.30 02a59732o0307c       0   16.042986
59732.383098 20.009244      NaN   -28    12 c    0   0.79 229.74706 -3.19586  7007.65  9149.45 2.92 2.49  34.3 -0.389    19.58 21.30 02a59732o0315c       0   17.360224
59732.389637 20.207197      NaN    -9    10 c    0   1.38 229.74706 -3.19586  7065.95  9228.39 2.92 2.51  35.6 -0.390    19.57 21.28 02a59732o0329c       0   16.042986
59732.420486 20.103715      NaN    -8    11 c    0   1.04 229.74706 -3.19586  7080.52  9113.74 2.92 2.51  35.5 -0.387    19.56 21.24 02a59732o0395c       0   16.684645
59756.365639 20.449472      NaN     0     8 c    0   1.71 229.74706 -3.19586  4515.12  1722.97 2.56 2.44 -83.3 -0.413    19.59 21.45 02a59756o0206c       0   14.878756
59756.369898 20.449472      NaN   -13     8 c    0   1.68 229.74706 -3.19586  4495.70  1683.62 2.36 2.21 -78.4 -0.418    19.71 21.44 02a59756o0215c       0   14.878756
59756.377310 19.950541      NaN    10    10 c    0   1.07 229.74706 -3.19586  4553.70  1762.69 2.39 2.24 -79.1 -0.417    19.65 21.43 02a59756o0231c       0   16.042986
59756.391052 20.244005      NaN     4     9 c    0   1.25 229.74706 -3.19586  4574.50  1648.54 2.36 2.19 -70.2 -0.424    19.65 21.38 02a59756o0261c       0   15.439475
59760.323288 20.071303      NaN     6    10 c    0   1.27 229.74706 -3.19586  4517.48  1723.37 2.62 2.48 -71.1 -0.408    19.45 21.13 02a59760o0155c    8192   16.042986
59780.285083 19.674510      NaN    18    11 c    0   0.75 229.74706 -3.19586  2471.28  7145.94 2.43 2.42  48.3 -0.413    19.54 21.17 02a59780o0095c       0   16.684645
59780.295969 20.009244      NaN     1    12 c    0   0.69 229.74706 -3.19586  2453.57  7106.40 2.58 2.56  76.6 -0.414    19.49 21.17 02a59780o0119c       0   17.360224
59780.307322 19.979496      NaN     6    11 c    0   1.00 229.74706 -3.19586  2512.34  7185.30 2.42 2.37 -80.9 -0.417    19.55 21.17 02a59780o0144c       0   16.684645
59780.310494 20.103715      NaN    -4    11 c    0   1.09 229.74706 -3.19586  2532.69  7069.30 2.50 2.48  77.8 -0.409    19.53 21.18 02a59780o0151c       0   16.684645
59784.265319 20.171596      NaN     3    10 c    0   1.20 229.74706 -3.19586  2480.16  7149.67 2.38 2.33  48.4 -0.422    19.62 21.14 02a59784o0052c       0   16.042986
59784.272584 19.922338      NaN     5    12 c    0   1.01 229.74706 -3.19586  2458.57  7108.13 2.36 2.35  59.0 -0.422    19.59 21.18 02a59784o0068c       0   17.360224
59784.276202 20.207197      NaN     0    10 c    0   1.21 229.74706 -3.19586  2517.45  7187.53 2.38 2.33 -72.6 -0.425    19.61 21.18 02a59784o0076c       0   16.042986
59784.288231 20.009244      NaN   -12    12 c    0   0.95 229.74706 -3.19586  2536.89  7071.48 2.39 2.30 -75.1 -0.428    19.58 21.16 02a59784o0102c       0   17.360224
59784.784756 20.321591      NaN    -6     9 c    0   0.95 229.74706 -3.19586 10045.86  5363.42 2.56 2.42 -55.2 -0.376    19.71 21.78 03a59785o0139c       0   15.439475
59784.787472 20.207197      NaN     8     8 c    0   1.08 229.74706 -3.19586 10064.10  5402.71 2.54 2.41 -44.0 -0.381    19.79 21.80 03a59785o0145c       0   14.878756
59784.793513 20.449472      NaN    -7     8 c    0   1.37 229.74706 -3.19586 10006.19  5324.34 2.51 2.35 -49.0 -0.383    19.79 21.78 03a59785o0158c       0   14.878756
59784.810796 20.321591      NaN    -2     9 c    0   1.19 229.74706 -3.19586  9979.91  5441.03 2.59 2.39 -50.7 -0.379    19.74 21.78 03a59785o0196c       0   15.439475
59788.262594 20.321591      NaN    -7     9 c    0   1.17 229.74706 -3.19586  6557.05  3570.28 2.37 2.28  55.6 -0.409    19.59 21.18 02a59788o0050c       0   15.439475
59788.265758 20.321591      NaN     0     9 c    0   1.10 229.74706 -3.19586  6538.01  3532.86 2.33 2.25  73.3 -0.415    19.62 21.23 02a59788o0057c       0   15.439475
59788.283577 20.207197      NaN    -1    10 c    0   0.91 229.74706 -3.19586  6595.57  3609.69 2.40 2.31  74.0 -0.407    19.62 21.27 02a59788o0096c       0   16.042986
59788.289464 20.207197      NaN    -6    10 c    0   1.11 229.74706 -3.19586  6615.49  3496.33 2.40 2.29 -81.9 -0.404    19.61 21.29 02a59788o0109c       0   16.042986
59788.770170 20.449472      NaN     0     8 c    0   1.23 229.74706 -3.19586 10042.29  5363.15 2.67 2.35 -54.6 -0.374    19.73 21.78 03a59789o0143c       0   14.878756
59788.773095 20.449472      NaN    -2     8 c    0   1.58 229.74706 -3.19586 10060.52  5402.71 2.69 2.37 -51.8 -0.376    19.69 21.75 03a59789o0149c       0   14.878756
59788.778861 20.449472      NaN     5     7 c    0   1.81 229.74706 -3.19586 10001.84  5324.28 2.63 2.34 -53.3 -0.374    19.74 21.77 03a59789o0161c       0   14.365841
59788.789250 20.039830      NaN    13     8 c    0   1.49 229.74706 -3.19586  9978.02  5440.51 2.77 2.38 -56.5 -0.376    19.64 21.70 03a59789o0183c       0   14.878756
59791.024185 20.103715      NaN    -5    11 c    0   1.19 229.74706 -3.19586  6083.19  8839.72 3.27 3.06 -56.9 -0.314    19.34 21.60 04a59791o0163c       0   16.684645
59791.027357 19.529530      NaN    22    12 c    0   1.08 229.74706 -3.19586  6103.59  8876.15 3.21 2.98 -66.1 -0.325    19.34 21.62 04a59791o0170c       0   17.360224
59791.032856 19.979496      NaN     6    11 c    0   0.87 229.74706 -3.19586  6047.07  8794.73 3.01 2.80 -74.4 -0.340    19.46 21.64 04a59791o0182c       0   16.684645
59791.043726 20.321591      NaN    -3     9 c    0   1.63 229.74706 -3.19586  6030.39  8904.45 3.00 2.69 -70.5 -0.341    19.46 21.66 04a59791o0206c       0   15.439475
59792.271384 20.207197      NaN    -2    10 c    0   1.17 229.74706 -3.19586  6556.15  3569.67 2.80 2.47  35.2 -0.399    19.46 21.08 02a59792o0016c       0   16.042986
59792.274551 19.979496      NaN    12     9 c    0   1.43 229.74706 -3.19586  6537.43  3532.16 2.73 2.44  36.9 -0.402    19.48 21.09 02a59792o0023c       0   15.439475
59792.279981 20.207197      NaN     2    10 c    0   1.23 229.74706 -3.19586  6596.52  3609.93 2.80 2.51  36.4 -0.394    19.44 21.10 02a59792o0035c       0   16.042986
59792.291741 20.009244      NaN    -2    12 c    0   0.87 229.74706 -3.19586  6617.49  3494.50 2.93 2.64  33.7 -0.390    19.41 21.11 02a59792o0061c       0   17.360224
59792.806784 19.128787      NaN    17    22 c    0   0.67 229.74706 -3.19586  3542.33  1346.48 2.35 2.28 -30.3 -0.387    18.99 20.70 03a59793o0099c       0   25.325430
59792.810388 19.922338      NaN   -17    13 c    0   1.37 229.74706 -3.19586  3561.09  1386.71 2.36 2.30 -30.6 -0.387    19.12 20.85 03a59793o0107c       0   18.065918
59792.816723 18.261819      NaN    56    42 c    0   1.02 229.74706 -3.19586  3504.82  1307.80 2.38 2.31 -27.0 -0.382    18.16 19.91 03a59793o0121c       0   43.833519
59792.826707 18.481707      NaN     5    48 c    0   1.15 229.74706 -3.19586  3484.01  1424.80 2.34 2.28 -36.6 -0.389    17.99 19.76 03a59793o0143c       0   49.612271
59808.244044 19.569016      NaN   -12    18 c    0   1.64 229.74706 -3.19586  5088.75  9285.52 2.49 2.40  65.0 -0.411    19.03 20.18 02a59808o0006c       0   21.940314
59808.247210 19.816329      NaN     3    14 c    0   1.45 229.74706 -3.19586  5068.62  9246.75 2.49 2.41  87.4 -0.415    19.24 20.58 02a59808o0013c       0   18.798335
59808.256765 19.766969      NaN    -8    15 c    0   0.96 229.74706 -3.19586  5128.16  9328.01 2.55 2.47 -83.1 -0.420    19.43 20.94 02a59808o0034c       0   19.554472
59808.267194 19.766969      NaN   -12    15 c    0   0.85 229.74706 -3.19586  5148.55  9211.04 2.59 2.48 -59.4 -0.422    19.37 20.98 02a59808o0057c       0   19.554472
59810.975853 19.609992      NaN     6    16 c    0   0.82 229.74706 -3.19586  8114.55  3411.50 2.89 2.13 -17.7 -0.370    19.10 20.58 04a59811o0036c       0   20.331684
59810.979009 19.922338      NaN   -10    13 c    0   1.27 229.74706 -3.19586  8135.54  3449.01 2.97 2.19 -17.9 -0.376    19.19 20.90 04a59811o0043c       0   18.065918
59810.984518 20.009244      NaN   -21    12 c    0   1.46 229.74706 -3.19586  8078.71  3368.35 2.93 2.18 -18.2 -0.376    19.31 21.08 04a59811o0055c       0   17.360224
59810.999104 20.321591      NaN  -349     9 c    0  40.24 229.74706 -3.19586  8061.88  3476.96 2.87 2.13 -19.3 -0.376    19.34 21.17 04a59811o0087c    4096   15.439475
59814.973409 19.589310      NaN     4    17 c    0   0.82 229.74706 -3.19586  8117.43  3405.75 2.84 2.19 -16.9 -0.360    19.06 20.24 04a59815o0029c       0   21.127645
59814.976562 19.816329      NaN     3    14 c    0   0.87 229.74706 -3.19586  8137.96  3442.13 3.04 2.27 -18.5 -0.352    19.27 20.76 04a59815o0036c       0   18.798335
59814.982872 19.950541      NaN    10    10 c    0   1.49 229.74706 -3.19586  8081.72  3361.30 2.94 2.19 -16.6 -0.358    19.39 21.14 04a59815o0050c       0   16.042986
59814.996960 20.207197      NaN  -158    10 c    0  28.98 229.74706 -3.19586  8064.06  3470.52 2.89 2.17 -17.4 -0.370    19.45 21.31 04a59815o0081c    4096   16.042986
59818.973593 18.826541      NaN    43    22 c    0   0.93 229.74706 -3.19586  4051.92  6977.39 2.64 2.11 -69.1 -0.350    18.68 19.65 04a59819o0026c       0   25.325430
59818.976746 19.841877      NaN     2    14 c    0   1.07 229.74706 -3.19586  4071.50  7015.78 2.42 2.08 -77.8 -0.355    19.02 20.18 04a59819o0033c       0   18.798335
59818.983069 19.922338      NaN    -2    13 c    0   0.87 229.74706 -3.19586  4016.09  6935.77 2.48 2.13 -79.9 -0.364    19.23 20.71 04a59819o0047c       0   18.065918
59818.999831 19.922338      NaN    -5    13 c    0   1.04 229.74706 -3.19586  3998.24  7044.34 2.59 2.41 -65.1 -0.366    19.25 20.87 04a59819o0084c       0   18.065918
59839.007159 16.747658      NaN   -32   242 c    0   1.04 229.74706 -3.19586  5447.21  1333.54 3.00 2.66  13.1 -0.371    16.28 17.82 04a59839o0079c 8388610  242.324942
59994.361515 20.071303      NaN     6    10 c    0   1.38 229.74706 -3.19586  8725.29  7356.05 2.53 2.17 -43.2 -0.440    19.61 21.37 04a59994o0771c       0   16.042986
59994.376972 20.207197      NaN   -34    10 c    0   1.39 229.74706 -3.19586  8712.88  7316.84 2.66 2.23 -43.3 -0.422    19.60 21.39 04a59994o0804c       0   16.042986
59994.380578 20.282105      NaN     3     9 c    0   1.49 229.74706 -3.19586  8773.64  7394.12 2.67 2.21 -46.6 -0.425    19.57 21.34 04a59994o0812c       0   15.439475
59994.383734 19.719755      NaN    19    10 c    0   1.59 229.74706 -3.19586  8793.79  7277.18 2.73 2.27 -44.3 -0.414    19.52 21.23 04a59994o0819c       0   16.042986
59998.316020 19.631075      NaN    17    12 c    0   1.35 229.74706 -3.19586  8721.99  7354.16 2.65 2.31 -47.6 -0.422    19.41 21.07 04a59998o0678c       0   17.360224
59998.319174 20.009244      NaN     2    12 c    0   0.82 229.74706 -3.19586  8700.96  7315.42 2.68 2.30 -45.7 -0.417    19.43 21.10 04a59998o0685c       0   17.360224
59998.335058 19.743105      NaN    12    12 c    0   1.23 229.74706 -3.19586  8760.84  7392.67 2.77 2.46 -41.3 -0.411    19.46 21.26 04a59998o0719c       0   17.360224
59998.353203 20.207197      NaN     1    10 c    0   1.73 229.74706 -3.19586  8782.43  7277.55 2.70 2.32 -45.7 -0.410    19.56 21.33 04a59998o0757c       0   16.042986
60000.601407 20.207197      NaN     1    10 c    0   1.18 229.74706 -3.19586  7424.77  1189.84 2.33 2.23  89.2 -0.417    19.51 21.28 02a60000o0645c       0   16.042986
60000.632638 19.894850      NaN     9    11 c    0   0.93 229.74706 -3.19586  7452.60  1228.56 2.31 2.23  87.6 -0.414    19.52 21.22 02a60000o0711c       0   16.684645
60000.637834 20.103715      NaN    -9    11 c    0   0.87 229.74706 -3.19586  7394.39  1151.34 2.40 2.31 -81.6 -0.416    19.48 21.22 02a60000o0722c       0   16.684645
60000.654112 20.009244      NaN     2    12 c    0   1.36 229.74706 -3.19586  3162.74  9296.75 2.62 2.43  32.4 -0.391    19.47 21.18 02a60000o0752c       0   17.360224
60000.665947 18.631975      NaN    25    35 c    0   0.97 229.74706 -3.19586  3124.55  9357.01 2.65 2.48  38.3 -0.394    18.48 19.63 02a60000o0776c       0   37.180336
60002.351966 20.449472      NaN    -5     8 c    0   1.57 229.74706 -3.19586  2295.43  3312.31 2.24 2.03  43.1 -0.389    19.62 21.52 04a60002o0750c       0   14.878756
60002.354671 20.321591      NaN     5     8 c    0   1.66 229.74706 -3.19586  2277.25  3273.39 2.20 2.01  39.0 -0.400    19.63 21.51 04a60002o0756c       0   14.878756
60002.374659 20.207197      NaN     2    10 c    0   0.94 229.74706 -3.19586  2350.76  3347.28 2.19 1.98  50.0 -0.400    19.63 21.52 04a60002o0799c       0   16.042986
60002.390163 19.743105      NaN    18    10 c    0   1.30 229.74706 -3.19586  2380.55  3228.62 2.00 1.96  71.9 -0.424    19.53 21.22 04a60002o0832c       0   16.042986
60002.402069 19.256669      NaN    -5    24 c    0   1.16 229.74706 -3.19586  2351.23  3284.01 2.05 1.98  41.6 -0.405    18.59 19.12 04a60002o0858c       0   27.080941
60021.010494 18.063866      NaN   -11    72 c    0   1.47 229.74706 -3.19586  4573.79  1698.85 2.58 2.42 -47.6 -0.394    17.25 19.16 03a60021o0614c       2   73.084727
60021.013690 18.417189      NaN   -61    52 c    0   1.62 229.74706 -3.19586  4554.86  1659.16 2.34 2.25 -52.3 -0.405    17.20 19.12 03a60021o0621c    8192   53.491844
60021.016882 16.210221      NaN   266   309 c    0   0.94 229.74706 -3.19586  4611.89  1737.60 2.54 2.43 -18.2 -0.394    16.46 18.38 03a60021o0628c       2  309.254551
60021.025706 18.847027      NaN    32    25 c    0   1.14 229.74706 -3.19586  4637.11  1620.59 2.28 2.16 -55.8 -0.394    18.00 19.73 03a60021o0646c    8192   27.971010
60025.040181 20.449472      NaN    -4     8 c    0   1.36 229.74706 -3.19586  8618.17  7382.39 2.37 2.18 -59.0 -0.396    19.68 21.35 03a60025o0684c       0   14.878756
60025.043345 19.894850      NaN     9    11 c    0   0.92 229.74706 -3.19586  8599.25  7343.26 2.44 2.15 -55.0 -0.393    19.67 21.34 03a60025o0691c       0   16.684645
60025.046507 20.321591      NaN   -21     9 c    0   1.44 229.74706 -3.19586  8656.82  7421.06 2.43 2.17 -55.1 -0.396    19.66 21.33 03a60025o0698c       0   15.439475
60025.058670 20.321591      NaN   -17     9 c    0   1.41 229.74706 -3.19586  8683.49  7305.08 2.36 2.18 -56.7 -0.394    19.66 21.33 03a60025o0724c       0   15.439475
60033.063987 20.103715      NaN    -1    11 c    0   1.25 229.74706 -3.19586  8260.57  7371.45 2.96 2.57 -53.0 -0.377    19.46 21.33 03a60033o0713c       0   16.684645
60033.091378 19.950541      NaN    10    10 c    0   1.47 229.74706 -3.19586  8279.33  7413.48 2.56 2.16 -51.4 -0.392    19.63 21.34 03a60033o0771c       0   16.042986
60033.116216 20.321591      NaN     2     9 c    0   1.46 229.74706 -3.19586  8225.57  7337.57 2.56 2.31 -55.2 -0.389    19.56 21.32 03a60033o0824c       0   15.439475
60033.119189 19.841877      NaN    -9    14 c    0   0.70 229.74706 -3.19586  8198.61  7452.37 3.53 2.93 -55.0 -0.359    19.27 21.32 03a60033o0830c       0   18.798335
60035.011852 20.207197      NaN    -5    10 c    0   0.77 229.74706 -3.19586  2297.09  3193.16 2.45 2.35 -54.0 -0.397    19.63 21.39 03a60035o0626c       0   16.042986
60035.013713 20.321591      NaN     2     9 c    0   1.44 229.74706 -3.19586  2278.76  3154.47 2.40 2.28 -47.9 -0.401    19.67 21.43 03a60035o0630c       0   15.439475
60035.016503 20.207197      NaN    -9    10 c    0   1.06 229.74706 -3.19586  2335.91  3232.90 2.48 2.35 -49.9 -0.398    19.66 21.46 03a60035o0636c       0   16.042986
60035.021574 20.321591      NaN    -6     9 c    0   1.26 229.74706 -3.19586  2357.86  3118.09 2.29 2.15 -44.8 -0.406    19.72 21.49 03a60035o0647c       0   15.439475
60051.276176 18.921935      NaN    22    26 c    0   1.12 229.74706 -3.19586  9433.65  1100.13 3.33 2.51 -24.7 -0.331    18.67 20.39 04a60051o0687c       0   28.868277
60051.309047 18.431198      NaN    12    48 c    0   1.16 229.74706 -3.19586  9469.74  1108.19 3.34 2.35 -27.2 -0.327    17.97 19.57 04a60051o0758c       0   49.612271
60051.312682 19.719755      NaN     4    15 c    0   1.31 229.74706 -3.19586  9412.44  1029.13 3.25 2.38 -24.3 -0.336    19.17 20.84 04a60051o0766c       0   19.554472
60051.341373 18.867907      NaN     6    33 c    0   1.20 229.74706 -3.19586  9399.14  1126.91 3.01 2.21 -26.5 -0.358    18.47 19.98 04a60051o0827c       0   35.304070
60054.198178 20.103715      NaN   -11    11 c    0   1.07 229.74706 -3.19586  7059.80  9205.55 2.76 2.25 -71.5 -0.378    19.54 21.49 04a60054o0527c       0   16.684645
60054.228468 20.207197      NaN    -4    10 c    0   1.34 229.74706 -3.19586  7051.33  9164.18 2.65 2.00 -71.6 -0.404    19.58 21.44 04a60054o0592c       0   16.042986
60054.231631 20.207197      NaN   -19    10 c    0   0.93 229.74706 -3.19586  7111.99  9241.61 2.86 2.19 -69.0 -0.373    19.53 21.40 04a60054o0599c       0   16.042986
60054.234410 20.103715      NaN   -16    11 c    0   1.19 229.74706 -3.19586  7132.07  9124.61 2.72 2.06 -69.8 -0.402    19.56 21.39 04a60054o0605c       0   16.684645
60057.267200 19.791368      NaN    10    12 c    0   1.35 229.74706 -3.19586  3967.50  5088.77 2.04 1.94 -77.1 -0.377    19.41 21.20 04a60057o0621c       0   17.360224
60057.270370 20.207197      NaN     2    10 c    0   1.20 229.74706 -3.19586  3988.15  5124.24 2.04 1.93 -77.1 -0.376    19.42 21.18 04a60057o0628c       0   16.042986
60057.275850 20.009244      NaN     1    12 c    0   0.92 229.74706 -3.19586  3932.90  5041.20 2.05 1.98 -75.5 -0.378    19.42 21.17 04a60057o0640c       0   17.360224
60057.299148 20.137125      NaN     4    10 c    0   0.93 229.74706 -3.19586  3925.06  5137.73 2.01 1.90 -78.6 -0.373    19.41 21.11 04a60057o0690c       0   16.042986