         MJD         m       dm   uJy  duJy F  err  chi/N     RA      Dec        x        y  maj  min   phi  apfit  mag5sig   Sky            Obs    Mask     duJy_new
57448.283155 18.649074 0.206807   137    24 c    0   2.38 7.8065 85.00886  7045.23  8182.68 4.15 3.69  84.8 -0.430    19.14 21.01 02a57448o0023c    4096    32.101442
57448.303888 19.302877      NaN   -50    23 c    0   2.84 7.8065 85.00886  7958.40  7848.91 4.53 3.81  85.2 -0.442    19.14 21.08 02a57448o0065c       0    31.360845
57448.316248 19.256669      NaN   -32    24 c    0   1.75 7.8065 85.00886  7766.87  7893.15 4.45 3.73  84.6 -0.427    19.14 21.07 02a57448o0090c       0    32.101442
57449.258775 19.226921 0.322786    85    22 c    0   2.15 7.8065 85.00886  7084.89  8792.40 4.33 3.88  86.3 -0.437    19.13 21.02 02a57449o0125c 8388608    30.634990
57449.275767 18.542463 0.148410   150    19 c    0   3.50 7.8065 85.00886  6853.19  8197.42 4.21 3.71  88.9 -0.426    19.20 21.13 02a57449o0159c 8392704    28.557006
57449.292210 19.351140      NaN   -49    22 c    0   2.01 7.8065 85.00886  7759.10  7819.33 4.35 3.72  85.6 -0.435    19.24 21.23 02a57449o0192c 8388608    30.634990
57449.301272 19.351140      NaN   -46    22 c    0   2.14 7.8065 85.00886  7764.85  7884.66 4.40 3.78  88.0 -0.441    19.22 21.22 02a57449o0210c 8388608    30.634990
57454.245206 18.944322      NaN    -6    32 c    0   1.08 7.8065 85.00886  7220.18  8741.64 5.98 5.42  81.7 -0.374    18.76 21.03 02a57454o0081c       0    38.451301
57454.261664 18.526952 0.177106   152    23 c    0   1.89 7.8065 85.00886  6997.16  8147.09 4.53 4.02  83.2 -0.424    19.09 21.03 02a57454o0113c    4096    31.360845
57454.278658 19.212347      NaN    -8    25 c    0   1.51 7.8065 85.00886  7914.37  7812.48 4.96 4.37  76.1 -0.424    19.00 21.02 02a57454o0146c       0    32.855785
57454.296160 19.271854      NaN    19    21 c    0   1.73 7.8065 85.00886  7761.17  7889.18 4.81 4.21  77.6 -0.415    19.03 21.05 02a57454o0180c       0    29.924949
57988.476133 19.367717      NaN    13    21 c    0   0.93 7.8065 85.00886  1814.75 10076.80 2.54 2.46  84.5 -0.421    19.09 21.44 02a57988o0496c       0    29.924949
57988.479541 19.454622      NaN    -5    20 c    0   0.83 7.8065 85.00886  1803.39 10037.92 2.55 2.46  70.6 -0.423    19.17 21.45 02a57988o0503c       0    29.231876
57988.496329 19.569016      NaN     5    18 c    0   0.88 7.8065 85.00886  1826.92 10119.50 2.82 2.54  25.7 -0.411    19.24 21.37 02a57988o0537c       0    27.901659
57988.499255 19.696897      NaN     7    16 c    0   1.28 7.8065 85.00886  1848.55  9990.40 2.79 2.45  24.5 -0.417    19.30 21.35 02a57988o0543c       0    26.655254
57988.553903 19.631075      NaN     7    17 c    0   0.92 7.8065 85.00886  2085.06   189.66 3.09 2.73  53.9 -0.381    19.36 21.21 02a57988o0647c       0    27.267244
57988.564396 19.589310      NaN    16    16 c    0   1.10 7.8065 85.00886  2101.59   231.36 3.07 2.67  63.6 -0.384    19.18 21.16 02a57988o0665c       0    26.655254
57988.574724 19.631075      NaN   -13    17 c    0   1.27 7.8065 85.00886  2076.35   140.00 3.27 2.74  66.4 -0.366    19.05 21.20 02a57988o0682c       0    27.267244
57988.584595 19.401649      NaN    10    21 c    0   1.02 7.8065 85.00886  2069.48   228.47 3.34 2.64  66.1 -0.364    18.94 21.27 02a57988o0700c       0    29.924949
58012.502323 19.351140      NaN   -11    22 c    0   0.78 7.8065 85.00886  6122.39  3679.20 2.94 2.89  51.5 -0.409    18.82 21.42 02a58012o0615c       0    30.634990
58012.523189 19.652575      NaN    22    13 c    0   1.36 7.8065 85.00886  6119.61  3680.43 2.72 2.59  10.3 -0.409    19.13 21.41 02a58012o0616c       0    24.970034
58012.543895 19.868040      NaN    16    12 c    0   1.53 7.8065 85.00886  6118.43  3683.65 2.56 2.54 -13.5 -0.413    19.40 21.31 02a58012o0617c       0    24.464312
58012.602957 19.922338      NaN   -12    13 c    0   1.20 7.8065 85.00886  6108.13  3660.74 2.56 2.53  78.3 -0.413    19.46 21.04 02a58012o0618c       0    24.970034
58044.488090 19.302877      NaN    20    20 c    0   1.60 7.8065 85.00886  8264.67  6764.21 4.42 4.14  26.0 -0.388    18.84 21.16 02a58044o0144c       0    29.231876
58044.504244 19.510313      NaN   -43    19 c    0   1.37 7.8065 85.00886  8242.61  6719.29 4.08 3.74  38.9 -0.424    18.97 20.99 02a58044o0178c       0    28.557006
58044.506072 19.569016      NaN    -9    18 c    0   1.68 7.8065 85.00886  8289.78  6812.62 4.05 3.74  52.3 -0.339    18.98 20.98 02a58044o0182c       0    27.901659
58044.523574 19.454622      NaN    -1    20 c    0   1.05 7.8065 85.00886  8301.50  6722.87 3.99 3.63  54.8 -0.398    19.11 21.01 02a58044o0219c       0    29.231876
58076.342090 19.766969      NaN   -14    15 c    0   1.08 7.8065 85.00886   304.74  7780.67 3.13 2.55  50.6 -0.421    19.35 21.02 02a58076o0289c       0    26.067270
58076.344383 19.472870      NaN    34    12 c    0   1.41 7.8065 85.00886   290.64  7746.29 3.11 2.54  48.8 -0.412    19.38 21.02 02a58076o0294c       0    24.464312
58076.361644 19.841877      NaN     0    14 c    0   0.93 7.8065 85.00886   327.87  7794.98 3.11 2.48  49.9 -0.415    19.39 21.02 02a58076o0331c       0    25.504952
58076.362557 19.454622      NaN    29    14 c    0   0.87 7.8065 85.00886   349.49  7663.47 3.15 2.54  51.6 -0.413    19.36 21.01 02a58076o0333c       0    25.504952
58076.419486 15.886312      NaN  -333   535 c    0   1.20 7.8065 85.00886  8671.57  7162.83 2.65 2.49  54.0 -0.383    16.10 17.66 02a58076o0455c       2   535.424600
58076.437469 15.957603      NaN   -32   501 c    0   1.82 7.8065 85.00886  8695.21  7213.71 3.06 2.61  63.2 -0.442    15.71 17.14 02a58076o0493c       2   501.453390
58076.454319 15.575997      NaN  -833   712 c    0   0.70 7.8065 85.00886  8713.82  7106.37 2.95 2.67  61.8 -0.445    15.62 17.16 02a58076o0529c       2   712.319102
58280.589966 19.766969      NaN     3    15 c    0   1.05 7.8065 85.00886  9565.17  3460.55 2.84 2.73  71.3 -0.454    19.09 20.97 02a58280o0733c    8192    26.067270
58284.616667 18.417189      NaN   -15    52 c    0   1.04 7.8065 85.00886  3338.22  3592.97 2.70 2.60 -89.4 -0.436    17.65 18.72 02a58284o0786c    8192    56.200557
58308.578376 19.841877      NaN   -15    14 c    0   0.92 7.8065 85.00886  1167.98  5849.53 2.70 2.49  52.1 -0.458    19.42 21.15 02a58308o0439c       0    25.504952
58308.588415 19.841877      NaN    -6    14 c    0   1.59 7.8065 85.00886  1151.73  5812.71 2.71 2.47  59.1 -0.455    19.44 21.18 02a58308o0460c       0    25.504952
58308.598259 19.841877      NaN     0    14 c    0   1.09 7.8065 85.00886  1194.59  5881.17 2.70 2.50  52.4 -0.451    19.41 21.15 02a58308o0481c       0    25.504952
58308.608056 19.183773      NaN    46    14 c    0   0.98 7.8065 85.00886  1227.85  5743.13 2.59 2.39  58.1 -0.459    19.37 20.93 02a58308o0502c       0    25.504952
58308.619791 18.702047      NaN    -9    40 c    0   0.82 7.8065 85.00886  1022.22  4654.28 2.63 2.48  40.0 -0.492    18.02 19.11 02a58308o0527c       0    45.326621
58312.547350 17.109992      NaN   219   104 c    0   1.10 7.8065 85.00886  9830.10  4446.92 3.02 2.77  76.9 -0.457    16.90 18.62 02a58312o0649c       2   106.162623
58312.579520 16.376373      NaN   304   243 c    0   0.69 7.8065 85.00886  9789.05  4572.06 2.81 2.68 -87.2 -0.429    16.41 18.02 02a58312o0712c       2   243.933398
58312.599126 18.566153      NaN    78    23 c    0   0.81 7.8065 85.00886  1415.11  4801.71 2.48 2.42  62.8 -0.439    18.85 20.60 02a58312o0749c       0    31.360845
58312.610220 19.696897      NaN   -12    16 c    0   0.59 7.8065 85.00886  1442.62  4847.06 2.53 2.44  54.0 -0.444    19.27 20.98 02a58312o0770c       0    26.655254
58312.620627 18.878500      NaN    -1    34 c    0   0.74 7.8065 85.00886  1398.86  4744.64 2.60 2.52  88.3 -0.440    18.25 19.44 02a58312o0791c       0    40.131068
58316.626791 17.643932      NaN   -91   106 c    0   1.62 7.8065 85.00886  3292.35  5933.07 2.71 2.58  67.2 -0.467    16.98 18.54 02a58316o0364c 8388610   108.122628
58340.603492 19.241693      NaN    36    16 c    0   1.44 7.8065 85.00886  1799.57  4694.47 2.55 2.37  38.7 -0.439    18.85 20.68 02a58340o0102c       0    26.655254
58340.612779 18.796518      NaN    13    36 c    0   1.09 7.8065 85.00886  1817.68  4740.24 2.62 2.40  38.8 -0.438    18.16 19.87 02a58340o0121c       0    41.839008
58340.622365 18.816441      NaN    41    26 c    0   1.30 7.8065 85.00886  8849.72  5956.54 2.61 2.48  85.2 -0.416    18.68 20.20 02a58340o0140c       0    33.622947
58340.632014 18.163834      NaN    67    47 c    0   1.13 7.8065 85.00886  1750.10  4723.62 2.67 2.52  32.7 -0.422    17.69 18.71 02a58340o0159c       0    51.609133
58344.583922 17.821591      NaN    23    86 c    0   0.84 7.8065 85.00886  2571.48  6519.91 2.60 2.43  24.9 -0.437    17.01 18.56 02a58344o0748c       2    88.603062
58344.594125 18.776955      NaN    45    26 c    0   1.23 7.8065 85.00886  8058.19  4036.10 2.67 2.53  79.2 -0.418    18.62 20.27 02a58344o0767c    8192    33.622947
58344.604185 17.682154      NaN    42    92 c    0   1.28 7.8065 85.00886  8120.84  4134.34 2.71 2.51  79.9 -0.420    17.27 18.87 02a58344o0786c       2    94.437824
58344.613524 18.684100      NaN    25    36 c    0   0.93 7.8065 85.00886  2520.28  6571.45 2.57 2.43  14.1 -0.424    18.23 19.87 02a58344o0805c    8192    41.839008
58376.429687 18.978793      NaN   -45    31 c    0   1.01 7.8065 85.00886  1540.89  3997.75 3.35 3.07 -18.1 -0.382    18.26 20.92 02a58376o0457c       0    37.623166
58376.445131 18.550302      NaN     4    46 c    0   1.04 7.8065 85.00886  1526.14  3957.75 3.31 2.69  -3.8 -0.387    17.84 20.39 02a58376o0490c       0    50.700124
58376.448333 18.574166      NaN    -2    45 c    0   1.24 7.8065 85.00886  1575.63  4011.34 3.13 2.57  -9.5 -0.390    17.76 20.27 02a58376o0497c       0    49.794604
58376.464616 18.847027      NaN    41    25 c    0   0.96 7.8065 85.00886  1624.06  3887.43 3.07 2.77 -47.2 -0.390    18.47 21.05 02a58376o0532c       0    32.855785
58376.523812 18.910912      NaN   -10    33 c    0   0.80 7.8065 85.00886   690.68  6088.65 2.76 2.22   4.5 -0.424    18.45 20.91 02a58376o0657c       0    39.287435
58376.538881 19.212347      NaN   -28    25 c    0   0.99 7.8065 85.00886   707.02  6136.66 2.81 2.52  71.3 -0.441    18.41 21.07 02a58376o0688c       0    32.855785
58376.543223 19.128787      NaN   -45    27 c    0   0.93 7.8065 85.00886 10000.27  4599.19 2.73 2.33 -61.6 -0.434    18.51 21.15 02a58376o0697c       0    34.402072
58376.552622 19.128787      NaN   -56    27 c    0   0.93 7.8065 85.00886   615.36  6092.45 3.10 2.26  85.0 -0.427    18.54 21.21 02a58376o0716c       0    34.402072
58396.485462 17.837796      NaN    37    80 c    0   0.86 7.8065 85.00886  8248.56  6629.00 2.73 2.61  54.1 -0.434    17.84 19.39 02a58396o0614c       2    82.791923
58396.488760 18.317510      NaN   -12    57 c    0   1.00 7.8065 85.00886  8231.14  6583.42 2.53 2.49 -70.1 -0.412    17.54 18.98 02a58396o0621c    8192    60.856410
58396.504289 17.729132      NaN    38    89 c    0   1.29 7.8065 85.00886  8276.13  6679.15 2.63 2.49  62.1 -0.440    17.31 18.76 02a58396o0654c       2    91.517772
58396.507492 17.785989      NaN   -49    93 c    0   1.06 7.8065 85.00886  8293.38  6568.25 2.73 2.67  79.0 -0.404    17.32 18.81 02a58396o0661c       2    95.412277
58400.421953 15.538528      NaN  -717   737 c    0   0.99 7.8065 85.00886  1236.59  4769.19 2.69 2.60 -24.3 -0.403    15.67 17.25 02a58400o0309c       2   737.308282
58400.478453 20.103715      NaN   -13    11 c    0   0.99 7.8065 85.00886  9586.66  5086.84 2.77 2.65 -86.3 -0.409    19.47 21.21 02a58400o0429c       0    23.989635
58400.493489 20.321591      NaN   -22     9 c    0   1.55 7.8065 85.00886  9572.08  5047.79 2.80 2.49  65.1 -0.437    19.53 21.18 02a58400o0461c       0    23.140929
58400.496690 19.950541      NaN    25     8 c    0   1.76 7.8065 85.00886  9617.58  5148.12 2.74 2.54  72.0 -0.428    19.49 21.19 02a58400o0468c       0    22.770652
58400.512689 19.950541      NaN    16    11 c    0   0.99 7.8065 85.00886  9653.40  5059.51 2.68 2.55  81.7 -0.413    19.50 21.17 02a58400o0502c       0    23.989635
58424.460599 20.039830      NaN     9    11 c    0   1.06 7.8065 85.00886  6291.69  5033.82 2.60 2.54  27.1 -0.419    19.37 21.03 02a58424o0558c       0    23.989635
58424.463344 20.103715      NaN   -24    11 c    0   1.61 7.8065 85.00886  6265.27  4988.78 2.69 2.57 -48.2 -0.400    19.40 21.03 02a58424o0564c       0    23.989635
58424.479224 19.589310      NaN    18    14 c    0   0.92 7.8065 85.00886  6334.18  5054.11 2.64 2.53  42.1 -0.418    19.36 20.97 02a58424o0598c       0    25.504952
58424.482426 19.696897      NaN    16    13 c    0   1.13 7.8065 85.00886  6331.58  4935.44 2.66 2.60 -35.8 -0.405    19.40 20.95 02a58424o0605c       0    24.970034
58428.325592 20.009244      NaN    10    11 c    0   0.99 7.8065 85.00886   570.20  4146.07 2.46 2.39  17.9 -0.409    19.42 21.00 02a58428o0193c       0    23.989635
58428.340554 19.841877      NaN     0    14 c    0   0.75 7.8065 85.00886   549.56  4089.99 2.75 2.54  36.6 -0.411    19.35 21.04 02a58428o0225c       0    25.504952
58428.343759 19.743105      NaN    20    11 c    0   1.60 7.8065 85.00886   610.04  4149.39 2.42 2.29  33.8 -0.421    19.45 21.04 02a58428o0232c       0    23.989635
58428.360091 20.207197      NaN    -1    10 c    0   1.56 7.8065 85.00886   642.34  4006.44 2.47 2.43  19.9 -0.406    19.42 21.07 02a58428o0267c       0    23.547879
58428.418804 20.103715      NaN    -6    11 c    0   0.75 7.8065 85.00886  9004.19  3770.58 2.78 2.64  75.6 -0.403    19.47 21.23 02a58428o0392c       0    23.989635
58428.434418 20.009244      NaN   -16    12 c    0   0.97 7.8065 85.00886  8982.86  3707.30 2.87 2.56  57.4 -0.427    19.45 21.27 02a58428o0425c       0    24.464312
58428.437164 20.009244      NaN     5    12 c    0   1.14 7.8065 85.00886  9042.83  3829.26 2.68 2.53  67.4 -0.419    19.52 21.28 02a58428o0431c       0    24.464312
58428.453111 20.207197      NaN    -5    10 c    0   1.46 7.8065 85.00886  9082.12  3735.35 2.75 2.63  73.7 -0.409    19.50 21.32 02a58428o0465c       0    23.547879
58432.419308 19.696897      NaN   -17    16 c    0   1.41 7.8065 85.00886  7701.48  6561.84 2.64 2.47  56.3 -0.425    19.03 20.62 02a58432o0503c       0    26.655254
58432.422972 19.510313      NaN    -3    19 c    0   1.02 7.8065 85.00886  7680.78  6515.74 2.61 2.49  60.1 -0.404    19.06 20.63 02a58432o0511c       0    28.557006
58432.438476 18.847027      NaN   -66    35 c    0   1.28 7.8065 85.00886  7730.77  6608.00 2.61 2.44  53.4 -0.432    18.13 19.63 02a58432o0544c       0    40.981735
58432.441218 19.302877      NaN     4    23 c    0   0.77 7.8065 85.00886  7743.18  6493.99 2.57 2.45  52.4 -0.425    19.02 20.62 02a58432o0550c       0    31.360845
58436.324386 18.163834      NaN    39    55 c    0   0.97 7.8065 85.00886   180.68  5032.32 2.47 2.34  14.0 -0.395    17.24 18.40 02a58436o0302c       0    58.987309
58436.358379 18.867907      NaN    20    30 c    0   1.39 7.8065 85.00886   239.59  4896.42 2.38 2.28 -24.4 -0.373    17.60 18.83 02a58436o0375c       0    36.803568
58436.433468 19.719755      NaN    12    14 c    0   1.04 7.8065 85.00886  8567.93  4276.90 2.78 2.63  48.9 -0.413    19.19 20.80 02a58436o0535c       0    25.504952
58436.435755 19.841877      NaN     2    14 c    0   1.08 7.8065 85.00886  8608.76  4329.91 2.73 2.71  58.1 -0.406    19.32 20.95 02a58436o0540c       0    25.504952
58436.436213 19.631075      NaN    10    16 c    0   0.72 7.8065 85.00886  8547.45  4228.57 2.75 2.65 -42.3 -0.399    19.36 20.99 02a58436o0541c       0    26.655254
58436.453716 16.759689      NaN   188   179 c    0   0.96 7.8065 85.00886  8635.61  4225.09 2.70 2.66  52.1 -0.402    16.77 18.30 02a58436o0578c       2   180.265090
58456.399778 20.103715      NaN     3    11 c    0   1.40 7.8065 85.00886  6678.71  1946.62 3.06 2.90  55.9 -0.407    19.40 21.32 02a58456o0457c       0    23.989635
58456.402065 20.103715      NaN   -13    11 c    0   1.34 7.8065 85.00886  6651.82  1900.66 3.05 2.96 -87.0 -0.381    19.38 21.32 02a58456o0462c       0    23.989635
58456.419045 20.009244      NaN     4    12 c    0   1.17 7.8065 85.00886  6735.03  1992.52 2.85 2.74  53.5 -0.401    19.44 21.34 02a58456o0498c       0    24.464312
58456.420873 20.103715      NaN     2    11 c    0   1.38 7.8065 85.00886  6777.27  1880.28 2.87 2.75 -70.0 -0.389    19.41 21.34 02a58456o0502c       0    23.989635
58460.341414 19.696897      NaN    -3    16 c    0   0.94 7.8065 85.00886  3005.92  9392.64 3.28 3.04  19.3 -0.424    19.29 21.22 02a58460o0335c       0    26.655254
58460.358232 19.841877      NaN     4    14 c    0   1.41 7.8065 85.00886  2986.85  9355.17 3.13 2.89  25.6 -0.423    19.28 21.18 02a58460o0371c       0    25.504952
58460.360062 19.287255      NaN    20    19 c    0   1.37 7.8065 85.00886  3026.10  9419.50 3.66 3.52  34.3 -0.409    19.20 21.18 02a58460o0375c       0    28.557006
58460.377320 19.696897      NaN     3    16 c    0   1.06 7.8065 85.00886  3035.71  9299.05 3.48 3.28  11.9 -0.399    19.15 21.15 02a58460o0412c       0    26.655254
58460.395048 19.569016      NaN   -32    18 c    0   1.11 7.8065 85.00886  7996.03  9629.00 3.63 3.27  41.8 -0.401    19.29 21.23 02a58460o0450c       0    27.901659
58460.395505 19.631075      NaN     0    17 c    0   0.91 7.8065 85.00886  8607.97   109.60 3.53 3.38  53.3 -0.360    19.06 21.20 02a58460o0451c       0    27.267244
58460.397334 19.569016      NaN   -22    18 c    0   1.33 7.8065 85.00886  8568.67    52.29 3.73 3.55  45.7 -0.326    19.09 21.21 02a58460o0455c       0    27.901659
58460.397791 19.696897      NaN    10    15 c    0   1.48 7.8065 85.00886  7978.68  9580.48 3.86 3.54  44.4 -0.368    19.20 21.23 02a58460o0456c       0    26.067270
58460.414605 19.631075      NaN   -31    17 c    0   1.00 7.8065 85.00886  8013.30  9674.69 3.96 3.62  44.5 -0.348    19.13 21.24 02a58460o0492c       0    27.267244
58460.415063 19.510313      NaN   -13    19 c    0   1.17 7.8065 85.00886  8701.14   186.08 4.04 3.86  61.9 -0.333    18.99 21.20 02a58460o0493c       0    28.557006
58460.415520 19.569016      NaN   -31    18 c    0   0.84 7.8065 85.00886  8768.98    95.22 4.07 3.82  63.7 -0.302    18.98 21.19 02a58460o0494c       0    27.901659
58460.415977 19.674510      NaN     8    16 c    0   1.50 7.8065 85.00886  8024.20  9556.41 4.11 3.69  40.6 -0.370    19.13 21.24 02a58460o0495c       0    26.655254
58488.316589 19.696897      NaN   -34    16 c    0   1.11 7.8065 85.00886  3910.99  7276.81 2.98 2.95 -38.5 -0.395    19.19 21.03 02a58488o0263c       0    26.655254
58488.333832 19.696897      NaN   -33    16 c    0   1.02 7.8065 85.00886  3891.98  7239.74 3.36 3.31  46.6 -0.361    19.04 21.01 02a58488o0300c       0    26.655254
58488.334289 19.631075      NaN    13    15 c    0   1.41 7.8065 85.00886  3939.26  7311.30 3.47 3.42 -66.5 -0.382    19.02 21.01 02a58488o0301c       0    26.067270
58488.345017 19.696897      NaN   -44    16 c    0   1.52 7.8065 85.00886  3952.68  7188.70 3.80 3.70  43.6 -0.371    18.87 21.03 02a58488o0324c       0    26.655254
58488.353911 19.569016      NaN   -63    18 c    0   1.03 7.8065 85.00886  9279.41  8211.48 4.07 3.72  47.6 -0.354    19.06 21.16 02a58488o0343c       0    27.901659
58488.369848 19.631075      NaN   -30    17 c    0   1.32 7.8065 85.00886  9258.77  8166.47 4.06 3.70  49.9 -0.370    19.05 21.12 02a58488o0377c       0    27.267244
58488.371688 19.569016      NaN   -14    18 c    0   1.15 7.8065 85.00886  9300.02  8263.76 4.25 3.98  47.3 -0.367    18.91 21.13 02a58488o0381c       0    27.901659
58488.388469 19.589310      NaN     9    17 c    0   1.28 7.8065 85.00886  9310.89  8156.41 4.13 3.80  37.8 -0.372    19.03 21.13 02a58488o0417c       0    27.267244
58492.336823 20.009244      NaN   -31    12 c    0   1.31 7.8065 85.00886  3984.67  3406.19 2.97 2.85 -63.7 -0.389    19.24 21.19 02a58492o0298c       0    24.464312
58492.346117 19.922338      NaN   -37    13 c    0   1.02 7.8065 85.00886  3960.23  3372.90 2.90 2.80 -58.1 -0.379    19.27 21.23 02a58492o0318c       0    24.970034
58492.362896 20.103715      NaN   -17    11 c    0   1.86 7.8065 85.00886  4030.95  3461.11 2.89 2.68 -52.6 -0.380    19.29 21.21 02a58492o0354c       0    23.989635
58492.364734 19.922338      NaN     4    13 c    0   1.18 7.8065 85.00886  4057.25  3325.58 2.84 2.73 -58.6 -0.388    19.32 21.21 02a58492o0358c       0    24.970034
58636.451819 19.766969      NaN   -15    15 c    0   1.03 7.8065 85.00886  9340.04  8148.82 3.10 2.65 -54.8 -0.396    19.34 21.02 02a58636o0473c       0    26.067270
58636.454699 19.841877      NaN     4    14 c    0   1.30 7.8065 85.00886  9377.46  8187.04 3.10 2.83 -42.4 -0.391    19.31 21.03 02a58636o0479c       0    25.504952
58636.462358 19.454622      NaN    22    15 c    0   1.00 7.8065 85.00886  9279.14  8147.14 3.13 2.64 -48.8 -0.401    19.35 21.01 02a58636o0495c       0    26.067270
58636.472672 19.696897      NaN     0    16 c    0   1.08 7.8065 85.00886  9255.43  8279.46 3.07 2.62 -46.0 -0.395    19.36 21.01 02a58636o0517c       0    26.655254
58636.587380 20.009244      NaN   -10    12 c    0   1.02 7.8065 85.00886   825.78  8087.83 2.58 2.22 -50.0 -0.435    19.38 21.24 02a58636o0759c       0    24.464312
58636.590238 19.841877      NaN   -19    14 c    0   0.77 7.8065 85.00886   864.11  8164.66 2.42 2.25 -42.1 -0.433    19.44 21.24 02a58636o0765c       0    25.504952
58636.595424 19.922338      NaN    -6    13 c    0   1.13 7.8065 85.00886   774.05  8039.71 2.55 2.24 -45.5 -0.431    19.39 21.19 02a58636o0776c       0    24.970034
58636.607579 19.631075      NaN     2    17 c    0   0.88 7.8065 85.00886   742.08  8137.93 2.49 2.29 -47.6 -0.431    19.12 20.48 02a58636o0802c       0    27.267244
58664.448677 20.103715      NaN    10    10 c    0   2.10 7.8065 85.00886  5485.25   789.34 2.56 2.40 -75.5 -0.409    19.43 21.23 02a58664o0451c       0    23.547879
58664.451584 20.009244      NaN    -5    12 c    0   1.11 7.8065 85.00886  5507.14   845.96 2.48 2.35 -57.6 -0.411    19.47 21.23 02a58664o0457c       0    24.464312
58664.458218 19.696897      NaN    10    15 c    0   0.77 7.8065 85.00886  5464.71   758.20 2.80 2.33 -51.3 -0.418    19.46 21.25 02a58664o0471c       0    26.067270
58664.469228 20.009244      NaN    13    10 c    0   1.31 7.8065 85.00886  5459.10   887.42 2.64 2.36 -48.9 -0.414    19.48 21.28 02a58664o0494c       0    23.547879
58668.612341 19.334813      NaN    14    20 c    0   0.69 7.8065 85.00886  4802.42  7381.43 2.98 2.44  46.2 -0.370    19.06 20.45 02a58668o0792c       0    29.231876
58668.615270 19.454622      NaN    -7    20 c    0   1.22 7.8065 85.00886  4825.25  7422.80 3.17 2.47  44.2 -0.360    18.78 19.96 02a58668o0798c       0    29.231876
58668.618643 18.729535      NaN    19    35 c    0   1.24 7.8065 85.00886  4745.45  7338.07 3.05 2.43  42.4 -0.365    18.27 19.27 02a58668o0805c       0    40.981735
58668.622003 18.317510      NaN   -73    57 c    0   1.54 7.8065 85.00886  4720.58  7453.23 3.26 2.46  41.5 -0.361    17.58 18.50 02a58668o0812c       0    60.856410
58720.482680 19.241693      NaN    11    23 c    0   0.64 7.8065 85.00886  6642.50  3036.69 2.87 2.65 -83.6 -0.385    18.93 21.15 02a58720o0554c    8192    31.360845
58720.486179 19.002397      NaN    38    20 c    0   1.37 7.8065 85.00886  6658.95  3073.76 2.93 2.68 -81.3 -0.389    18.86 21.16 02a58720o0561c    8192    29.231876
58728.453300 20.103715      NaN     6    11 c    0   1.24 7.8065 85.00886  7232.33  7089.54 2.72 2.65  76.9 -0.387    19.49 21.37 02a58728o0489c       0    23.989635
58728.456507 19.979496      NaN     8    12 c    0   1.06 7.8065 85.00886  7258.61  7123.30 2.74 2.60  62.4 -0.387    19.49 21.39 02a58728o0496c       0    24.464312
58728.462517 20.009244      NaN   -10    12 c    0   1.08 7.8065 85.00886  7188.50  7061.59 3.04 2.46  40.8 -0.366    19.51 21.37 02a58728o0509c       0    24.464312
58728.473063 19.436675      NaN    29    13 c    0   0.81 7.8065 85.00886  7164.95  7184.53 2.66 2.51  41.3 -0.394    19.51 21.36 02a58728o0532c       0    24.970034
58752.348491 16.809190      NaN   267   142 c    0   0.51 7.8065 85.00886  9183.61    39.39 2.72 2.24 -67.7 -0.407    19.48 21.36 02a58752o0276c       2   143.591443
58752.355819 19.922338      NaN   -14    13 c    0   1.30 7.8065 85.00886  9199.78    77.06 2.74 2.25 -66.7 -0.399    19.49 21.36 02a58752o0291c       0    24.970034
58752.372450 19.922338      NaN   -38    13 c    0   1.29 7.8065 85.00886  1453.05 10411.04 3.34 2.17 -55.5 -0.418    19.52 21.38 02a58752o0326c       0    24.970034
58752.468951 19.922338      NaN    13    11 c    0   1.50 7.8065 85.00886  6353.01  9746.42 2.79 2.46 -65.0 -0.410    19.56 21.39 02a58752o0534c       0    23.989635
58752.473113 19.922338 0.334073    46    12 c    0   1.41 7.8065 85.00886  6326.39  9705.30 2.82 2.41 -61.6 -0.405    19.60 21.40 02a58752o0542c       0    24.464312
58752.478629 19.491430      NaN    23    14 c    0   1.07 7.8065 85.00886  6375.31  9789.77 2.85 2.46 -63.2 -0.409    19.57 21.39 02a58752o0554c       0    25.504952
58752.495934 19.472870      NaN    24    14 c    0   1.21 7.8065 85.00886  6373.87  9670.11 2.81 2.45 -62.9 -0.408    19.53 21.31 02a58752o0590c       0    25.504952
58756.637462 19.169763      NaN   -23    26 c    0   0.93 7.8065 85.00886  3605.79  9972.34 3.07 2.83 -49.0 -0.371    18.67 20.18 02a58756o0641c    8192    33.622947
58756.640320 18.550302      NaN   -40    46 c    0   1.20 7.8065 85.00886  3590.26  9932.11 3.36 3.15 -51.6 -0.367    18.20 19.55 02a58756o0647c    8192    50.700124
58756.640793 18.142010      NaN  -145    67 c    0   0.89 7.8065 85.00886  8560.51 10496.03 3.35 3.24 -85.2 -0.352    18.30 19.59 02a58756o0648c       2    70.310046
58756.643178 18.034118      NaN   -14    74 c    0   1.03 7.8065 85.00886  3628.05 10005.19 2.87 2.70 -55.2 -0.388    17.73 18.76 02a58756o0653c       2    77.009756
58756.646037 16.758178      NaN   126   200 c    0   1.15 7.8065 85.00886  3642.31  9886.18 3.39 3.18 -53.5 -0.406    16.81 17.87 02a58756o0659c       2   201.133047
58756.646510 16.673947      NaN    -9   259 c    0   1.11 7.8065 85.00886  8607.60 10477.34 3.97 3.82 -65.8 -0.334    16.79 17.88 02a58756o0660c       2   259.875937
58780.464291 20.321591      NaN    -1     9 c    0   2.43 7.8065 85.00886  4856.36  5099.20 2.73 2.34  37.8 -0.374    19.41 21.02 02a58780o0602c       0    23.140929
58780.473977 19.719755      NaN    12    14 c    0   1.20 7.8065 85.00886  4832.31  5057.80 2.72 2.20  38.8 -0.372    19.40 20.96 02a58780o0622c       0    25.504952
58780.478145 19.841877      NaN    -6    14 c    0   0.80 7.8065 85.00886  4892.49  5133.76 2.74 2.23  36.1 -0.374    19.39 20.91 02a58780o0631c       0    25.504952
58780.494741 19.841877      NaN    13    12 c    0   1.24 7.8065 85.00886  4909.68  5011.93 2.30 2.29   3.2 -0.398    19.35 20.80 02a58780o0666c       0    24.464312
58784.378555 20.207197      NaN   -30    10 c    0   1.58 7.8065 85.00886  4879.72  5117.12 2.82 2.41  37.4 -0.374    19.36 20.95 02a58784o0316c       0    23.547879
58784.381804 19.922338      NaN   -29    13 c    0   1.31 7.8065 85.00886  4860.03  5080.06 2.80 2.38  35.6 -0.374    19.37 20.95 02a58784o0323c       0    24.970034
58784.387322 19.922338      NaN   -13    13 c    0   1.15 7.8065 85.00886  4917.06  5154.56 2.45 2.38 -80.0 -0.401    19.40 20.96 02a58784o0335c       0    24.970034
58784.399283 20.009244      NaN   -26    12 c    0   1.07 7.8065 85.00886  4934.88  5033.78 2.78 2.58  40.1 -0.365    19.33 21.00 02a58784o0361c       0    24.464312
58804.254781 19.051202      NaN   -81    29 c    0   1.77 7.8065 85.00886  3414.48  3130.88 2.74 2.53  57.1 -0.375    18.63 20.30 02a58804o0167c    8192    35.993091
58804.258486 15.632330      NaN  -183   676 c    0   1.22 7.8065 85.00886  3428.39  3172.20 2.81 2.70  74.3 -0.380    16.25 17.80 02a58804o0174c       2   676.336087
58804.282637 19.743105      NaN    17    12 c    0   1.02 7.8065 85.00886  3375.23  3196.75 2.72 2.60  83.1 -0.384    19.34 21.10 02a58804o0223c    8192    24.464312
58808.222930 19.529530      NaN    21    14 c    0   1.00 7.8065 85.00886  9356.09  2408.81 2.96 2.70 -68.2 -0.372    19.28 21.09 02a58808o0101c       0    25.504952
58808.226388 19.841877      NaN     5    14 c    0   1.08 7.8065 85.00886  1245.07  8098.01 2.90 2.45 -55.3 -0.384    19.36 21.11 02a58808o0108c       0    25.504952
58808.236518 19.384550      NaN    20    17 c    0   0.88 7.8065 85.00886  1281.15  8151.85 3.28 2.98 -57.4 -0.410    19.27 21.12 02a58808o0129c       0    27.267244
58808.241917 19.318728      NaN    27    16 c    0   0.59 7.8065 85.00886  1292.10  8028.92 2.90 2.62 -57.5 -0.388    19.42 21.15 02a58808o0140c       0    26.655254
58808.337638 19.454622      NaN   -28    20 c    0   1.20 7.8065 85.00886  7172.59  7457.13 3.25 3.06  76.7 -0.361    18.84 21.47 02a58808o0344c       0    29.231876
58808.340848 19.454622      NaN    -9    20 c    0   1.27 7.8065 85.00886  7156.44  7414.82 2.99 2.74  64.1 -0.367    18.97 21.45 02a58808o0351c       0    29.231876
58808.347266 19.183773      NaN    30    18 c    0   1.44 7.8065 85.00886  7199.80  7501.24 2.91 2.65  56.4 -0.376    19.07 21.45 02a58808o0365c       0    27.901659
58808.357373 19.419021      NaN    21    16 c    0   1.42 7.8065 85.00886  7213.01  7388.45 2.83 2.66  68.1 -0.380    19.19 21.41 02a58808o0387c       0    26.655254
58814.339493 18.623526      NaN   -93    43 c    0   1.20 7.8065 85.00886  8234.52 10368.32 3.53 2.80 -61.9 -0.366    18.06 19.80 02a58814o0253c    8192    47.994818
58814.340841 17.718109      NaN   -17    99 c    0   1.00 7.8065 85.00886  8244.73 10412.38 3.12 2.81 -80.4 -0.374    17.99 19.71 02a58814o0255c       2   101.269455
58814.341299 17.603715      NaN   -68   110 c    0   0.96 7.8065 85.00886  8257.92 10298.89 3.13 2.81 -79.1 -0.381    17.98 19.68 02a58814o0256c       2   112.046877
58814.341756 17.675104      NaN  -217   103 c    0   1.19 7.8065 85.00886  8232.03 10348.85 3.07 2.71 -81.2 -0.386    17.95 19.64 02a58814o0257c       2   105.183186
58816.242462 19.183773      NaN    24    20 c    0   0.82 7.8065 85.00886  2988.74  5488.44 2.51 2.38 -81.8 -0.397    18.86 21.49 02a58816o0126c       0    29.231876
58816.245675 19.287255      NaN    17    20 c    0   1.02 7.8065 85.00886  2970.38  5456.22 2.56 2.36 -68.7 -0.391    18.87 21.51 02a58816o0133c       0    29.231876
58816.253194 19.696897      NaN   -33    16 c    0   1.08 7.8065 85.00886  3024.21  5516.60 2.59 2.43 -67.7 -0.395    18.94 21.54 02a58816o0149c       0    26.655254
58816.264302 19.631075      NaN    13    15 c    0   1.07 7.8065 85.00886  3041.43  5390.67 2.53 2.48  39.6 -0.392    19.13 21.55 02a58816o0173c       0    26.067270
58816.340411 19.089302      NaN   -83    28 c    0   0.90 7.8065 85.00886  1108.02  4328.12 3.20 2.39 -81.2 -0.404    18.46 21.56 02a58816o0337c       0    35.192365
58816.345578 19.351140      NaN   -22    22 c    0   1.36 7.8065 85.00886  9537.26  6239.33 3.01 2.54 -84.4 -0.388    18.65 21.51 02a58816o0348c       0    30.634990
58816.352483 18.504094      NaN  -122    48 c    0   1.39 7.8065 85.00886  1078.60  4269.13 3.24 2.62 -84.4 -0.389    18.08 21.55 02a58816o0361c       0    52.521449
58816.365581 19.002397      NaN    44    18 c    0   1.23 7.8065 85.00886  9596.87  6239.02 2.86 2.50  85.1 -0.395    18.99 21.55 02a58816o0388c       0    27.901659
58868.298282 20.103715      NaN     3    11 c    0   1.29 7.8065 85.00886  5839.61  3191.73 2.72 2.49  39.7 -0.381    19.37 21.18 02a58868o0222c       0    23.989635
58868.301063 19.841877      NaN   -13    14 c    0   0.96 7.8065 85.00886  5816.14  3148.09 2.85 2.62  38.1 -0.392    19.33 21.18 02a58868o0228c       0    25.504952
58868.307567 19.841877      NaN    -9    14 c    0   0.97 7.8065 85.00886  5888.15  3231.74 2.56 2.44  38.7 -0.389    19.43 21.15 02a58868o0242c       0    25.504952
58868.319693 19.589310      NaN    27    11 c    0   1.35 7.8065 85.00886  5920.14  3115.13 2.56 2.33  34.9 -0.394    19.45 21.13 02a58868o0268c       0    23.989635
58872.208816 18.598565      NaN   -48    44 c    0   1.26 7.8065 85.00886  5837.56  3216.02 2.53 2.23  38.1 -0.401    17.79 18.71 02a58872o0027c       0    48.892766
58872.212067 19.051202      NaN    10    28 c    0   0.70 7.8065 85.00886  5814.36  3172.47 2.52 2.24  39.1 -0.392    18.60 19.60 02a58872o0034c       0    35.192365
58872.218595 19.696897      NaN   -14    16 c    0   0.69 7.8065 85.00886  5887.18  3253.40 2.71 2.24  35.5 -0.388    19.36 20.84 02a58872o0048c       0    26.655254
58872.230118 19.868040      NaN    12    12 c    0   1.14 7.8065 85.00886  5918.49  3134.64 2.63 2.24  38.2 -0.392    19.55 21.28 02a58872o0073c       0    24.464312
58932.225873 17.809593      NaN   -34    91 c    0   0.98 7.8065 85.00886  8670.93  7877.84 3.18 2.87 -43.6 -0.407    17.76 18.82 02a58932o0018c       2    93.463911
58932.226331 17.633737      NaN    94    73 c    0   1.07 7.8065 85.00886  8671.07  7877.54 3.01 2.70 -49.9 -0.408    17.95 18.94 02a58932o0019c       2    76.049343
58932.233392 19.287255      NaN    -1    21 c    0   1.14 7.8065 85.00886  8701.42  7922.64 2.68 2.61   0.3 -0.391    19.03 20.38 02a58932o0034c    8192    29.924949
58932.246871 19.529530      NaN     6    14 c    0   1.24 7.8065 85.00886  8716.99  7808.74 2.65 2.55 -29.7 -0.396    19.32 20.86 02a58932o0063c    8192    25.504952
59028.572014 19.302877 0.188824    61    12 c    0   0.94 7.8065 85.00886  9516.03  6196.78 3.01 2.53  36.0 -0.375    19.50 21.52 02a59028o0707c       0    24.464312
59028.575224 19.868040 0.317776    33    12 c    0   0.83 7.8065 85.00886  9539.81  6225.03 3.06 2.56  35.5 -0.372    19.50 21.51 02a59028o0714c       0    24.464312
59028.580720 19.351140 0.180956    58    11 c    0   1.16 7.8065 85.00886  9473.60  6182.93 2.80 2.62  50.0 -0.386    19.55 21.51 02a59028o0726c       0    23.989635
59028.598114 19.287255 0.155105    62    10 c    0   1.34 7.8065 85.00886  9453.69  6317.89 2.70 2.61  88.9 -0.397    19.53 21.42 02a59028o0763c       0    23.547879
59048.563655 18.640491 0.102589   119    12 c    0   0.83 7.8065 85.00886  6157.80  9195.50 2.76 2.51  47.5 -0.393    19.48 21.45 02a59048o0691c       0    24.464312
59048.566863 18.558199 0.103026   129    13 c    0   1.22 7.8065 85.00886  6190.01  9230.80 2.76 2.58  40.9 -0.393    19.51 21.44 02a59048o0698c       0    24.970034
59048.570991 19.038793 0.172731    80    14 c    0   2.67 7.8065 85.00886  6088.41  9162.03 2.85 2.52  45.4 -0.386    19.47 21.44 02a59048o0707c       0    25.504952
59048.576495 18.631975 0.110270   120    13 c    0   1.03 7.8065 85.00886  6052.49  9282.02 2.82 2.57  44.4 -0.386    19.47 21.44 02a59048o0719c       0    24.970034
59080.587854 18.362890 0.099305   156    15 c    0   1.14 7.8065 85.00886  3934.94  9550.30 2.84 2.49 -57.5 -0.387    19.47 21.41 02a59080o0770c       0    26.067270
59080.597326 18.110074 0.083922   199    16 c    0   1.55 7.8065 85.00886  3910.93  9518.02 2.95 2.67 -66.6 -0.381    19.38 21.38 02a59080o0790c       0    26.655254
59080.632489 18.445391 0.342864   144    48 c    0   1.06 7.8065 85.00886  3938.00  9575.51 2.80 2.48  48.3 -0.381    18.20 19.51 02a59080o0865c       0    52.521449
59084.589183 18.273950 0.073196   170    12 c    0   1.20 7.8065 85.00886   428.53  2119.20 2.94 2.55 -69.1 -0.394    19.44 21.44 02a59084o0781c       0    24.464312
59084.596353 18.389700 0.088216   152    13 c    0   1.01 7.8065 85.00886   442.96  2163.70 3.07 2.62 -64.0 -0.386    19.35 21.46 02a59084o0796c       0    24.970034
59084.613629 18.631975 0.084823   120    10 c    0   1.14 7.8065 85.00886   408.97  2056.72 2.71 2.41 -68.6 -0.409    19.50 21.48 02a59084o0832c       0    23.547879
59084.615471 18.424171 0.084057   147    12 c    0   1.04 7.8065 85.00886   395.36  2163.87 2.73 2.46 -69.5 -0.402    19.49 21.46 02a59084o0836c       0    24.464312
59108.573620 18.693037 0.116649   113    13 c    0   1.08 7.8065 85.00886  3528.65  1727.30 2.31 2.26 -72.8 -0.410    19.32 21.11 02a59108o0765c       0    24.970034
59108.602034 18.806434 0.109570   101    11 c    0   1.08 7.8065 85.00886  3502.17  1682.87 2.40 2.34 -69.5 -0.404    19.49 21.31 02a59108o0826c       0    23.989635
59108.604828 18.767304 0.134516   105    14 c    0   1.05 7.8065 85.00886  3596.32  1743.81 2.67 2.39 -51.7 -0.403    19.41 21.28 02a59108o0832c       0    25.504952
59108.627434 18.558199 0.110951   129    14 c    0   1.03 7.8065 85.00886  3628.78  1616.50 2.41 2.40 -69.4 -0.401    19.21 20.96 02a59108o0880c       0    25.504952
59136.375072 18.955691 0.137146    87    12 c    0   0.85 7.8065 85.00886  2740.01  7486.66 2.46 2.39  55.7 -0.385    19.55 21.33 02a59136o0457c       0    24.464312
59136.378274 19.142275 0.149289    72    11 c    0   1.29 7.8065 85.00886  2723.76  7450.19 2.48 2.40  58.7 -0.384    19.51 21.33 02a59136o0464c       0    23.989635
59136.384698 19.226921 0.190737    66    13 c    0   0.99 7.8065 85.00886  2768.79  7511.85 2.68 2.35 -66.2 -0.395    19.49 21.32 02a59136o0478c       0    24.970034
59136.395692 18.796518 0.108574   102    11 c    0   1.62 7.8065 85.00886  2783.73  7386.48 2.47 2.29 -64.1 -0.407    19.56 21.32 02a59136o0502c       0    23.989635
59136.475319 19.155932 0.178665    71    13 c    0   0.91 7.8065 85.00886  8688.35  7839.38 2.88 2.59  54.2 -0.375    19.49 21.27 02a59136o0674c       0    24.970034
59136.524166 18.944322 0.147027    88    13 c    0   0.93 7.8065 85.00886  8649.28  7793.80 2.91 2.50  40.0 -0.374    19.47 21.22 02a59136o0728c       0    24.970034
59136.527070 19.089302 0.155105    76    12 c    0   0.94 7.8065 85.00886  8696.55  7888.17 2.73 2.59  89.5 -0.385    19.53 21.20 02a59136o0734c       0    24.464312
59136.532642 18.955691 0.160003    87    14 c    0   1.01 7.8065 85.00886  8712.94  7776.62 2.82 2.64  61.6 -0.377    19.48 21.19 02a59136o0746c       0    25.504952
59140.429493 19.014394 0.180956    82    15 c    0   1.15 7.8065 85.00886  6149.58  3527.55 2.68 2.32  34.5 -0.388    19.18 20.90 02a59140o0519c       0    26.067270
59140.432695 18.990530 0.165221    84    14 c    0   0.81 7.8065 85.00886  6126.79  3485.58 2.63 2.31  36.1 -0.389    19.26 20.98 02a59140o0526c       0    25.504952
59140.440052 18.806434 0.119531   101    12 c    0   1.73 7.8065 85.00886  6197.80  3569.25 2.62 2.33  34.7 -0.393    19.22 20.96 02a59140o0542c       0    24.464312
59140.450112 19.089302 0.297285    76    23 c    0   0.95 7.8065 85.00886  6226.03  3455.65 2.64 2.32  35.0 -0.394    18.71 20.31 02a59140o0564c       0    31.360845
59144.393245 19.169763 0.153117    70    11 c    0   0.84 7.8065 85.00886  6149.21  3531.75 2.28 2.24 -88.5 -0.401    19.55 21.16 02a59144o0394c       0    23.989635
59144.396458 19.128787 0.160850    73    12 c    0   1.03 7.8065 85.00886  6125.51  3489.63 2.39 2.23  41.7 -0.396    19.52 21.21 02a59144o0401c       0    24.464312
59144.401996 19.089302 0.155105    76    12 c    0   0.91 7.8065 85.00886  6196.24  3573.14 2.26 2.23  85.4 -0.403    19.57 21.28 02a59144o0413c       0    24.464312
59144.433350 19.226921 0.161393    66    11 c    0   0.93 7.8065 85.00886  6222.51  3458.54 2.42 2.25  41.0 -0.396    19.54 21.31 02a59144o0480c       0    23.989635
59194.319266 19.529530      NaN    18    10 c    0   1.05 7.8065 85.00886  6653.76  4829.32 2.53 2.45 -75.3 -0.370    19.54 22.80 01a59194o0296c       0    23.547879
59194.323430 20.137125 0.271434    24     8 c    0   1.85 7.8065 85.00886  6676.12  4864.67 2.58 2.51 -27.7 -0.361    19.54 22.78 01a59194o0305c       0    22.770652
59194.329477 19.894850 0.298577    32    11 c    0   1.05 7.8065 85.00886  6616.40  4803.54 2.57 2.50 -28.3 -0.360    19.54 22.79 01a59194o0318c       0    23.989635
59194.339757 19.922338 0.250555    31     9 c    0   1.25 7.8065 85.00886  6609.43  4926.13 2.70 2.59 -30.0 -0.358    19.51 22.82 01a59194o0340c       0    23.140929
59194.386513 19.922338      NaN   -48    13 c    0   0.80 7.8065 85.00886    85.75  3991.41 3.08 2.60  73.6 -0.345    19.48 22.87 01a59194o0441c       0    24.970034
59194.389743 19.271854      NaN    21    14 c    0   0.74 7.8065 85.00886   105.35  4038.67 3.22 2.60  79.5 -0.361    19.47 22.87 01a59194o0448c       0    25.504952
59194.396690 20.321591      NaN  -142     9 c    0   1.13 7.8065 85.00886    51.66  3927.52 2.96 2.46  75.8 -0.350    19.52 22.89 01a59194o0463c    4096    23.140929
59194.406833 20.039830      NaN    -3    10 c    0   0.92 7.8065 85.00886    45.40  4031.87 2.81 2.44  66.3 -0.371    19.56 22.90 01a59194o0485c       0    23.547879
59200.272274 19.351140      NaN    19    13 c    0   1.87 7.8065 85.00886  5541.66  7356.26 2.68 2.36 -62.4 -0.424    19.42 21.15 02a59200o0189c       0    24.970034
59200.275486 19.529530      NaN     9    13 c    0   1.68 7.8065 85.00886  5525.05  7315.70 2.77 2.45 -62.0 -0.413    19.40 21.15 02a59200o0196c       0    24.970034
59200.282367 19.841877      NaN   -11    14 c    0   1.37 7.8065 85.00886  5569.78  7392.69 2.73 2.61  52.4 -0.394    19.44 21.19 02a59200o0211c       0    25.504952
59200.294272 19.569016      NaN    13    11 c    0   2.28 7.8065 85.00886  5584.74  7275.73 2.58 2.54  72.4 -0.405    19.49 21.26 02a59200o0237c       0    23.989635
59218.323677 19.569016      NaN    16    10 c    0   1.34 7.8065 85.00886  7298.17  6938.67 2.63 2.51 -52.9 -0.361    19.40 21.23 01a59218o0287c       0    23.547879
59218.328348 19.334813      NaN    23    12 c    0   0.84 7.8065 85.00886  7325.27  6972.66 2.63 2.48 -55.9 -0.361    19.42 21.23 01a59218o0297c       0    24.464312
59218.333482 19.979496 0.352131    29    12 c    0   0.93 7.8065 85.00886  7244.65  6922.64 2.60 2.48 -46.2 -0.366    19.42 21.24 01a59218o0308c       0    24.464312
59218.347904 19.894850 0.325721    32    12 c    0   0.96 7.8065 85.00886  7219.12  7053.62 2.62 2.48 -58.2 -0.362    19.38 21.18 01a59218o0339c       0    24.464312
59220.240998 19.510313      NaN    16    11 c    0   0.96 7.8065 85.00886  2618.45  9917.79 2.56 2.27 -50.2 -0.428    19.56 21.29 02a59220o0106c       0    23.989635
59220.244674 19.367717      NaN    21    12 c    0   1.33 7.8065 85.00886  2604.32  9878.71 2.60 2.30 -52.0 -0.427    19.54 21.29 02a59220o0114c       0    24.464312
59220.250191 19.950541 0.257148    30     9 c    0   1.60 7.8065 85.00886  2641.36  9945.44 2.56 2.24 -50.8 -0.430    19.53 21.28 02a59220o0126c       0    23.140929
59220.260282 19.868040      NaN    -3    12 c    0   0.86 7.8065 85.00886  2653.77  9819.92 2.62 2.36 -52.8 -0.420    19.49 21.26 02a59220o0148c       0    24.464312
59222.210067 19.436675 0.231386    53    13 c    0   0.89 7.8065 85.00886  7345.95  6859.81 2.67 2.19 -82.8 -0.387    19.31 20.68 01a59222o0038c       0    24.970034
59222.213796 19.510313      NaN    19    10 c    0   1.45 7.8065 85.00886  7373.34  6890.89 2.59 2.18 -83.5 -0.398    19.53 21.19 01a59222o0046c       0    23.547879
59222.222092 19.922338 0.306233    31    11 c    0   1.03 7.8065 85.00886  7290.48  6842.34 2.71 2.20 -85.2 -0.406    19.59 21.51 01a59222o0064c       0    23.989635
59222.232255 19.696897      NaN    13     9 c    0   1.53 7.8065 85.00886  7278.71  6967.24 3.01 2.33 -83.2 -0.378    19.49 21.51 01a59222o0086c       0    23.140929
59226.241867 19.922338 0.306233    31    11 c    0   0.88 7.8065 85.00886  7646.37  2906.30 2.56 2.37 -80.0 -0.374    19.62 21.54 01a59226o0064c       0    23.989635
59226.247400 19.841877 0.284359    34    11 c    0   0.87 7.8065 85.00886  7666.64  2942.81 2.65 2.47 -78.0 -0.374    19.57 21.53 01a59226o0076c       0    23.989635
59226.252933 19.609992      NaN    14    10 c    0   1.26 7.8065 85.00886  7619.76  2885.64 2.68 2.61 -31.6 -0.357    19.55 21.57 01a59226o0088c       0    23.547879
59226.265406 20.137125 0.339293    24    10 c    0   1.11 7.8065 85.00886  7617.25  3013.74 2.56 2.48 -43.3 -0.365    19.59 21.58 01a59226o0115c       0    23.547879
59226.301011 19.510313      NaN    19    10 c    0   1.24 7.8065 85.00886  1682.39  2982.33 2.83 2.53  70.4 -0.377    19.56 21.63 01a59226o0192c       0    23.547879
59226.304236 19.472870      NaN    18    11 c    0   1.10 7.8065 85.00886  1702.13  3025.21 3.13 2.71  72.2 -0.367    19.44 21.64 01a59226o0199c       0    23.989635
59226.311666 19.791368 0.246758    36    10 c    0   1.42 7.8065 85.00886  1655.03  2927.44 2.71 2.46  70.0 -0.385    19.56 21.67 01a59226o0215c       0    23.547879
59226.324150 19.384550 0.186611    56    11 c    0   1.42 7.8065 85.00886  1651.82  3032.86 2.80 2.58  51.7 -0.373    19.56 21.63 01a59226o0242c       0    23.989635
59228.262765 19.401649      NaN    10    15 c    0   1.50 7.8065 85.00886  1100.22  4243.23 3.73 3.63 -46.1 -0.365    19.02 21.32 02a59228o0146c       0    26.067270
59228.269190 19.271854      NaN    21    14 c    0   1.51 7.8065 85.00886  1078.18  4211.65 3.79 3.66 -50.2 -0.353    18.98 21.31 02a59228o0160c       0    25.504952
59228.303813 19.334813      NaN    20    13 c    0   1.13 7.8065 85.00886  1149.81  4285.73 3.49 3.42 -30.4 -0.354    19.05 21.22 02a59228o0176c       0    24.970034
59228.316241 19.841877 0.361912    34    14 c    0   0.94 7.8065 85.00886  1172.85  4161.21 3.40 3.30 -40.5 -0.359    19.05 21.20 02a59228o0183c       0    25.504952
59228.349321 19.743105 0.283236    38    12 c    0   1.05 7.8065 85.00886  8513.77  4011.11 3.11 2.95  34.9 -0.353    19.30 21.33 02a59228o0255c       0    24.464312
59228.353469 19.868040 0.344258    33    13 c    0   1.19 7.8065 85.00886  8492.62  3964.11 3.07 2.96  39.3 -0.373    19.34 21.31 02a59228o0264c       0    24.970034
59228.359425 20.009244      NaN   -16    12 c    0   1.35 7.8065 85.00886  8557.46  4068.58 3.13 3.02  30.7 -0.378    19.23 21.32 02a59228o0277c       0    24.464312
59228.371810 19.302877      NaN    25    12 c    0   1.03 7.8065 85.00886  8585.45  3960.14 3.04 2.89  26.1 -0.361    19.31 21.32 02a59228o0304c       0    24.464312
59230.243916 19.589310 0.204856    45    10 c    0   0.99 7.8065 85.00886  1659.87  2997.22 2.60 2.21  70.0 -0.410    19.64 21.50 01a59230o0104c       0    23.547879
59230.247144 19.510313      NaN    19    10 c    0   1.44 7.8065 85.00886  1678.27  3040.62 2.79 2.22  71.9 -0.406    19.59 21.50 01a59230o0111c       0    23.547879
59230.253156 19.979496 0.293442    29    10 c    0   1.39 7.8065 85.00886  1628.93  2944.73 2.92 2.17  73.2 -0.405    19.57 21.50 01a59230o0124c       0    23.547879
59230.263356 19.472870 0.184023    51    10 c    0   1.13 7.8065 85.00886  1623.84  3055.22 2.61 2.26  68.8 -0.395    19.60 21.47 01a59230o0146c       0    23.547879
59250.212431 18.376212      NaN  -135    54 c    0   1.25 7.8065 85.00886  8365.82 10187.35 2.75 2.19 -72.9 -0.384    17.61 18.31 01a59250o0021c       0    58.056030
59250.212891 18.110074      NaN    52    49 c    0   1.52 7.8065 85.00886  6630.99   482.47 2.65 2.56 -41.8 -0.377    17.90 18.58 01a59250o0022c       0    53.436903
59250.216121 18.816441      NaN    25    25 c    0   1.16 7.8065 85.00886  6645.98   521.13 2.74 2.52  84.4 -0.397    18.61 19.51 01a59250o0029c       0    32.855785
59250.216582 18.944322      NaN    22    22 c    0   1.31 7.8065 85.00886  8403.30 10221.12 2.60 2.43 -75.5 -0.347    18.57 19.54 01a59250o0030c       0    30.634990
59250.222144 19.791368 0.320786    36    13 c    0   1.43 7.8065 85.00886  6611.30   454.01 2.63 2.49 -87.1 -0.394    19.30 20.80 01a59250o0042c       0    24.970034
59250.222605 19.652575 0.282291    42    13 c    0   1.16 7.8065 85.00886  8231.66 10215.22 2.49 2.35 -68.7 -0.356    19.29 20.81 01a59250o0043c       0    24.970034
59250.232302 19.791368 0.296110    36    12 c    0   0.98 7.8065 85.00886  6612.99   579.18 2.62 2.50 -51.3 -0.386    19.51 21.43 01a59250o0064c       0    24.464312
59250.232764 19.569016      NaN    13    11 c    0   0.91 7.8065 85.00886  8184.84 10362.82 2.58 2.40 -59.6 -0.356    19.48 21.40 01a59250o0065c       0    23.989635
59250.247088 19.696897      NaN     7    11 c    0   1.36 7.8065 85.00886  1605.28   218.38 2.67 2.32  47.9 -0.427    19.56 21.53 01a59250o0096c       0    23.989635
59250.250318 19.719755 0.323411    39    14 c    0   0.87 7.8065 85.00886  1621.46   260.72 2.75 2.36  45.5 -0.412    19.56 21.55 01a59250o0103c       0    25.504952
59250.256770 19.491430      NaN    17    11 c    0   1.33 7.8065 85.00886  1586.14   165.49 2.82 2.45  39.2 -0.404    19.55 21.58 01a59250o0117c       0    23.989635
59250.267885 19.791368      NaN     0    12 c    0   0.96 7.8065 85.00886  1589.47   274.96 2.89 2.50  40.0 -0.403    19.49 21.60 01a59250o0141c       0    24.464312
59252.224761 19.197966      NaN    23    15 c    0   1.05 7.8065 85.00886  5787.72  5417.53 2.68 2.30  38.4 -0.389    19.33 20.78 02a59252o0043c       0    26.067270
59252.234865 19.491430      NaN    11    13 c    0   0.99 7.8065 85.00886  5768.06  5374.57 2.51 2.23  36.9 -0.396    19.51 21.13 02a59252o0065c       0    24.970034
59252.240397 19.652575 0.238862    42    11 c    0   1.69 7.8065 85.00886  5823.33  5459.64 2.55 2.25  37.4 -0.399    19.48 21.16 02a59252o0077c       0    23.989635
59252.245897 19.384550      NaN    23    11 c    0   1.19 7.8065 85.00886  5844.92  5344.26 2.59 2.26  36.8 -0.393    19.50 21.17 02a59252o0089c       0    23.989635
59254.215131 18.847027      NaN   -26    35 c    0   1.25 7.8065 85.00886  1584.88   226.17 2.80 2.38  50.8 -0.379    18.27 19.05 01a59254o0023c       0    40.981735
59254.219275 18.666446      NaN    53    21 c    0   0.83 7.8065 85.00886  1602.83   268.64 2.63 2.29  45.3 -0.400    19.06 20.14 01a59254o0032c       0    29.924949
59254.227118 19.894850 0.352864    32    13 c    0   1.26 7.8065 85.00886  1568.47   173.34 2.64 2.27  47.4 -0.414    19.47 21.22 01a59254o0049c       0    24.970034
59254.238281 19.334813      NaN    20    13 c    0   1.19 7.8065 85.00886  1569.46   283.22 2.84 2.46  52.3 -0.393    19.47 21.40 01a59254o0073c       0    24.970034
59258.246829 19.894850 0.325721    32    12 c    0   0.95 7.8065 85.00886  2843.10  5093.64 2.39 2.35  45.3 -0.381    19.48 21.28 01a59258o0089c       0    24.464312
59258.254677 19.287255      NaN    23    13 c    0   0.79 7.8065 85.00886  2864.66  5132.53 2.45 2.39  88.8 -0.376    19.54 21.29 01a59258o0106c       0    24.970034
59258.258860 19.271854      NaN    27    12 c    0   0.67 7.8065 85.00886  2804.67  5039.67 2.46 2.39  80.4 -0.388    19.50 21.32 01a59258o0115c       0    24.464312
59258.271799 19.454622      NaN    19    11 c    0   0.97 7.8065 85.00886  2793.34  5144.20 2.37 2.34 -86.9 -0.388    19.52 21.32 01a59258o0143c       0    23.989635
59284.246852 19.384550      NaN     8    16 c    0   0.99 7.8065 85.00886 10106.85  8507.73 2.96 2.67  28.3 -0.370    19.24 20.90 02a59284o0002c       0    26.655254
59284.250531 19.922338      NaN   -17    13 c    0   1.75 7.8065 85.00886 10095.81  8461.13 2.81 2.72 -56.4 -0.377    19.35 20.90 02a59284o0010c       0    24.970034
59284.256026 19.841877      NaN   -10    14 c    0   1.47 7.8065 85.00886 10133.93  8564.08 2.90 2.67  25.5 -0.381    19.24 20.85 02a59284o0022c       0    25.504952
59284.267959 19.401649      NaN     4    17 c    0   0.89 7.8065 85.00886 10148.07  8456.99 3.15 2.81  25.9 -0.360    19.26 20.91 02a59284o0048c       0    27.267244
59318.599183 19.922338 0.334073    31    12 c    0   1.42 7.8065 85.00886  2540.88  9873.80 2.80 2.59 -37.7 -0.378    19.24 20.73 01a59318o0810c       0    24.464312
59318.618721 19.212347      NaN    25    14 c    0   1.20 7.8065 85.00886  2557.67  9834.23 2.66 2.54 -43.0 -0.366    19.29 20.70 01a59318o0852c       0    25.504952
59318.631810 18.944322      NaN   -42    32 c    0   1.01 7.8065 85.00886  2613.29  9910.54 2.86 2.73 -57.9 -0.373    18.45 19.38 01a59318o0880c       0    38.451301
59322.604135 18.550302      NaN    46    28 c    0   1.46 7.8065 85.00886  1121.79  4214.05 2.91 2.85 -82.2 -0.365    18.64 20.32 01a59322o0807c       0    35.192365
59322.609273 18.068904      NaN    84    41 c    0   1.23 7.8065 85.00886  1097.66  4198.17 2.88 2.81  15.1 -0.363    18.51 20.15 01a59322o0818c       0    46.211498
59322.624525 18.806434      NaN    23    26 c    0   1.17 7.8065 85.00886  1155.44  4276.82 2.74 2.70 -61.5 -0.369    18.54 19.89 01a59322o0851c       0    33.622947
59322.634215 17.303777      NaN   151    92 c    0   1.17 7.8065 85.00886  1173.71  4170.70 2.83 2.79 -60.2 -0.363    17.24 17.93 01a59322o0872c       2    94.437824
59326.607451 19.589310      NaN     0    15 c    0   1.09 7.8065 85.00886  1115.70  4246.22 2.95 2.62  88.4 -0.371    19.31 20.89 01a59326o0623c       0    26.067270
59326.611699 19.419021      NaN    18    12 c    0   1.14 7.8065 85.00886  1092.06  4228.00 2.79 2.49  89.5 -0.376    19.38 20.89 01a59326o0632c       0    24.464312
59326.616845 19.169763      NaN    25    15 c    0   0.75 7.8065 85.00886  1153.77  4286.08 2.81 2.55 -81.6 -0.366    19.29 20.80 01a59326o0643c       0    26.067270
59326.630307 18.323878      NaN     9    51 c    0   1.17 7.8065 85.00886  1169.13  4188.41 2.76 2.63 -68.7 -0.345    17.98 18.72 01a59326o0672c       0    55.276601
59374.545312 20.039830 0.310210    27    10 c    0   1.30 7.8065 85.00886  3948.10  9540.66 2.89 2.59 -59.1 -0.368    19.50 21.39 01a59374o0658c       0    23.547879
59374.548574 19.271854      NaN    27    12 c    0   0.64 7.8065 85.00886  3938.96  9495.22 2.88 2.64 -62.6 -0.357    19.52 21.40 01a59374o0665c       0    24.464312
59374.554154 19.696897 0.248815    40    11 c    0   1.05 7.8065 85.00886  3985.16  9570.27 2.70 2.54 -48.4 -0.363    19.55 21.43 01a59374o0677c       0    23.989635
59374.564799 19.950541 0.285720    30    10 c    0   1.37 7.8065 85.00886  4008.42  9457.11 2.88 2.51 -57.7 -0.375    19.54 21.52 01a59374o0700c       0    23.547879
59374.573807 19.950541      NaN     0    10 c    0   1.06 7.8065 85.00886  8802.26 10330.74 2.90 2.56 -70.3 -0.366    19.49 21.46 01a59374o0719c       0    23.547879
59374.578967 19.549093      NaN    11    12 c    0   0.75 7.8065 85.00886  8798.54 10262.04 2.74 2.45  89.2 -0.377    19.54 21.49 01a59374o0730c       0    24.464312
59374.597061 19.791368      NaN     3    11 c    0   1.06 7.8065 85.00886  8861.69 10340.38 2.78 2.53 -87.4 -0.371    19.52 21.44 01a59374o0769c       0    23.989635
59374.606356 19.549093      NaN     5    14 c    0   0.98 7.8065 85.00886  8888.64 10220.98 2.71 2.48 -74.2 -0.370    19.27 20.75 01a59374o0789c       0    25.504952
59378.513818 19.609992      NaN     8    12 c    0   1.17 7.8065 85.00886  4310.09  7066.59 2.70 2.51 -62.5 -0.380    19.46 21.19 01a59378o0589c       0    24.464312
59378.518087 19.419021      NaN    18    12 c    0   1.03 7.8065 85.00886  4297.75  7015.15 2.70 2.47 -88.4 -0.379    19.46 21.18 01a59378o0598c       0    24.464312
59378.523226 19.674510      NaN     8    11 c    0   1.23 7.8065 85.00886  4350.09  7090.88 2.62 2.41 -78.6 -0.379    19.50 21.18 01a59378o0609c       0    23.989635
59378.533403 20.009244 0.361912    28    12 c    0   1.34 7.8065 85.00886  4372.45  6977.83 2.74 2.64 -75.4 -0.373    19.43 21.17 01a59378o0631c       0    24.464312
59378.566539 19.367717      NaN    21    12 c    0   1.05 7.8065 85.00886 10038.43  8632.92 2.84 2.37 -79.8 -0.346    19.42 21.10 01a59378o0702c       0    24.464312
59378.570774 20.103715      NaN   -12    11 c    0   1.42 7.8065 85.00886 10031.64  8557.10 2.92 2.45 -86.2 -0.337    19.36 21.11 01a59378o0711c       0    23.989635
59378.593680 19.696897      NaN    13     9 c    0   1.88 7.8065 85.00886 10098.07  8633.75 2.81 2.38  88.5 -0.343    19.45 21.14 01a59378o0760c       0    23.140929
59378.606858 19.128787      NaN    28    15 c    0   1.12 7.8065 85.00886 10131.19  8503.83 2.76 2.51  71.9 -0.332    19.12 20.43 01a59378o0788c       0    26.067270
59382.599279 19.472870      NaN    18    11 c    0   1.15 7.8065 85.00886 10093.29  8551.31 3.01 2.54 -73.6 -0.332    19.49 21.18 01a59382o0588c       0    23.989635
59382.601240 19.419021      NaN    18    12 c    0   1.05 7.8065 85.00886 10085.31  8483.90 2.76 2.44 -88.2 -0.349    19.45 21.10 01a59382o0592c       0    24.464312
59382.604568 19.549093      NaN    11    12 c    0   1.13 7.8065 85.00886 10131.20  8585.76 2.82 2.55  82.9 -0.336    19.37 20.88 01a59382o0599c       0    24.464312
59382.610782 19.589310      NaN    -3    16 c    0   1.91 7.8065 85.00886 10153.13  8472.99 2.73 2.57  62.5 -0.319    18.89 19.92 01a59382o0612c       0    26.655254
59404.533486 19.271854      NaN    24    13 c    0   0.93 7.8065 85.00886  9339.24  2402.60 2.59 2.34 -68.8 -0.392    19.47 21.28 02a59404o0622c       0    24.970034
59404.540667 19.631075      NaN     7    12 c    0   1.20 7.8065 85.00886  9358.37  2436.54 2.84 2.33 -61.4 -0.392    19.48 21.30 02a59404o0637c       0    24.464312
59404.543422 19.436675      NaN    20    11 c    0   1.06 7.8065 85.00886  9312.95  2380.40 2.62 2.38 -70.1 -0.387    19.48 21.31 02a59404o0643c       0    23.989635
59404.551654 19.436675      NaN    17    12 c    0   1.05 7.8065 85.00886  9304.77  2506.50 2.76 2.32 -62.3 -0.397    19.45 21.28 02a59404o0661c       0    24.464312
59404.599169 19.287255      NaN    26    12 c    0   0.76 7.8065 85.00886  3410.49  3142.34 2.49 2.32 -73.4 -0.402    19.48 21.29 02a59404o0764c       0    24.464312
59404.605043 19.419021      NaN     0    18 c    0   1.41 7.8065 85.00886  3431.45  3184.04 2.69 2.38  52.8 -0.389    19.10 20.91 02a59404o0776c       0    27.901659
59404.609230 19.334813      NaN    11    16 c    0   1.02 7.8065 85.00886  3383.87  3095.51 2.49 2.36 -82.9 -0.394    19.25 20.92 02a59404o0785c       0    26.655254
59404.619326 18.702047      NaN   -17    40 c    0   1.02 7.8065 85.00886  3371.38  3206.74 2.55 2.39 -83.4 -0.391    17.86 18.91 02a59404o0807c       0    45.326621
59430.447799 20.071303 0.319334    26    10 c    0   1.10 7.8065 85.00886  2776.74  7510.65 2.46 2.21 -61.5 -0.396    19.61 21.39 01a59430o0457c       0    23.547879
59430.451029 19.631075      NaN    10    11 c    0   1.34 7.8065 85.00886  2761.54  7478.92 2.76 2.41 -65.5 -0.386    19.53 21.40 01a59430o0464c       0    23.989635
59430.456570 19.922338      NaN   -10    13 c    0   0.73 7.8065 85.00886  2810.94  7545.36 2.80 2.46 -66.4 -0.382    19.55 21.42 01a59430o0476c       0    24.970034
59430.490196 19.510313      NaN    16    11 c    0   1.20 7.8065 85.00886  2835.45  7447.40 2.81 2.35 -70.0 -0.379    19.56 21.47 01a59430o0548c       0    23.989635
59434.463272 19.816329      NaN     2    11 c    0   1.47 7.8065 85.00886  6116.61  3501.69 2.95 2.88 -48.7 -0.275    19.31 21.25 01a59434o0495c       0    23.989635
59434.466526 19.922338      NaN   -23    13 c    0   1.54 7.8065 85.00886  6088.77  3454.29 3.98 3.71 -73.2 -0.282    19.04 21.25 01a59434o0502c       0    24.970034
59434.472072 19.766969      NaN     1    12 c    0   1.39 7.8065 85.00886  6156.47  3537.19 3.58 3.13 -76.9 -0.306    19.18 21.27 01a59434o0514c       0    24.464312
59434.482221 19.922338      NaN    -9    13 c    0   0.81 7.8065 85.00886  6171.05  3421.68 2.90 2.75 -83.9 -0.335    19.30 21.22 01a59434o0536c       0    24.970034
59438.440035 20.282105 0.348987    20     9 c    0   0.93 7.8065 85.00886  6122.39  3502.40 2.55 2.44  78.6 -0.358    19.60 21.45 01a59438o0307c       0    23.140929
59438.442857 19.868040      NaN     6     9 c    0   1.23 7.8065 85.00886  6094.25  3461.09 2.47 2.30 -59.0 -0.389    19.70 21.46 01a59438o0313c       0    23.140929
59438.473736 19.719755      NaN    12     9 c    0   0.82 7.8065 85.00886  6145.76  3539.53 2.46 2.41 -77.7 -0.374    19.67 21.57 01a59438o0378c       0    23.140929
59438.480796 19.719755      NaN     9    10 c    0   0.93 7.8065 85.00886  6160.39  3425.36 2.61 2.46 -61.6 -0.379    19.60 21.57 01a59438o0393c       0    23.547879
59442.519512 19.609992      NaN    17     9 c    0   1.62 7.8065 85.00886  6408.80  9714.30 2.90 2.45 -52.0 -0.363    19.68 21.63 01a59442o0555c       0    23.140929
59442.522752 19.719755      NaN    12     9 c    0   1.41 7.8065 85.00886  6397.41  9673.15 2.76 2.54 -60.4 -0.351    19.67 21.62 01a59442o0562c       0    23.140929
59442.528307 19.841877      NaN     4    10 c    0   0.92 7.8065 85.00886  6439.56  9755.65 2.75 2.56 -62.2 -0.358    19.69 21.62 01a59442o0574c       0    23.547879
59442.591337 19.922338      NaN     1    10 c    0   0.96 7.8065 85.00886  3893.74   996.14 2.68 2.48  21.3 -0.425    19.72 21.90 01a59442o0709c       0    23.547879
59464.564088 19.766969      NaN   -19    15 c    0   1.29 7.8065 85.00886  4964.22  9754.15 2.82 2.56 -59.8 -0.392    19.45 21.25 02a59464o0692c       0    26.067270
59464.572933 19.766969      NaN    -9    15 c    0   1.13 7.8065 85.00886  4948.21  9715.06 2.83 2.74  85.7 -0.379    19.35 21.29 02a59464o0710c       0    26.067270
59464.608036 19.631075      NaN   -11    17 c    0   0.83 7.8065 85.00886  4971.07  9790.84 2.80 2.57 -62.8 -0.399    19.46 21.28 02a59464o0786c       0    27.267244
59468.439021 20.009244      NaN   -10    12 c    0   0.88 7.8065 85.00886  4802.64  7369.19 2.59 2.43  52.1 -0.388    19.40 21.12 02a59468o0481c       0    24.464312
59468.441850 19.256669      NaN    25    13 c    0   0.97 7.8065 85.00886  4828.25  7407.74 2.71 2.40  46.1 -0.377    19.40 21.13 02a59468o0487c       0    24.970034
59468.445066 19.510313      NaN    10    13 c    0   0.93 7.8065 85.00886  4754.15  7327.53 2.48 2.40  70.6 -0.399    19.41 21.13 02a59468o0494c       0    24.970034
59468.452403 20.103715      NaN    -8    11 c    0   1.41 7.8065 85.00886  4726.33  7441.12 2.57 2.37  47.6 -0.392    19.42 21.13 02a59468o0510c       0    23.989635
59472.496780 19.816329      NaN     2    11 c    0   0.80 7.8065 85.00886  5810.07  3199.24 2.42 2.22  32.9 -0.392    19.52 21.27 02a59472o0313c       0    23.989635
59472.500006 19.569016      NaN    13    11 c    0   1.16 7.8065 85.00886  5787.42  3159.65 2.40 2.18  35.0 -0.393    19.50 21.26 02a59472o0320c       0    23.989635
59472.506877 19.631075      NaN    16     9 c    0   1.61 7.8065 85.00886  5860.48  3240.32 2.31 2.22  52.8 -0.396    19.50 21.21 02a59472o0335c       0    23.140929
59472.540223 20.137125      NaN    -6    10 c    0   1.52 7.8065 85.00886  5888.76  3122.73 2.47 2.22  40.9 -0.393    19.46 21.19 02a59472o0407c       0    23.547879
59516.374919 19.318728      NaN    12    16 c    0   1.00 7.8065 85.00886  3939.56  7525.34 2.50 2.33  42.7 -0.387    19.23 20.87 02a59516o0420c       0    26.655254
59516.378129 19.841877      NaN    -2    12 c    0   1.05 7.8065 85.00886  3922.59  7487.48 2.48 2.31  40.4 -0.386    19.45 21.12 02a59516o0427c       0    24.464312
59516.384087 17.729132      NaN  -147    98 c    0   0.96 7.8065 85.00886  3966.80  7555.98 2.53 2.35  42.6 -0.387    17.65 19.13 02a59516o0440c       2   100.292086
59516.395088 19.287255      NaN    26    12 c    0   1.29 7.8065 85.00886  3981.46  7436.03 2.55 2.36  39.7 -0.380    19.45 21.15 02a59516o0464c       0    24.464312
59516.430409 18.174913      NaN  -141    65 c    0   0.88 7.8065 85.00886  9814.99  8676.53 2.79 2.57  56.8 -0.374    18.04 19.66 02a59516o0541c       2    68.406890
59516.433616 17.805624      NaN    80    62 c    0   1.05 7.8065 85.00886  9799.70  8629.73 2.75 2.60  86.3 -0.373    18.38 20.07 02a59516o0548c       2    65.562967
59516.436819 19.351140      NaN    -8    22 c    0   0.76 7.8065 85.00886  9839.87  8731.60 2.81 2.55  56.6 -0.373    19.03 20.75 02a59516o0555c       0    30.634990
59516.440119 19.569016      NaN   -25    18 c    0   0.84 7.8065 85.00886  9852.80  8623.47 2.78 2.59  58.4 -0.372    19.19 20.88 02a59516o0562c       0    27.901659
59524.394285 19.696897      NaN   -10    16 c    0   0.93 7.8065 85.00886  3397.18  3427.66 3.21 3.14  42.3 -0.342    19.06 20.89 02a59524o0468c       0    26.655254
59524.397487 19.510313      NaN     1    16 c    0   0.94 7.8065 85.00886  3374.92  3392.48 3.43 3.42 -20.3 -0.377    18.97 20.87 02a59524o0475c       0    26.655254
59524.403445 19.696897      NaN   -25    16 c    0   0.94 7.8065 85.00886  3445.83  3454.60 3.50 3.25  38.3 -0.332    19.03 20.87 02a59524o0488c       0    26.655254
59524.413973 19.719755      NaN    -6    15 c    0   0.92 7.8065 85.00886  3473.53  3330.21 3.13 2.96  34.4 -0.378    19.08 20.83 02a59524o0511c       0    26.067270
59615.221288 19.271854      NaN     0    21 c    0   1.00 7.8065 85.00886  9509.95  6300.90 2.65 2.47 -75.4 -0.418    18.97 20.20 02a59615o0047c       0    29.924949
59615.224970 19.510313      NaN   -24    19 c    0   1.23 7.8065 85.00886  9492.44  6252.81 2.89 2.67 -76.0 -0.400    19.06 20.52 02a59615o0055c       0    28.557006
59615.232341 19.841877      NaN   -14    14 c    0   1.20 7.8065 85.00886  9542.96  6357.57 2.68 2.58  61.7 -0.402    19.21 20.68 02a59615o0071c       0    25.504952
59615.242459 19.334813      NaN     8    17 c    0   0.86 7.8065 85.00886  9560.91  6253.97 2.67 2.56  86.2 -0.407    19.24 20.71 02a59615o0093c       0    27.267244
59635.274955 19.529530      NaN    -3    17 c    0   1.09 7.8065 85.00886  9885.11  2730.13 3.10 2.93 -15.9 -0.392    19.15 21.02 02a59635o0149c       0    27.267244
59635.278173 19.212347      NaN    13    18 c    0   1.03 7.8065 85.00886  9860.00  2674.87 3.31 3.17 -10.1 -0.369    19.06 21.01 02a59635o0156c       0    27.901659
59635.284130 19.696897      NaN   -21    16 c    0   1.31 7.8065 85.00886  9939.00  2800.98 3.13 2.95 -23.1 -0.385    19.16 21.02 02a59635o0169c       0    26.655254
59635.294685 18.967180      NaN    35    17 c    0   1.04 7.8065 85.00886  9979.48  2707.36 3.30 3.10 -19.4 -0.383    19.16 21.04 02a59635o0192c       0    27.267244
59711.575459 19.367717      NaN     6    17 c    0   1.21 7.8065 85.00886  7191.12  8753.20 3.32 3.05  33.6 -0.358    18.97 20.57 02a59711o0731c       0    27.267244
59711.578236 18.857417      NaN    30    22 c    0   0.92 7.8065 85.00886  7223.82  8784.08 3.50 3.28  31.0 -0.362    18.92 20.54 02a59711o0737c       0    30.634990
59711.588836 19.026525      NaN    15    22 c    0   0.87 7.8065 85.00886  7125.99  8726.49 3.39 3.21  22.7 -0.359    18.91 20.59 02a59711o0760c       0    30.634990
59711.604512 19.696897      NaN    -5    15 c    0   1.41 7.8065 85.00886  7099.23  8847.09 3.08 2.92  28.4 -0.370    19.03 20.58 02a59711o0794c       0    26.067270
59727.603815 19.076453      NaN    17    20 c    0   0.94 7.8065 85.00886  7167.44  7066.28 3.05 2.64  34.8 -0.377    18.53 20.04 02a59727o0797c    8192    29.231876
59767.533385 12.148782      NaN  3190 15659 c    0   0.98 7.8065 85.00886  9485.38  4311.47 2.93 2.74  19.6 -0.386    13.00 14.32 02a59767o0607c       2 15659.014512
59767.536714 14.551069      NaN -1533  1830 c    0   0.94 7.8065 85.00886  9431.42  4260.76 2.83 2.77  30.5 -0.388    14.07 15.35 02a59767o0614c       2  1830.124177
59767.575683 18.298627      NaN   -60    58 c    0   0.83 7.8065 85.00886  2870.29  4969.39 2.81 2.77 -72.3 -0.384    18.46 19.90 02a59767o0699c    8192    61.794034
59767.580230 19.766969      NaN   -37    15 c    0   1.42 7.8065 85.00886  2890.25  5011.33 2.60 2.55  57.2 -0.393    18.98 20.35 02a59767o0709c    8192    26.067270
59767.617684 16.743181      NaN  -175   243 c    0   1.23 7.8065 85.00886  2820.93  5017.88 2.60 2.47  52.2 -0.408    15.51 16.53 02a59767o0791c       2   243.933398
59791.375081 19.696897      NaN   -11    16 c    0   0.72 7.8065 85.00886  3944.90  8976.09 2.63 2.34 -52.1 -0.407    19.28 21.06 02a59791o0239c       0    26.655254
59791.377900 19.816329      NaN    -4    13 c    0   1.48 7.8065 85.00886  3980.02  9033.90 2.61 2.52 -43.9 -0.401    19.22 21.09 02a59791o0245c       0    24.970034
59791.383023 19.351140      NaN    16    14 c    0   0.94 7.8065 85.00886  3879.36  8942.97 2.68 2.51  26.4 -0.383    19.28 20.96 02a59791o0256c       0    25.504952
59791.398633 19.367717      NaN    21    12 c    0   1.66 7.8065 85.00886  3848.11  9054.36 2.67 2.62  12.0 -0.384    19.25 20.91 02a59791o0290c       0    24.464312
59819.518658 19.367717      NaN    18    13 c    0   1.08 7.8065 85.00886  2632.73  9921.19 2.45 2.18 -62.5 -0.453    19.47 21.20 02a59819o0646c       0    24.970034
59819.521961 19.609992      NaN     8    12 c    0   0.86 7.8065 85.00886  2929.56   684.11 2.60 2.27  66.7 -0.417    19.31 21.23 02a59819o0653c       0    24.464312
59819.524231 19.549093      NaN     8    13 c    0   0.86 7.8065 85.00886  2945.73   725.98 2.49 2.24  81.3 -0.435    19.38 21.23 02a59819o0658c       0    24.970034
59819.529225 19.868040      NaN    -3    12 c    0   1.06 7.8065 85.00886  2911.16   635.42 2.64 2.29 -72.8 -0.431    19.40 21.26 02a59819o0669c       0    24.464312
59819.534653 19.766969      NaN   -18    15 c    0   0.80 7.8065 85.00886  2900.42   748.29 2.54 2.23 -76.8 -0.440    19.46 21.27 02a59819o0681c       0    26.067270
59819.552884 19.589310      NaN     0    15 c    0   1.00 7.8065 85.00886  2600.04  9873.31 2.51 2.24 -58.0 -0.441    19.51 21.29 02a59819o0721c       0    26.067270
59819.579495 19.743105      NaN     2    12 c    0   1.38 7.8065 85.00886  2625.06  9934.25 2.46 2.19 -59.6 -0.448    19.47 21.31 02a59819o0779c       0    24.464312
59819.604500 20.009244      NaN   -28    12 c    0   1.22 7.8065 85.00886  2630.96  9810.90 2.48 2.20 -60.0 -0.444    19.46 21.27 02a59819o0833c       0    24.464312
59845.422683 19.696897      NaN   -12    16 c    0   0.94 7.8065 85.00886  6281.45  9803.85 3.46 3.07 -59.5 -0.324    19.10 20.88 01a59845o0382c       0    26.655254
59845.425925 19.076453      NaN     2    25 c    0   1.20 7.8065 85.00886  6268.94  9761.89 3.41 3.08 -60.3 -0.332    18.72 20.51 01a59845o0389c       0    32.855785
59845.429617 19.351140      NaN   -65    22 c    0   2.03 7.8065 85.00886  6310.39  9842.44 3.43 3.03 -55.2 -0.332    18.69 20.44 01a59845o0397c       0    30.634990
59845.434708 18.729535      NaN   -54    39 c    0   1.17 7.8065 85.00886  6325.06  9725.94 3.40 3.19 -65.9 -0.331    18.25 20.01 01a59845o0408c       0    44.446626
59845.483194 17.922662      NaN   -52    82 c    0   1.25 7.8065 85.00886  9318.30  9920.50 3.32 2.92 -71.0 -0.334    17.12 18.78 01a59845o0509c       2    84.726044
59845.507463 18.955691      NaN    -3    30 c    0   0.80 7.8065 85.00886  9318.26  9990.28 3.33 3.15 -78.1 -0.314    18.37 20.14 01a59845o0558c       0    36.803568
59845.510288 17.958558      NaN     5    75 c    0   0.79 7.8065 85.00886  9146.19 10008.82 3.52 2.99 -59.3 -0.332    17.36 19.05 01a59845o0564c       2    77.971165
59849.435745 19.766969      NaN     7    10 c    0   1.56 7.8065 85.00886  8581.08 10497.59 3.42 3.21 -74.7 -0.281    19.44 21.38 01a59849o0199c       0    23.547879
59849.470177 19.529530      NaN    12    12 c    0   1.08 7.8065 85.00886  8648.14 10461.38 3.54 3.09 -56.5 -0.298    19.47 21.28 01a59849o0269c       0    24.464312
59849.517306 19.841877      NaN    -5    13 c    0   1.08 7.8065 85.00886  6706.33   544.93 3.45 3.16  28.6 -0.320    19.31 21.21 01a59849o0368c       0    24.970034
59849.539679 19.529530      NaN    12    12 c    0   0.94 7.8065 85.00886  6743.97   590.47 3.14 3.02  32.0 -0.366    19.43 21.24 01a59849o0414c       0    24.464312
59849.568024 20.039830      NaN    -6    11 c    0   1.08 7.8065 85.00886  6735.86   534.29 3.17 3.06  17.3 -0.360    19.40 21.25 01a59849o0473c       0    23.989635
59849.571297 19.766969      NaN     4    11 c    0   1.62 7.8065 85.00886  6729.21   655.90 3.12 3.04  -0.4 -0.384    19.39 21.21 01a59849o0480c       0    23.989635
59853.357769 19.841877      NaN    -2    12 c    0   1.23 7.8065 85.00886  3635.50 10138.67 3.59 3.23 -67.5 -0.288    19.41 21.27 01a59853o0341c       0    24.464312
59853.359633 19.766969      NaN     1    12 c    0   1.37 7.8065 85.00886  3622.94 10100.81 3.69 3.39 -78.4 -0.269    19.34 21.26 01a59853o0345c       0    24.464312
59853.362414 20.103715      NaN   -31    11 c    0   1.58 7.8065 85.00886  3662.21 10170.97 3.77 3.47 -77.3 -0.250    19.37 21.27 01a59853o0351c       0    23.989635
59853.422199 19.922338      NaN   -21    13 c    0   0.86 7.8065 85.00886  6623.66   610.19 3.31 3.19  80.3 -0.368    19.40 21.27 01a59853o0478c       0    24.970034
59853.471178 20.009244      NaN   -20    12 c    0   0.83 7.8065 85.00886  8802.07 10009.37 3.34 3.06 -65.6 -0.329    19.33 21.10 01a59853o0583c       0    24.464312
59853.474451 19.549093      NaN    14    11 c    0   1.24 7.8065 85.00886  8854.56 10026.20 3.34 3.14 -61.8 -0.325    19.32 21.10 01a59853o0590c       0    23.989635
59853.479588 19.841877      NaN     1    11 c    0   1.10 7.8065 85.00886  8682.91 10036.11 3.38 3.12 -70.3 -0.321    19.30 21.09 01a59853o0601c       0    23.989635
59853.517201 19.241693      NaN    23    14 c    0   1.19 7.8065 85.00886  1678.88   387.40 3.49 3.19  55.3 -0.364    19.40 21.14 01a59853o0681c       0    25.504952
59853.543841 19.287255      NaN    23    13 c    0   1.02 7.8065 85.00886  1708.10   430.93 3.43 3.02  50.2 -0.348    19.34 21.08 01a59853o0738c       0    24.970034
59853.572151 19.766969      NaN    -5    14 c    0   1.00 7.8065 85.00886  1689.47   332.85 3.38 3.03  42.9 -0.359    19.34 21.04 01a59853o0798c       0    25.504952
59853.597121 19.950541      NaN     0    10 c    0   1.86 7.8065 85.00886  1705.89   440.54 3.48 3.08  42.2 -0.339    19.35 21.04 01a59853o0851c       0    23.547879
59857.510271 19.922338      NaN    -8    13 c    0   0.81 7.8065 85.00886  9465.76  4038.16 2.93 2.77 -77.8 -0.366    19.29 20.76 01a59857o0235c       0    24.970034
59857.513045 19.922338      NaN    -9    13 c    0   1.03 7.8065 85.00886  9487.20  4070.22 3.07 2.87  27.1 -0.315    19.27 20.88 01a59857o0241c       0    24.970034
59857.518616 19.384550      NaN    23    11 c    0   1.21 7.8065 85.00886  9434.64  4031.86 3.04 2.90  29.3 -0.328    19.33 21.01 01a59857o0253c       0    23.989635
59857.528823 19.719755      NaN     3    12 c    0   0.81 7.8065 85.00886  9430.48  4170.08 2.94 2.84  28.9 -0.342    19.35 21.01 01a59857o0275c       0    24.464312
59857.633122 18.990530      NaN    36    16 c    0   0.93 7.8065 85.00886  2976.73  5223.34 3.28 2.93  32.8 -0.322    19.13 20.59 01a59857o0498c       0    26.655254
59857.635898 19.401649      NaN     7    16 c    0   1.37 7.8065 85.00886  2999.05  5264.29 3.23 2.92  34.1 -0.328    18.97 20.23 01a59857o0504c       0    26.655254
59857.638680 19.002397      NaN    11    24 c    0   1.01 7.8065 85.00886  2938.98  5173.66 3.26 2.96  30.3 -0.327    18.70 19.65 01a59857o0510c       0    32.101442
59857.641467 18.550302      NaN    34    32 c    0   1.13 7.8065 85.00886  2926.37  5285.75 3.24 2.91  35.7 -0.320    18.28 18.87 01a59857o0516c       0    38.451301
59871.420140 19.549093      NaN    14    11 c    0   1.00 7.8065 85.00886  5818.46  3211.31 2.39 2.30  57.4 -0.407    19.45 21.13 02a59871o0501c       0    23.989635
59871.423310 19.743105      NaN     5    11 c    0   1.03 7.8065 85.00886  5795.48  3170.48 2.40 2.29  50.1 -0.410    19.46 21.10 02a59871o0508c       0    23.989635
59871.430113 19.950541      NaN     0    10 c    0   1.14 7.8065 85.00886  5868.50  3249.50 2.49 2.34  46.1 -0.405    19.39 21.09 02a59871o0523c       0    23.547879
59871.441883 19.894850      NaN    -4    12 c    0   1.00 7.8065 85.00886  5898.92  3134.45 2.46 2.27  45.2 -0.408    19.45 21.08 02a59871o0549c       0    24.464312
59875.415983 19.696897      NaN    -8    16 c    0   1.08 7.8065 85.00886  3939.60  9555.87 2.73 2.57 -66.8 -0.402    19.23 20.83 02a59875o0492c       0    26.655254
59875.419158 19.256669      NaN    16    16 c    0   0.77 7.8065 85.00886  3925.79  9519.29 2.69 2.55 -64.8 -0.413    19.27 20.83 02a59875o0499c       0    26.655254
59875.424610 19.454622      NaN     4    16 c    0   1.02 7.8065 85.00886  3962.91  9588.43 2.76 2.60 -70.2 -0.405    19.27 20.84 02a59875o0511c       0    26.655254
59875.435046 18.990530      NaN    24    20 c    0   0.65 7.8065 85.00886  3974.54  9467.45 2.91 2.81 -68.4 -0.398    19.23 20.85 02a59875o0534c       0    29.231876
59875.493562 19.529530      NaN     3    15 c    0   1.36 7.8065 85.00886  8877.61 10275.75 2.84 2.67 -63.4 -0.384    19.39 20.98 02a59875o0659c       0    26.067270
59875.526546 19.696897      NaN   -35    16 c    0   1.14 7.8065 85.00886  8847.80 10228.11 3.07 2.78 -69.8 -0.375    19.29 20.88 02a59875o0731c       0    26.655254
59875.529745 19.271854      NaN     9    18 c    0   1.27 7.8065 85.00886  8885.66 10324.24 3.37 3.17 -66.6 -0.374    19.15 20.88 02a59875o0738c       0    27.901659
59875.535209 19.183773      NaN    15    18 c    0   1.07 7.8065 85.00886  8897.21 10210.69 3.35 3.11 -72.9 -0.368    19.17 20.86 02a59875o0750c       0    27.901659
59883.394737 19.766969      NaN    -2    13 c    0   1.10 7.8065 85.00886  4314.66  7088.61 2.56 2.33  38.9 -0.401    19.33 20.82 02a59883o0456c       0    24.970034
59883.398353 19.302877      NaN    19    14 c    0   1.26 7.8065 85.00886  4298.76  7050.43 2.51 2.32  36.8 -0.400    19.34 20.81 02a59883o0464c       0    25.504952
59883.404724 19.696897      NaN    -5    15 c    0   1.02 7.8065 85.00886  4345.49  7122.00 2.56 2.35  36.1 -0.401    19.34 20.81 02a59883o0478c       0    26.067270
59883.415619 19.063754      NaN    33    15 c    0   0.95 7.8065 85.00886  4361.02  7000.39 2.53 2.33  30.9 -0.400    19.33 20.79 02a59883o0502c       0    26.067270
59883.474584 19.529530      NaN    -3    17 c    0   0.71 7.8065 85.00886 10130.04  8496.08 2.76 2.62 -89.3 -0.395    19.33 20.83 02a59883o0632c       0    27.267244
59883.477754 19.631075      NaN     1    14 c    0   1.13 7.8065 85.00886 10114.05  8449.73 2.76 2.61  72.0 -0.399    19.30 20.83 02a59883o0639c       0    25.504952
59883.484141 19.841877      NaN   -12    14 c    0   1.06 7.8065 85.00886 10153.20  8554.25 2.78 2.67  77.0 -0.393    19.31 20.83 02a59883o0653c       0    25.504952
59883.518668 19.841877      NaN   -13    14 c    0   1.25 7.8065 85.00886 10152.35  8450.42 2.73 2.64 -78.8 -0.401    19.34 20.85 02a59883o0728c       0    25.504952
59897.327428 19.791368      NaN     0    12 c    0   0.97 7.8065 85.00886  9053.79  2209.18 3.09 2.90  13.9 -0.369    19.38 21.14 01a59897o0312c       0    24.464312
59897.330662 19.334813      NaN    20    13 c    0   0.97 7.8065 85.00886  9072.62  2239.98 3.11 3.00 -44.8 -0.386    19.42 21.14 01a59897o0319c       0    24.970034
59897.333487 19.696897      NaN     4    12 c    0   1.16 7.8065 85.00886  9028.29  2189.87 3.19 3.02 -70.4 -0.393    19.37 21.11 01a59897o0325c       0    24.464312
59897.338591 19.766969      NaN    -2    13 c    0   0.86 7.8065 85.00886  9023.42  2315.17 3.07 3.04 -54.5 -0.393    19.35 20.99 01a59897o0336c       0    24.970034
59901.266658 20.103715      NaN   -12    11 c    0   1.21 7.8065 85.00886  9024.96  2177.39 3.07 2.94 -66.6 -0.403    19.45 21.20 01a59901o0155c       0    23.989635
59901.269893 19.841877      NaN   -29    14 c    0   0.72 7.8065 85.00886  9042.07  2208.02 3.20 2.90 -65.9 -0.417    19.45 21.19 01a59901o0162c       0    25.504952
59901.275899 19.652575      NaN     3    13 c    0   0.80 7.8065 85.00886  8997.51  2158.82 3.04 2.95 -68.3 -0.401    19.44 21.17 01a59901o0175c       0    24.970034
59901.286082 19.719755      NaN    -3    14 c    0   0.79 7.8065 85.00886  8993.78  2284.47 3.19 2.95 -78.4 -0.395    19.40 21.13 01a59901o0197c       0    25.504952
59901.366722 19.609992      NaN    14    10 c    0   1.29 7.8065 85.00886  3194.02  3355.09 3.19 2.92  45.0 -0.347    19.44 21.28 01a59901o0353c       0    23.547879
59901.395636 19.569016      NaN    10    12 c    0   0.95 7.8065 85.00886  3223.71  3398.20 3.39 3.02  39.4 -0.327    19.38 21.26 01a59901o0414c       0    24.464312
59901.398417 19.569016      NaN    13    11 c    0   1.48 7.8065 85.00886  3171.67  3313.80 3.54 3.11  39.9 -0.318    19.36 21.26 01a59901o0420c       0    23.989635
59901.404426 19.791368      NaN     0    12 c    0   1.25 7.8065 85.00886  3165.37  3429.05 3.30 3.07  29.7 -0.345    19.39 21.25 01a59901o0433c       0    24.464312
59905.375367 19.816329      NaN     2    11 c    0   1.04 7.8065 85.00886  7507.74  5064.66 3.39 3.26  31.4 -0.294    19.30 21.18 01a59905o0364c       0    23.989635
59905.424571 20.103715      NaN   -10    11 c    0   1.21 7.8065 85.00886   938.34  4802.61 3.59 3.18  40.0 -0.272    19.34 21.22 01a59905o0470c       0    23.989635
59905.427804 19.401649      NaN    19    12 c    0   1.07 7.8065 85.00886   960.51  4848.43 3.38 3.03  42.3 -0.288    19.40 21.23 01a59905o0477c       0    24.464312
59909.206130 19.922338      NaN    -8    13 c    0   1.02 7.8065 85.00886  9488.91  6348.77 3.23 2.94  43.6 -0.350    19.28 20.94 01a59909o0048c       0    24.970034
59909.211236 19.816329      NaN    -1    12 c    0   1.17 7.8065 85.00886  9542.70  6446.37 3.30 3.03  42.3 -0.341    19.28 20.98 01a59909o0059c       0    24.464312
59909.221914 19.841877      NaN    -2    12 c    0   1.31 7.8065 85.00886  9568.41  6325.04 3.29 3.08  35.7 -0.347    19.27 21.01 01a59909o0082c       0    24.464312
59927.272038 19.868040      NaN    -3    12 c    0   1.17 7.8065 85.00886  3490.25  3365.78 2.45 2.33  39.2 -0.410    19.32 20.95 02a59927o0189c    8192    24.464312
60060.582767 18.459772      NaN  -583    50 c    0   8.09 7.8065 85.00886  7676.92 10524.03 2.82 2.71 -11.3 -0.388    18.86 20.37 02a60060o0722c    8192    54.355336