         MJD         m       dm     uJy  duJy F  err  chi/N        RA       Dec        x        y  maj  min   phi  apfit  mag5sig   Sky            Obs    Mask    duJy_new
57985.488562 18.417189      NaN  -134.5    52 c    0   1.05 342.56704 -44.86486  5245.80  2245.59 3.87 3.30  65.6 -0.379    18.06 20.81 02a57985o0524c    8192   58.102029
57985.497318 17.509244      NaN    38.5   120 c    0   1.03 342.56704 -44.86486  5302.92  2323.38 5.63 4.95  61.8 -0.315    17.61 20.46 02a57985o0542c       2  122.767446
57985.504590 19.302877      NaN    51.5    23 c    0   1.07 342.56704 -44.86486  5332.07  2209.79 3.93 3.34  64.4 -0.365    18.70 21.30 02a57985o0557c    8192   34.653221
57989.468219 19.454622      NaN   -56.5    20 c    0   1.06 342.56704 -44.86486  4850.88   977.03 2.89 2.57  65.9 -0.419    18.95 20.57 02a57989o0475c       0   32.739055
57989.479058 18.048890      NaN   -40.5    73 c    0   1.60 342.56704 -44.86486  4839.79   936.55 2.94 2.60  71.9 -0.426    17.89 19.47 02a57989o0497c       2   77.465126
57989.490472 18.550302      NaN   113.5    46 c    0   2.80 342.56704 -44.86486  4897.25  1013.90 2.85 2.57  66.9 -0.425    17.99 19.58 02a57989o0520c       0   52.800054
57989.502358 18.944322      NaN   -12.5    32 c    0   1.14 342.56704 -44.86486  4913.80   895.04 2.82 2.53  72.1 -0.419    18.80 20.39 02a57989o0544c       0   41.180647
58017.415108 19.766969      NaN    -8.5    15 c    0   0.77 342.56704 -44.86486  3722.78  5762.63 2.67 2.41  45.8 -0.451    19.45 21.13 02a58017o0296c       0   29.947383
58017.423389 20.103715      NaN   -26.5    11 c    0   1.87 342.56704 -44.86486  3697.78  5724.14 2.53 2.35  47.5 -0.454    19.45 21.11 02a58017o0314c       0   28.157516
58017.432198 19.766969      NaN    13.5    15 c    0   1.17 342.56704 -44.86486  3754.50  5800.77 2.55 2.41  50.5 -0.446    19.44 21.09 02a58017o0333c       0   29.947383
58017.440532 19.841877      NaN    -4.5    14 c    0   1.12 342.56704 -44.86486  3785.08  5684.18 2.56 2.41  57.1 -0.448    19.40 21.06 02a58017o0351c       0   29.459221
58021.416436 20.103715      NaN    25.5    11 c    0   1.38 342.56704 -44.86486  6407.52  7009.72 2.51 2.43  60.9 -0.454    19.47 21.09 02a58021o0434c       0   28.157516
58021.426118 19.922338      NaN    25.5    13 c    0   1.41 342.56704 -44.86486  6396.50  6969.95 2.45 2.40  69.1 -0.463    19.51 21.09 02a58021o0455c       0   28.997340
58021.434873 19.841877      NaN    -7.5    14 c    0   1.01 342.56704 -44.86486  6454.31  7044.99 2.70 2.53  71.5 -0.447    19.44 21.10 02a58021o0474c       0   29.459221
58281.588338 19.631075      NaN    28.5    17 c    0   1.11 342.56704 -44.86486  4920.59  5157.15 2.53 2.45  -4.0 -0.410    18.93 21.36 02a58281o0706c       0   30.997512
58281.596173 19.631075      NaN     3.5    17 c    0   1.13 342.56704 -44.86486  4946.03  5197.33 2.47 2.37   6.1 -0.416    19.03 21.40 02a58281o0723c       0   30.997512
58281.604063 19.510313      NaN   -13.5    19 c    0   1.15 342.56704 -44.86486  4889.64  5121.18 2.58 2.52 -21.6 -0.412    18.93 21.37 02a58281o0740c       0   32.137917
58281.611897 19.169763      NaN   -37.5    26 c    0   1.20 342.56704 -44.86486  4859.87  5238.05 2.56 2.47  10.3 -0.419    18.54 21.09 02a58281o0757c       0   36.713018
58285.594920 20.009244      NaN    25.5    12 c    0   1.23 342.56704 -44.86486  3791.89  5593.17 2.48 2.41 -58.8 -0.417    19.53 21.29 02a58285o0763c       0   28.563013
58285.602853 20.009244      NaN    -3.5    12 c    0   0.89 342.56704 -44.86486  3802.97  5633.53 2.49 2.43 -40.0 -0.409    19.47 21.15 02a58285o0780c       0   28.563013
58285.610765 19.696897      NaN    24.5    16 c    0   1.42 342.56704 -44.86486  3745.82  5557.93 2.42 2.35 -33.2 -0.423    19.07 20.33 02a58285o0797c       0   30.460560
58285.618636 18.094452      NaN   139.5    70 c    0   1.26 342.56704 -44.86486  3716.34  5674.32 2.43 2.37 -45.1 -0.445    17.66 18.59 02a58285o0814c       2   74.644797
58309.543257 20.207197      NaN    10.5    10 c    0   1.52 342.56704 -44.86486  5572.75  6749.28 2.36 2.32  46.8 -0.442    19.56 21.40 02a58309o0650c       0   27.782112
58309.552426 20.207197      NaN   -12.5    10 c    0   1.07 342.56704 -44.86486  5582.05  6786.49 2.43 2.35 -53.3 -0.423    19.65 21.51 02a58309o0670c       0   27.782112
58309.554257 20.207197      NaN    41.5    10 c    0   1.50 342.56704 -44.86486  5526.67  6709.04 2.36 2.33  57.1 -0.441    19.65 21.52 02a58309o0674c       0   27.782112
58309.563492 20.009244      NaN     1.5    12 c    0   1.00 342.56704 -44.86486  5494.75  6824.92 2.51 2.46  71.8 -0.438    19.63 21.56 02a58309o0694c       0   28.563013
58313.525417 17.203704      NaN    -1.5   159 c    0   1.06 342.56704 -44.86486  4818.69  6517.86 2.54 2.41  -5.0 -0.437    17.52 19.85 02a58313o0258c       2  161.098869
58313.532734 16.304443      NaN   170.5   364 c    0   0.76 342.56704 -44.86486  4775.44  6478.47 2.55 2.46 -18.8 -0.424    17.16 19.61 02a58313o0274c       2  364.921698
58313.534564 16.372132      NaN  -110.5   342 c    0   1.09 342.56704 -44.86486  4842.77  6555.38 2.48 2.41 -12.0 -0.443    16.80 19.21 02a58313o0278c       2  342.980824
58313.547032 19.089302      NaN   -36.5    28 c    0   1.24 342.56704 -44.86486  4755.60  6593.60 2.41 2.38  29.2 -0.430    18.63 20.97 02a58313o0305c    8192   38.155546
58333.586575 19.089302      NaN    71.5    28 c    0   1.12 342.56704 -44.86486  6334.95  3938.78 2.76 2.59  85.0 -0.416    18.63 19.83 02a58333o0748c       0   38.155546
58333.594433 19.051202      NaN    30.5    29 c    0   0.92 342.56704 -44.86486  6322.03  3901.33 2.88 2.70 -83.4 -0.399    18.55 19.79 02a58333o0765c       0   38.895318
58333.603293 19.169763      NaN   145.5    26 c    0   0.93 342.56704 -44.86486  6377.70  3979.43 2.98 2.79 -77.0 -0.403    18.51 19.74 02a58333o0784c       0   36.713018
58337.479029 19.302877      NaN   116.5    23 c    0   0.65 342.56704 -44.86486  4429.46  5051.81 2.50 2.41 -14.3 -0.416    18.90 21.31 02a58337o0528c       0   34.653221
58337.490836 19.302877      NaN   102.5    23 c    0   1.02 342.56704 -44.86486  4452.46  5088.84 2.43 2.38 -70.2 -0.428    18.82 21.21 02a58337o0553c       0   34.653221
58337.499987 19.401649      NaN    77.5    21 c    0   1.21 342.56704 -44.86486  4382.08  5010.39 2.47 2.36 -80.5 -0.422    18.64 21.14 02a58337o0573c       0   33.359342
58337.504563 19.212347      NaN    74.5    25 c    0   1.09 342.56704 -44.86486  4367.56  5124.61 2.47 2.30 -81.4 -0.429    18.59 21.08 02a58337o0583c       0   36.011744
58341.471567 19.922338      NaN   126.5    13 c    0   0.78 342.56704 -44.86486  7113.16  4467.24 2.75 2.54 -50.8 -0.402    19.54 21.35 02a58341o0518c       0   28.997340
58341.481522 20.449472      NaN   133.5     8 c    0   2.10 342.56704 -44.86486  7122.58  4504.55 2.74 2.55 -56.7 -0.406    19.54 21.37 02a58341o0539c       0   27.126476
58341.490586 20.009244      NaN   128.5    12 c    0   1.37 342.56704 -44.86486  7050.62  4545.20 2.76 2.56 -56.3 -0.408    19.58 21.38 02a58341o0558c       0   28.563013
58341.492873 19.766969      NaN   146.5    15 c    0   0.69 342.56704 -44.86486  7065.69  4426.23 2.62 2.51 -67.7 -0.410    19.60 21.37 02a58341o0563c       0   29.947383
58345.466308 16.505982      NaN   355.5   252 c    0   1.01 342.56704 -44.86486  7164.86  5901.60 2.64 2.48 -54.2 -0.379    16.16 17.87 02a58345o0509c       2  253.329520
58345.472711 17.259754      NaN    82.5   151 c    0   0.85 342.56704 -44.86486  7179.05  5958.34 2.63 2.48 -55.7 -0.395    16.68 18.38 02a58345o0523c       2  153.208504
58345.482960 17.150406      NaN  -173.5   167 c    0   1.38 342.56704 -44.86486  3426.24  4691.07 2.60 2.57  88.4 -0.405    16.82 18.59 02a58345o0545c       2  168.999544
58345.495240 18.311179      NaN   208.5    56 c    0   2.67 342.56704 -44.86486  3438.28  4571.19 2.73 2.59 -58.4 -0.387    17.67 19.46 02a58345o0571c    8192   61.707744
58401.353028 19.950541      NaN   212.5    10 c    0   1.01 342.56704 -44.86486  5713.51  5214.90 2.80 2.68  75.2 -0.403    19.42 21.19 02a58401o0340c       0   27.782112
58401.360850 20.207197      NaN   203.5    10 c    0   0.98 342.56704 -44.86486  5700.52  5176.98 2.79 2.68  77.2 -0.414    19.45 21.17 02a58401o0357c       0   27.782112
58401.368653 20.321591      NaN   201.5     9 c    0   0.95 342.56704 -44.86486  5755.89  5255.25 2.70 2.57  75.7 -0.413    19.44 21.15 02a58401o0374c       0   27.438034
58401.376902 19.841877      NaN   175.5    14 c    0   1.04 342.56704 -44.86486  5771.03  5140.06 3.19 3.08  88.7 -0.389    19.27 21.17 02a58401o0392c       0   29.459221
58405.378324 19.454622      NaN   184.5    20 c    0   0.94 342.56704 -44.86486  6527.37  5041.17 2.95 2.53  89.3 -0.423    18.84 21.20 02a58405o0333c       0   32.739055
58405.388540 19.128787      NaN   111.5    27 c    0   0.90 342.56704 -44.86486  6514.63  5003.44 2.85 2.44 -87.6 -0.444    18.58 20.87 02a58405o0355c       0   37.427874
58405.397821 19.351140      NaN   182.5    22 c    0   1.14 342.56704 -44.86486  6568.85  5081.23 2.98 2.55 -89.3 -0.423    18.71 21.00 02a58405o0375c       0   33.997731
58665.549570 20.009244      NaN    12.0    12 c    0   1.08 342.56704 -44.86486  8313.04  8405.76 2.87 2.48  47.3 -0.394    19.51 21.45 02a58665o0475c       0   28.563013
58665.583097 20.207197      NaN    11.0    10 c    0   1.49 342.56704 -44.86486   252.65   218.78 2.45 2.16 -63.1 -0.431    19.48 21.37 02a58665o0546c       0   27.782112
58665.592655 20.103715      NaN    25.0    11 c    0   0.99 342.56704 -44.86486   271.97   255.40 2.39 2.15 -71.7 -0.446    19.50 21.38 02a58665o0566c       0   28.157516
58665.597127 20.207197      NaN    20.0    10 c    0   1.72 342.56704 -44.86486   208.19   177.28 2.60 2.21 -61.4 -0.430    19.52 21.40 02a58665o0575c       0   27.782112
58665.609879 19.922338      NaN    -7.0    13 c    0   1.17 342.56704 -44.86486   187.66   292.79 2.82 2.15 -57.5 -0.436    19.37 20.89 02a58665o0602c       0   28.997340
58669.537211 19.922338      NaN    -3.0    13 c    0   1.11 342.56704 -44.86486  3419.68  4715.24 2.74 2.44  40.4 -0.398    19.42 21.23 02a58669o0593c       0   28.997340
58669.540417 20.009244      NaN     7.0    12 c    0   1.60 342.56704 -44.86486  3438.31  4755.24 2.74 2.38  37.7 -0.381    19.42 21.24 02a58669o0600c       0   28.563013
58669.547650 20.207197      NaN    -2.0    10 c    0   1.28 342.56704 -44.86486  3375.74  4677.47 2.75 2.45  40.6 -0.385    19.43 21.29 02a58669o0615c       0   27.782112
58669.551782 20.009244      NaN    24.0    12 c    0   2.13 342.56704 -44.86486  5182.04   136.98 2.50 2.29 -74.4 -0.411    19.37 21.22 02a58669o0624c       0   28.563013
58669.555016 19.696897      NaN    -6.0    16 c    0   0.75 342.56704 -44.86486  5201.66   175.64 2.50 2.31 -75.3 -0.408    19.38 21.24 02a58669o0631c       0   30.460560
58669.561792 20.009244      NaN   -13.0    12 c    0   1.27 342.56704 -44.86486  3351.27  4794.25 2.64 2.34  39.2 -0.393    19.49 21.33 02a58669o0645c       0   28.563013
58669.565001 20.009244      NaN    28.0    12 c    0   1.48 342.56704 -44.86486  5138.66    95.35 2.54 2.34 -74.7 -0.400    19.41 21.26 02a58669o0652c       0   28.563013
58669.573144 19.696897      NaN    -6.0    16 c    0   0.83 342.56704 -44.86486  5115.23   210.76 2.52 2.38  83.8 -0.402    19.38 21.27 02a58669o0669c       0   30.460560
58670.538575 20.103715      NaN   -14.0    11 c    0   1.48 342.56704 -44.86486  3416.16  4717.88 2.75 2.36  37.9 -0.396    19.50 21.47 02a58670o0615c       0   28.157516
58670.542604 20.009244      NaN    11.0    12 c    0   1.03 342.56704 -44.86486  3434.23  4755.35 2.74 2.29  40.0 -0.380    19.51 21.49 02a58670o0623c       0   28.563013
58670.548135 20.103715      NaN   -23.0    11 c    0   1.24 342.56704 -44.86486  3375.08  4679.90 2.66 2.28  33.1 -0.411    19.55 21.49 02a58670o0634c       0   28.157516
58670.559071 20.103715      NaN   -52.0    11 c    0   0.99 342.56704 -44.86486  3355.27  4793.84 2.46 2.37  44.7 -0.404    19.57 21.54 02a58670o0657c       0   28.157516
58670.569041 19.841877      NaN    58.0    14 c    0   1.09 342.56704 -44.86486  5178.66   135.28 2.53 2.37  87.2 -0.392    19.51 21.51 02a58670o0678c       0   29.459221
58670.572272 19.922338      NaN    13.0    13 c    0   1.32 342.56704 -44.86486  5198.08   173.91 2.49 2.35  85.8 -0.409    19.49 21.51 02a58670o0685c       0   28.997340
58670.582270 19.922338      NaN   -12.0    13 c    0   1.22 342.56704 -44.86486  5135.44    92.92 2.52 2.26 -61.5 -0.414    19.55 21.49 02a58670o0706c       0   28.997340
58670.588380 20.009244      NaN    20.0    12 c    0   1.51 342.56704 -44.86486  5429.75 10343.88 2.76 2.61  28.8 -0.401    19.47 21.46 02a58670o0719c       0   28.563013
58671.539420 20.321591      NaN     8.0     9 c    0   1.81 342.56704 -44.86486  3417.33  4715.57 2.92 2.53  37.4 -0.380    19.38 21.40 02a58671o0648c       0   27.438034
58671.542234 20.103715      NaN    -4.0    11 c    0   1.13 342.56704 -44.86486  3434.91  4756.83 2.81 2.43  36.6 -0.380    19.45 21.41 02a58671o0654c       0   28.157516
58671.548584 20.207197      NaN     4.0    10 c    0   1.21 342.56704 -44.86486  3373.16  4676.93 2.88 2.51  39.5 -0.378    19.43 21.41 02a58671o0667c       0   27.782112
58671.551005 19.766969      NaN    22.0    15 c    0   1.55 342.56704 -44.86486  5181.62   137.64 2.70 2.49 -83.7 -0.391    19.37 21.37 02a58671o0672c       0   29.947383
58671.554250 19.766969      NaN   -10.0    15 c    0   1.22 342.56704 -44.86486  5200.87   176.26 2.87 2.67 -79.5 -0.385    19.28 21.39 02a58671o0679c       0   29.947383
58671.562895 20.207197      NaN    -1.0    10 c    0   1.41 342.56704 -44.86486  3351.23  4793.26 2.75 2.48  38.0 -0.392    19.47 21.50 02a58671o0697c       0   27.782112
58671.564306 20.321591      NaN    -1.0     9 c    0   2.30 342.56704 -44.86486  5137.02    96.32 2.59 2.42 -88.0 -0.385    19.46 21.45 02a58671o0700c       0   27.438034
58671.569777 19.841877      NaN    25.0    14 c    0   1.85 342.56704 -44.86486  5113.98   212.70 2.90 2.74 -77.4 -0.368    19.36 21.45 02a58671o0711c       0   29.459221
58671.623821 17.623637      NaN    46.0   108 c    0   1.25 342.56704 -44.86486  5390.90 10402.65 3.20 3.16  -4.9 -0.446    17.25 18.32 02a58671o0822c       2  111.066853
58671.625669 17.603715      NaN   -17.0   110 c    0   1.03 342.56704 -44.86486  7156.73  5824.23 3.41 2.86  40.0 -0.358    16.89 17.93 02a58671o0826c       2  113.012591
58705.449488 18.878500      NaN   -51.0    34 c    0   0.78 342.56704 -44.86486  1231.05  2441.70 2.45 2.33  29.8 -0.384    16.17 17.87 02a58705o0473c       0   42.753312
58705.452730 19.051202      NaN   -57.0    29 c    0   1.28 342.56704 -44.86486  1250.25  2479.57 2.44 2.34  26.7 -0.397    18.05 19.00 02a58705o0480c       0   38.895318
58705.460100 13.847027      NaN     9.0  3500 c    0   0.93 342.56704 -44.86486  1187.34  2401.74 2.41 2.37   8.2 -0.367    15.33 16.10 02a58705o0496c       2 3500.095977
58705.460557 14.748548      NaN  1393.0  1114 c    0   1.28 342.56704 -44.86486  3440.26   144.46 2.40 2.26  80.1 -0.422    15.23 16.00 02a58705o0497c       2 1114.301506
58705.463853 14.854357      NaN -2012.0  1384 c    0   1.07 342.56704 -44.86486  3459.86   184.30 2.42 2.20  71.1 -0.388    14.31 15.06 02a58705o0504c       2 1384.242698
58705.480562 18.261819      NaN  -180.0    60 c    0   0.99 342.56704 -44.86486  3374.16   220.07 2.43 2.21 -67.4 -0.396    16.38 17.20 02a58705o0540c       0   65.359358
58725.448542 15.676585      NaN  -552.0   649 c    0   1.28 342.56704 -44.86486  3188.49 10406.66 2.82 2.58  39.1 -0.385    14.99 16.85 02a58725o0395c 8388610  649.517394
58725.451359 15.629123      NaN  -400.0   678 c    0   0.87 342.56704 -44.86486  3168.63 10367.56 2.90 2.60  40.1 -0.456    14.88 16.76 02a58725o0401c 8388610  678.495281
58725.451817 15.925573      NaN   143.0   516 c    0   1.22 342.56704 -44.86486  5179.44  5952.56 3.13 2.52  39.6 -0.355    15.30 17.15 02a58725o0402c 8388610  516.650603
58725.455050 16.322489      NaN  -131.0   358 c    0   1.02 342.56704 -44.86486  5160.53  5914.73 2.88 2.41  38.5 -0.381    15.63 17.43 02a58725o0409c 8388610  358.937106
58725.474048 14.688111      NaN  1400.0  1199 c    0   0.83 342.56704 -44.86486  5240.28  5878.00 2.79 2.47  43.8 -0.397    14.82 16.65 02a58725o0450c 8388610 1199.280136
58729.415124 19.841877      NaN   -65.0    14 c    0   1.33 342.56704 -44.86486  7349.53   155.84 2.42 2.22 -65.2 -0.412    19.40 21.08 02a58729o0438c       0   29.459221
58729.416496 20.103715      NaN   -26.0    11 c    0   1.04 342.56704 -44.86486  5360.97  4606.20 2.69 2.35  39.1 -0.371    19.45 21.14 02a58729o0441c       0   28.157516
58729.418334 19.841877      NaN   -39.0    14 c    0   1.07 342.56704 -44.86486  7371.97   191.59 2.60 2.27 -59.5 -0.410    19.40 21.07 02a58729o0445c       0   29.459221
58729.419704 19.922338      NaN   -11.0    13 c    0   0.97 342.56704 -44.86486  5381.12  4642.34 2.61 2.33  38.9 -0.376    19.47 21.13 02a58729o0448c       0   28.997340
58729.428224 19.841877      NaN   -27.0    14 c    0   1.18 342.56704 -44.86486  3229.14 10444.60 2.65 2.50 -18.2 -0.401    19.38 21.08 02a58729o0466c       0   29.459221
58729.430349 20.103715      NaN   -35.0    11 c    0   1.31 342.56704 -44.86486  5315.71  4567.78 2.61 2.34  38.8 -0.375    19.45 21.14 02a58729o0470c       0   28.157516
58729.433610 19.922338      NaN   -36.0    13 c    0   0.89 342.56704 -44.86486  7280.92   230.43 2.44 2.25 -62.1 -0.409    19.39 21.08 02a58729o0477c       0   28.997340
58729.436158 20.321591      NaN   -20.0     9 c    0   1.46 342.56704 -44.86486  5296.87  4682.39 2.68 2.32  38.0 -0.374    19.43 21.16 02a58729o0482c       0   27.438034
58749.345244 19.696897      NaN   -44.0    16 c    0   1.54 342.56704 -44.86486  6487.65  8391.39 2.88 2.40  46.7 -0.392    19.05 21.30 02a58749o0280c       0   30.460560
58749.348052 19.569016      NaN   -22.0    18 c    0   1.20 342.56704 -44.86486  6507.39  8429.89 2.85 2.33  45.1 -0.389    19.07 21.30 02a58749o0286c       0   31.557023
58749.362833 19.696897      NaN   -17.0    16 c    0   1.51 342.56704 -44.86486  6446.93  8352.53 2.65 2.28  58.4 -0.395    18.99 21.29 02a58749o0315c       0   30.460560
58749.372530 19.128787      NaN   -14.0    27 c    0   1.05 342.56704 -44.86486  4120.15  2087.54 2.92 2.21  88.6 -0.395    18.61 21.30 02a58749o0334c       0   37.427874
58753.360217 19.922338      NaN     3.0    13 c    0   1.09 342.56704 -44.86486  1989.93 10370.02 2.50 2.39  11.2 -0.419    19.45 21.29 02a58753o0287c       0   28.997340
58753.363457 20.207197      NaN    -7.0    10 c    0   1.99 342.56704 -44.86486  1970.37 10329.89 2.46 2.36   2.8 -0.418    19.47 21.28 02a58753o0294c       0   27.782112
58753.369024 20.321591      NaN     4.0     9 c    0   2.08 342.56704 -44.86486  2032.31 10410.89 2.49 2.38  20.3 -0.412    19.40 21.30 02a58753o0306c       0   27.438034
58753.379205 20.103715      NaN   -17.0    11 c    0   1.52 342.56704 -44.86486  2054.72 10296.29 2.57 2.45  39.2 -0.409    19.41 21.33 02a58753o0328c       0   28.157516
58753.381508 20.103715      NaN     3.0    11 c    0   1.09 342.56704 -44.86486  4063.11  2164.60 2.54 2.37 -82.5 -0.394    19.52 21.43 02a58753o0333c       0   28.157516
58753.384762 20.449472      NaN     0.0     8 c    0   2.17 342.56704 -44.86486  4043.75  2126.03 2.56 2.41  85.3 -0.390    19.52 21.44 02a58753o0340c       0   27.126476
58753.390762 20.207197      NaN   -30.0    10 c    0   1.04 342.56704 -44.86486  4100.75  2205.27 2.71 2.47  61.3 -0.378    19.43 21.42 02a58753o0353c       0   27.782112
58753.421309 20.103715      NaN    -8.0    11 c    0   1.18 342.56704 -44.86486  4123.87  2089.25 2.75 2.47  54.4 -0.382    19.42 21.38 02a58753o0365c       0   28.157516
58777.296567 17.870951      NaN   242.0    58 c    0   5.54 342.56704 -44.86486  7486.09  3880.27 3.48 2.94 -88.6 -0.382    17.78 21.05 02a58777o0217c 8388608   63.528306
58777.299970 19.169763      NaN     3.0    26 c    0   0.85 342.56704 -44.86486  3072.49  6703.72 2.66 2.47 -81.1 -0.370    18.55 21.12 02a58777o0224c 8388608   36.713018
58777.305178 18.445391      NaN   190.0    40 c    0   4.78 342.56704 -44.86486  3011.58  6629.06 3.54 3.29 -81.2 -0.377    18.27 21.06 02a58777o0234c 8388608   47.663883
58777.319773 19.089302      NaN     4.0    28 c    0   1.07 342.56704 -44.86486  7545.25  3804.22 3.27 2.77 -83.4 -0.367    18.44 21.25 02a58777o0265c 8388608   38.155546
58781.290772 19.696897      NaN    19.0    16 c    0   1.24 342.56704 -44.86486  4928.75 10407.54 2.76 2.71  20.8 -0.360    19.15 20.66 02a58781o0235c       0   30.460560
58781.293579 19.631075      NaN    -5.0    17 c    0   0.97 342.56704 -44.86486  4909.12 10365.56 2.84 2.53  36.6 -0.357    19.06 20.55 02a58781o0241c       0   30.997512
58781.298186 19.841877      NaN    46.0    14 c    0   1.57 342.56704 -44.86486  7360.90  7758.96 2.87 2.39  40.9 -0.379    19.26 20.71 02a58781o0251c       0   29.459221
58781.298643 19.631075      NaN   -54.0    17 c    0   1.42 342.56704 -44.86486  4970.96 10447.40 2.76 2.40  40.8 -0.378    19.13 20.56 02a58781o0252c       0   30.997512
58781.300928 19.569016      NaN   -10.0    18 c    0   0.93 342.56704 -44.86486  7341.35  7721.26 2.84 2.40  41.8 -0.378    18.95 20.43 02a58781o0257c       0   31.557023
58781.307922 19.922338      NaN   -14.0    13 c    0   1.30 342.56704 -44.86486  7401.85  7799.28 2.80 2.42  43.4 -0.386    19.23 20.67 02a58781o0272c       0   28.997340
58781.309293 19.766969      NaN    35.0    15 c    0   1.64 342.56704 -44.86486  4993.00 10331.02 2.67 2.45  38.9 -0.374    19.21 20.62 02a58781o0275c       0   29.947383
58781.318176 19.841877      NaN    27.0    14 c    0   1.47 342.56704 -44.86486  7423.64  7684.88 2.71 2.50  49.6 -0.389    19.24 20.69 02a58781o0294c       0   29.459221
58785.278667 19.631075      NaN   -34.0    17 c    0   0.96 342.56704 -44.86486  4930.41 10403.30 2.69 2.57  27.0 -0.359    19.27 20.79 02a58785o0183c       0   30.997512
58785.282342 19.631075      NaN    -2.0    17 c    0   1.01 342.56704 -44.86486  4911.32 10364.37 2.75 2.64  25.8 -0.357    19.22 20.80 02a58785o0191c       0   30.997512
58785.285115 19.922338      NaN    15.0    13 c    0   1.53 342.56704 -44.86486  7363.00  7754.61 2.86 2.43  38.8 -0.378    19.30 20.85 02a58785o0197c       0   28.997340
58785.287930 19.569016      NaN   -43.0    18 c    0   1.45 342.56704 -44.86486  4973.80 10444.04 2.73 2.57  29.9 -0.376    19.29 20.80 02a58785o0203c       0   31.557023
58785.288388 19.696897      NaN    20.0    16 c    0   1.04 342.56704 -44.86486  7343.36  7719.19 2.82 2.35  38.9 -0.382    19.34 20.85 02a58785o0204c       0   30.460560
58785.294392 20.009244      NaN    13.0    12 c    0   1.30 342.56704 -44.86486  7403.77  7796.49 2.77 2.45  40.7 -0.390    19.34 20.85 02a58785o0217c       0   28.563013
58785.298582 19.696897      NaN     1.0    16 c    0   1.14 342.56704 -44.86486  4995.80 10326.79 2.75 2.51  38.1 -0.365    19.28 20.81 02a58785o0226c       0   30.460560
58785.304552 19.766969      NaN    11.0    15 c    0   0.65 342.56704 -44.86486  7424.04  7682.59 2.68 2.58  61.9 -0.394    19.29 20.88 02a58785o0239c       0   29.947383
59017.582820 19.841877      NaN     4.0    14 c    0   1.15 342.56704 -44.86486  7822.31   162.87 2.59 2.37 -72.9 -0.412    19.23 21.09 02a59017o0733c       0   29.459221
59017.583741 20.207197      NaN   -17.0    10 c    0   1.59 342.56704 -44.86486  5160.50  2673.90 2.70 2.49  41.9 -0.389    19.31 21.12 02a59017o0735c       0   27.782112
59017.600439 19.922338      NaN    -9.0    13 c    0   1.43 342.56704 -44.86486  7840.73   200.28 2.82 2.61 -70.5 -0.380    19.24 21.08 02a59017o0770c       0   28.997340
59017.601354 19.922338      NaN     4.0    13 c    0   1.13 342.56704 -44.86486  5178.60  2710.15 2.89 2.82  71.9 -0.378    19.24 21.08 02a59017o0772c       0   28.997340
59017.606878 20.009244      NaN   -58.0    12 c    0   1.22 342.56704 -44.86486  5119.10  2630.28 2.85 2.71  51.5 -0.375    19.15 20.84 02a59017o0784c       0   28.563013
59017.610558 19.696897      NaN   -30.0    16 c    0   1.40 342.56704 -44.86486  7779.94   117.62 2.67 2.41 -69.7 -0.393    18.96 20.37 02a59017o0792c       0   30.460560
59017.612935 19.241693      NaN    38.0    23 c    0   1.07 342.56704 -44.86486  5098.78  2746.07 2.87 2.64  43.2 -0.373    18.74 20.00 02a59017o0797c       0   34.653221
59017.617055 18.550302      NaN   -71.0    46 c    0   0.84 342.56704 -44.86486  7757.93   235.12 2.71 2.44 -69.7 -0.401    18.07 19.07 02a59017o0806c       0   52.800054
59029.570559 19.841877      NaN     7.0    14 c    0   0.89 342.56704 -44.86486  9532.80   199.27 2.62 2.13 -58.6 -0.413    19.49 21.28 02a59029o0703c       0   29.459221
59029.573760 19.841877      NaN     0.0    14 c    0   1.05 342.56704 -44.86486  9553.79   238.26 2.72 2.19 -59.6 -0.414    19.48 21.29 02a59029o0710c       0   29.459221
59029.579714 20.103715      NaN   -20.0    11 c    0   1.36 342.56704 -44.86486  9492.63   156.76 2.62 2.13 -59.2 -0.412    19.50 21.29 02a59029o0723c       0   28.157516
59029.584288 20.103715      NaN    -9.0    11 c    0   1.00 342.56704 -44.86486  7311.04  4523.67 2.40 2.31  55.4 -0.398    19.53 21.36 02a59029o0733c       0   28.157516
59029.586118 20.103715      NaN   -30.0    11 c    0   0.77 342.56704 -44.86486  7330.23  4562.48 2.45 2.31  49.5 -0.396    19.58 21.37 02a59029o0737c       0   28.157516
59029.591614 20.207197      NaN     9.0    10 c    0   1.18 342.56704 -44.86486  7271.52  4485.19 2.66 2.29  35.8 -0.387    19.52 21.38 02a59029o0749c       0   27.782112
59029.599309 17.900816 0.255213   285.0    59 c    0   0.78 342.56704 -44.86486  1058.15 10264.75 2.42 2.29 -40.8 -0.450    19.42 21.31 02a59029o0765c    4096   64.442577
59029.609196 19.922338      NaN    21.0    13 c    0   0.81 342.56704 -44.86486  7251.63  4598.38 2.59 2.31  37.8 -0.388    19.36 20.90 02a59029o0786c       0   28.997340
59053.509794 19.922338      NaN    -2.0    13 c    0   1.05 342.56704 -44.86486  9151.10  2536.94 2.64 2.40 -69.5 -0.398    19.37 21.21 02a59053o0583c       0   28.997340
59053.513966 19.922338      NaN     1.0    13 c    0   1.30 342.56704 -44.86486  9169.56  2576.26 2.58 2.39 -69.3 -0.393    19.39 21.22 02a59053o0592c       0   28.997340
59053.519008 19.922338      NaN   -46.0    13 c    0   0.75 342.56704 -44.86486  9109.65  2495.80 2.46 2.37 -71.3 -0.392    19.38 21.25 02a59053o0603c       0   28.997340
59053.529582 20.103715      NaN   -44.0    11 c    0   1.11 342.56704 -44.86486  9088.33  2610.76 2.52 2.35 -70.7 -0.397    19.44 21.30 02a59053o0626c       0   28.157516
59053.530038 20.207197      NaN   -12.0    10 c    0   1.44 342.56704 -44.86486  1218.07   185.40 2.45 2.25 -74.0 -0.394    19.41 21.25 02a59053o0627c       0   27.782112
59053.531897 20.009244      NaN    14.0    12 c    0   0.96 342.56704 -44.86486  1238.28   225.08 2.64 2.21 -62.3 -0.402    19.41 21.25 02a59053o0631c       0   28.563013
59053.537363 20.103715      NaN    17.0    11 c    0   1.62 342.56704 -44.86486  1171.49   147.39 2.70 2.24 -66.4 -0.393    19.42 21.28 02a59053o0642c       0   28.157516
59053.543311 19.922338      NaN    16.0    13 c    0   1.02 342.56704 -44.86486  1153.34   265.21 2.73 2.26 -61.2 -0.392    19.42 21.30 02a59053o0655c       0   28.997340
59077.461035 20.009244      NaN    20.0    12 c    0   1.16 342.56704 -44.86486  2714.39  8593.10 2.55 2.48  86.1 -0.379    19.46 21.47 02a59077o0501c       0   28.563013
59077.462862 20.103715      NaN   -10.0    11 c    0   1.45 342.56704 -44.86486  2733.58  8632.81 2.54 2.30 -62.8 -0.396    19.56 21.48 02a59077o0505c       0   28.157516
59077.466063 20.009244      NaN   -12.0    12 c    0   1.06 342.56704 -44.86486  2677.88  8555.82 2.46 2.25 -62.5 -0.394    19.55 21.50 02a59077o0512c       0   28.563013
59077.471095 20.321591      NaN    -5.0     9 c    0   1.67 342.56704 -44.86486  2656.80  8673.25 2.47 2.21 -60.8 -0.403    19.58 21.51 02a59077o0523c       0   27.438034
59077.492783 20.009244      NaN   -20.0    12 c    0   1.15 342.56704 -44.86486  6144.28 10418.99 2.81 2.57  45.6 -0.397    19.39 21.33 02a59077o0570c       0   28.563013
59077.497869 20.009244      NaN   -78.0    12 c    0   1.57 342.56704 -44.86486  6125.02 10381.16 2.82 2.61  43.9 -0.389    19.38 21.32 02a59077o0581c       0   28.563013
59077.524874 19.631075      NaN   -40.0    17 c    0   0.82 342.56704 -44.86486  6189.03 10461.65 2.81 2.62  42.4 -0.349    19.39 21.30 02a59077o0639c       0   30.997512
59137.314471 20.207197      NaN   -16.0    10 c    0   1.74 342.56704 -44.86486  2211.48 10375.30 2.41 2.28 -24.6 -0.404    19.37 20.97 02a59137o0267c       0   27.782112
59137.317672 20.009244      NaN   -18.0    12 c    0   1.14 342.56704 -44.86486  2191.86 10337.28 2.40 2.24 -25.7 -0.399    19.37 20.98 02a59137o0274c       0   28.563013
59137.323160 19.922338      NaN   -45.0    13 c    0   0.99 342.56704 -44.86486  2253.48 10417.29 2.43 2.25 -31.7 -0.413    19.39 20.98 02a59137o0286c       0   28.997340
59137.327275 19.631075      NaN   -29.0    17 c    0   0.94 342.56704 -44.86486  4970.63  9824.20 2.53 2.45   5.8 -0.408    19.36 20.99 02a59137o0295c       0   30.997512
59137.330474 19.631075      NaN   -42.0    17 c    0   0.83 342.56704 -44.86486  4951.10  9785.98 2.60 2.49  24.7 -0.401    19.36 20.99 02a59137o0302c       0   30.997512
59137.333676 19.766969      NaN    13.0    15 c    0   0.75 342.56704 -44.86486  2277.05 10300.89 2.39 2.29 -22.1 -0.402    19.37 20.98 02a59137o0309c       0   29.947383
59137.335963 19.766969      NaN   -45.0    15 c    0   1.19 342.56704 -44.86486  5012.46  9864.21 2.53 2.47   6.2 -0.406    19.39 20.99 02a59137o0314c       0   29.947383
59137.346941 19.841877      NaN   -32.0    14 c    0   1.18 342.56704 -44.86486  5035.03  9749.39 2.56 2.52  10.4 -0.408    19.38 21.00 02a59137o0338c       0   29.459221
59141.307822 18.702047      NaN    12.0    40 c    0   1.08 342.56704 -44.86486  1262.31  6056.44 2.68 2.36  37.8 -0.403    17.70 19.39 02a59141o0125c    8192   47.663883
59141.313324 16.020809      NaN   723.0   243 c    0   1.08 342.56704 -44.86486  1243.40  6018.62 2.73 2.53  41.2 -0.377    16.33 18.07 02a59141o0137c       2  244.378489
59141.316542 16.949207      NaN  -281.0   201 c    0   0.86 342.56704 -44.86486  1302.57  6098.49 2.73 2.47  33.8 -0.402    17.36 19.09 02a59141o0144c       2  202.664367
59141.320672 18.459772      NaN     2.0    50 c    0   0.94 342.56704 -44.86486  9627.15 10309.19 3.05 2.97  25.1 -0.366    17.87 19.57 02a59141o0153c    8192   56.319142
59141.329860 17.593889      NaN  -361.0   111 c    0   1.03 342.56704 -44.86486  1323.75  5986.64 2.82 2.47  41.0 -0.373    16.43 18.18 02a59141o0173c       2  113.986165
59141.330775 15.414309      NaN    92.0   807 c    0   1.11 342.56704 -44.86486  9690.69 10390.58 3.04 2.87  44.9 -0.479    16.31 18.09 02a59141o0175c       2  807.416154
59161.260535 19.696897      NaN   -15.0    16 c    0   0.96 342.56704 -44.86486  8167.74 10376.39 2.97 2.70  38.1 -0.373    19.22 20.66 02a59161o0168c       0   30.460560
59161.264668 19.766969      NaN   -10.0    15 c    0   1.00 342.56704 -44.86486  8148.10 10337.99 3.00 2.65  36.5 -0.376    19.21 20.70 02a59161o0177c       0   29.947383
59161.270171 19.631075      NaN    27.0    17 c    0   0.87 342.56704 -44.86486  8211.12 10416.67 2.96 2.67  36.9 -0.383    19.22 20.72 02a59161o0189c       0   30.997512
59161.270628 20.103715      NaN     3.0    11 c    0   1.44 342.56704 -44.86486   259.12  2227.40 2.45 2.36  79.5 -0.402    19.30 20.84 02a59161o0190c       0   28.157516
59161.273839 19.922338      NaN   -15.0    13 c    0   1.18 342.56704 -44.86486   240.49  2187.59 2.51 2.33 -78.1 -0.407    19.32 20.84 02a59161o0197c       0   28.997340
59161.279793 19.922338      NaN    -7.0    13 c    0   0.99 342.56704 -44.86486   299.76  2269.58 2.60 2.32 -68.1 -0.403    19.33 20.84 02a59161o0210c       0   28.997340
59161.283914 19.841877      NaN    -4.0    14 c    0   1.25 342.56704 -44.86486  8233.33 10301.72 2.94 2.62  42.4 -0.375    19.24 20.75 02a59161o0219c       0   29.459221
59161.286670 20.009244      NaN    14.0    12 c    0   1.61 342.56704 -44.86486  9808.27  2263.56 2.70 2.43 -66.0 -0.392    19.33 20.93 02a59161o0225c       0   28.563013
59161.289877 20.103715      NaN   -29.0    11 c    0   1.90 342.56704 -44.86486  9789.69  2226.19 2.70 2.45 -66.6 -0.389    19.33 20.91 02a59161o0232c       0   28.157516
59161.290791 19.922338      NaN     6.0    13 c    0   1.25 342.56704 -44.86486   319.72  2154.11 2.56 2.44  85.4 -0.402    19.26 20.84 02a59161o0234c       0   28.997340
59161.295569 19.766969      NaN    12.0    15 c    0   1.12 342.56704 -44.86486  9847.70  2302.49 2.85 2.32 -61.1 -0.399    19.36 20.90 02a59161o0244c       0   29.947383
59161.305447 19.841877      NaN   -24.0    14 c    0   1.25 342.56704 -44.86486  9868.92  2185.63 3.21 2.86 -63.2 -0.381    19.22 20.86 02a59161o0265c       0   29.459221
59169.238671 19.696897      NaN   -27.0    16 c    0   1.13 342.56704 -44.86486   478.00 10324.66 2.38 2.29 -23.0 -0.492    19.33 20.99 02a59169o0129c       0   30.460560
59169.239129 20.009244      NaN    -4.0    12 c    0   1.65 342.56704 -44.86486  3385.59  7954.06 2.82 2.36  37.2 -0.361    19.41 21.02 02a59169o0130c       0   28.563013
59169.242802 19.922338      NaN   -46.0    13 c    0   1.16 342.56704 -44.86486   458.07 10285.94 2.43 2.29 -37.9 -0.494    19.36 20.98 02a59169o0138c       0   28.997340
59169.243260 19.841877      NaN   -14.0    14 c    0   0.91 342.56704 -44.86486  3366.38  7916.28 2.77 2.36  37.2 -0.363    19.38 21.01 02a59169o0139c       0   29.459221
59169.249695 19.696897      NaN   -33.0    16 c    0   0.87 342.56704 -44.86486   519.87 10367.55 2.44 2.37  -7.7 -0.472    19.28 20.95 02a59169o0153c       0   30.460560
59169.250152 19.922338      NaN   -28.0    13 c    0   1.13 342.56704 -44.86486  3426.39  7996.00 2.90 2.39  38.8 -0.353    19.33 20.99 02a59169o0154c       0   28.997340
59169.259825 19.766969      NaN   -20.0    15 c    0   0.98 342.56704 -44.86486   543.57 10250.75 2.42 2.39 -82.1 -0.484    19.31 20.95 02a59169o0175c       0   29.947383
59169.260282 19.922338      NaN   -30.0    13 c    0   1.07 342.56704 -44.86486  3447.80  7881.28 2.83 2.33  39.4 -0.355    19.35 21.00 02a59169o0176c       0   28.997340
59193.198938 19.089302      NaN   -57.0    28 c    0   0.87 342.56704 -44.86486  9969.54 10341.61 3.20 2.96 -58.0 -0.358    18.69 19.82 02a59193o0039c       0   38.155546
59193.199859 19.510313      NaN   -29.0    19 c    0   0.98 342.56704 -44.86486  1730.07  4140.41 2.61 2.48 -87.6 -0.398    18.88 20.02 02a59193o0041c       0   32.137917
59193.202149 19.569016      NaN   -18.0    18 c    0   1.07 342.56704 -44.86486  9948.15 10303.15 3.14 2.89 -56.4 -0.355    19.01 20.30 02a59193o0046c       0   31.557023
59193.205833 19.841877      NaN   -35.0    14 c    0   1.28 342.56704 -44.86486  1709.82  4101.02 2.62 2.49 -89.1 -0.403    19.17 20.59 02a59193o0054c       0   29.459221
59193.207680 19.696897      NaN   -24.0    16 c    0   1.00 342.56704 -44.86486 10011.62 10382.53 3.23 2.96 -56.8 -0.354    19.17 20.63 02a59193o0058c       0   30.460560
59193.208607 19.766969      NaN    -2.0    15 c    0   1.01 342.56704 -44.86486  1768.09  4181.03 2.63 2.49  89.3 -0.395    19.23 20.68 02a59193o0060c       0   29.947383
59193.219138 19.841877      NaN     1.0    14 c    0   1.13 342.56704 -44.86486 10032.50 10263.93 3.01 2.90 -65.0 -0.367    19.24 20.76 02a59193o0083c       0   29.459221
59193.219596 20.009244      NaN   -47.0    12 c    0   1.60 342.56704 -44.86486  1788.80  4066.00 2.59 2.47  75.6 -0.394    19.28 20.77 02a59193o0084c       0   28.563013
59371.586236 20.207197      NaN    -6.0    10 c    0   1.68 342.56704 -44.86486  7830.54  1954.47 3.25 2.98 -77.1 -0.336    19.32 21.19 01a59371o0754c       0   27.782112
59371.591767 20.009244      NaN   -39.0    12 c    0   1.25 342.56704 -44.86486  7812.44  1917.11 3.30 2.75 -86.1 -0.373    19.37 21.20 01a59371o0766c       0   28.563013
59371.605012 19.841877      NaN   -38.0    14 c    0   1.08 342.56704 -44.86486  7869.27  1991.08 3.17 2.78 -82.9 -0.369    19.34 20.97 01a59371o0794c       0   29.459221
59371.612844 19.169763      NaN     2.0    26 c    0   0.82 342.56704 -44.86486  7886.93  1873.53 3.22 2.82 -79.1 -0.365    18.83 19.94 01a59371o0811c       0   36.713018
59375.585916 19.841877      NaN   -47.0    14 c    0   1.04 342.56704 -44.86486  7831.14  1951.58 3.43 3.07 -79.2 -0.344    19.27 21.22 01a59375o0374c       0   29.459221
59375.603379 19.922338      NaN   -14.0    13 c    0   1.26 342.56704 -44.86486  7811.91  1911.89 3.44 3.04 -77.1 -0.334    19.29 21.09 01a59375o0411c       0   28.997340
59375.607524 19.841877      NaN    -6.0    14 c    0   1.18 342.56704 -44.86486  7868.93  1987.44 3.04 2.76 -79.3 -0.362    19.25 20.82 01a59375o0420c       0   29.459221
59375.613975 19.302877      NaN   -23.0    23 c    0   1.25 342.56704 -44.86486  7889.12  1870.03 3.13 2.86 -76.1 -0.338    18.70 19.71 01a59375o0434c       0   34.653221
59405.585512 19.351140      NaN    18.0    22 c    0   1.17 342.56704 -44.86486  2946.27  9906.05 2.37 2.33   4.2 -0.408    18.44 20.27 02a59405o0642c    8192   33.997731
59439.404120 19.696897      NaN    15.0    16 c    0   1.30 342.56704 -44.86486  1280.10  6087.24 4.40 3.85 -55.7 -0.323    18.99 21.31 01a59439o0375c       0   30.460560
59439.423830 20.009244      NaN     4.0    12 c    0   1.27 342.56704 -44.86486  1261.53  6046.38 3.63 3.28 -58.1 -0.334    19.21 21.40 01a59439o0417c       0   28.563013
59439.428152 19.719755      NaN    42.0    13 c    0   1.27 342.56704 -44.86486  1322.73  6129.75 3.81 3.47 -53.3 -0.334    19.18 21.40 01a59439o0426c       0   28.997340
59439.432760 19.922338      NaN   -11.0    13 c    0   1.05 342.56704 -44.86486  1342.36  6014.91 3.69 3.32 -63.3 -0.337    19.25 21.43 01a59439o0436c       0   28.997340
59465.389106 20.103715      NaN    -7.0    11 c    0   1.37 342.56704 -44.86486  8387.00  8334.25 2.75 2.49  54.3 -0.387    19.46 21.18 02a59465o0377c       0   28.157516
59465.390477 19.922338      NaN   -30.0    13 c    0   1.15 342.56704 -44.86486   279.15   221.78 2.82 2.21 -62.3 -0.422    19.35 21.05 02a59465o0380c       0   28.997340
59465.390934 20.009244      NaN     7.0    12 c    0   1.33 342.56704 -44.86486  8406.12  8374.51 2.76 2.47  51.2 -0.388    19.47 21.19 02a59465o0381c       0   28.563013
59465.394150 20.207197      NaN   -34.0    10 c    0   1.35 342.56704 -44.86486   300.46   259.74 2.86 2.19 -60.5 -0.424    19.41 21.04 02a59465o0388c       0   27.782112
59465.394607 20.009244      NaN   -23.0    12 c    0   0.81 342.56704 -44.86486  8349.21  8294.44 2.78 2.50  52.3 -0.388    19.47 21.21 02a59465o0389c       0   28.563013
59465.402864 20.207197      NaN   -18.0    10 c    0   1.13 342.56704 -44.86486   236.65   181.80 2.49 2.15 -67.6 -0.428    19.40 21.09 02a59465o0407c       0   27.782112
59465.414493 19.922338      NaN    -2.0    13 c    0   0.91 342.56704 -44.86486  2215.39  2130.86 2.52 2.36  73.6 -0.406    19.38 21.20 02a59465o0432c       0   28.997340
59465.426249 19.922338      NaN   -41.0    13 c    0   0.87 342.56704 -44.86486   212.21   295.21 2.99 2.22 -59.1 -0.417    19.39 21.07 02a59465o0457c       0   28.997340
59517.300032 19.766969      NaN     9.0    15 c    0   1.27 342.56704 -44.86486  9007.38 10067.00 2.89 2.74  37.4 -0.367    19.30 20.91 02a59517o0074c       0   29.947383
59517.304161 19.696897      NaN    18.0    16 c    0   0.82 342.56704 -44.86486  8987.03 10029.97 2.81 2.74  49.2 -0.370    19.32 20.94 02a59517o0083c       0   30.460560
59517.315616 19.841877      NaN   -24.0    14 c    0   1.04 342.56704 -44.86486  9050.92 10109.27 2.81 2.68  46.1 -0.372    19.30 20.98 02a59517o0108c       0   29.459221
59517.323430 19.841877      NaN     7.0    14 c    0   1.05 342.56704 -44.86486  9072.18  9994.34 2.81 2.66  53.8 -0.378    19.34 20.99 02a59517o0125c       0   29.459221
59755.170647 20.207197      NaN    34.0    10 c    0   1.20 342.56704 -44.86486  4472.38  8433.07 2.50 2.32  56.8 -0.421    19.79 21.74 03a59755o0212c       0   27.782112
59755.174879 20.207197      NaN    19.0    10 c    0   0.97 342.56704 -44.86486  4489.67  8472.86 2.50 2.31  62.1 -0.426    19.79 21.75 03a59755o0218c       0   27.782112
59755.179576 19.816329      NaN    47.0    10 c    0   0.97 342.56704 -44.86486  4433.06  8394.09 2.50 2.32  64.4 -0.423    19.77 21.64 03a59755o0228c       0   27.782112
59755.183435 19.696897      NaN    49.0    11 c    0   0.94 342.56704 -44.86486  4412.66  8511.00 2.49 2.28  63.8 -0.428    19.69 21.44 03a59755o0235c       0   28.157516
59756.285715 19.351140      NaN    24.0    22 c    0   0.79 342.56704 -44.86486  5635.44  4043.24 2.46 2.27 -15.7 -0.384    18.86 20.92 04a59756o0570c       0   33.997731
59756.302135 19.351140      NaN   -43.0    22 c    0   1.22 342.56704 -44.86486  5622.98  4007.84 2.61 2.39 -22.0 -0.362    18.53 20.62 04a59756o0600c       0   33.997731
59756.306455 18.978793      NaN   -42.0    31 c    0   0.81 342.56704 -44.86486  5683.51  4085.45 2.74 2.55 -27.0 -0.359    18.28 20.39 04a59756o0608c       0   40.408486
59756.312061 19.454622      NaN     4.0    20 c    0   1.02 342.56704 -44.86486  5707.41  3967.42 2.43 2.30 -12.0 -0.385    18.76 20.80 04a59756o0619c       0   32.739055
59757.051922 20.594452      NaN    34.0     7 c    0   1.71 342.56704 -44.86486  1278.74  7886.21 2.40 2.39 -60.3 -0.408    19.86 22.02 03a59757o0789c       0   26.848570
59757.054920 19.719755      NaN    57.0     8 c    0   1.19 342.56704 -44.86486  1259.26  7846.76 2.39 2.38 -57.3 -0.406    19.88 22.01 03a59757o0795c       0   27.126476
59757.061334 20.321591      NaN   -11.0     9 c    0   1.32 342.56704 -44.86486  1313.63  7930.37 2.40 2.35  15.1 -0.403    19.87 22.01 03a59757o0809c       0   27.438034
59757.087543 19.743105      NaN    50.0    10 c    0   0.93 342.56704 -44.86486  1330.54  7813.56 2.56 2.41  11.0 -0.404    19.80 22.00 03a59757o0864c       0   27.782112
59758.037654 20.321591      NaN     9.0     9 c    0   1.03 342.56704 -44.86486  7033.49  5841.24 2.52 2.48 -88.3 -0.423    19.74 21.81 03a59758o0763c       0   27.438034
59758.040407 20.449472      NaN    33.0     8 c    0   1.71 342.56704 -44.86486  7013.42  5804.06 2.51 2.45 -82.8 -0.420    19.77 21.82 03a59758o0769c       0   27.126476
59758.043165 20.594452      NaN   -11.0     7 c    0   1.73 342.56704 -44.86486  7068.56  5882.32 2.45 2.37 -87.7 -0.426    19.81 21.81 03a59758o0775c       0   26.848570
59758.054510 20.321591      NaN    14.0     9 c    0   1.21 342.56704 -44.86486  7088.34  5770.04 2.45 2.42  87.3 -0.420    19.77 21.79 03a59758o0799c       0   27.438034
59758.355629 20.207197      NaN    32.0    10 c    0   1.04 342.56704 -44.86486  7946.63  1979.42 2.69 2.02 -21.2 -0.396    19.75 21.82 04a59758o0663c       0   27.782112
59758.359552 19.766969      NaN    52.0     9 c    0   1.65 342.56704 -44.86486  7931.38  1941.59 2.69 2.08 -21.6 -0.390    19.71 21.79 04a59758o0670c       0   27.438034
59758.362273 19.791368      NaN    48.0    10 c    0   0.94 342.56704 -44.86486  7993.12  2016.36 2.57 1.98 -20.1 -0.400    19.75 21.80 04a59758o0676c       0   27.782112
59758.376911 20.207197      NaN    23.0    10 c    0   0.86 342.56704 -44.86486  2761.78  8759.47 2.84 2.22 -81.2 -0.378    19.76 21.78 04a59758o0707c       0   27.782112
59759.405625 20.321591      NaN    -1.0     9 c    0   1.30 342.56704 -44.86486  1434.53  4425.68 2.18 1.84  57.1 -0.394    19.86 21.83 04a59759o0836c       0   27.438034
59759.409767 20.321591      NaN    -7.0     9 c    0   1.21 342.56704 -44.86486  1453.21  4459.86 2.20 1.88  59.6 -0.396    19.84 21.82 04a59759o0844c       0   27.438034
59759.417675 20.449472      NaN    34.0     8 c    0   2.13 342.56704 -44.86486  1391.81  4377.38 2.17 1.89  59.4 -0.390    19.81 21.81 04a59759o0859c       0   27.126476
59759.433319 20.594452      NaN    26.0     7 c    0   2.26 342.56704 -44.86486  1367.24  4481.61 2.15 1.81  57.9 -0.394    19.81 21.63 04a59759o0888c       0   26.848570
59760.259987 19.674510      NaN    53.0    10 c    0   1.51 342.56704 -44.86486  9565.84  4231.09 2.70 1.95 -23.1 -0.423    19.77 21.80 04a59760o0665c       0   27.782112
59760.262783 20.103715      NaN    27.0    11 c    0   1.06 342.56704 -44.86486  9546.94  4193.71 2.75 1.98 -23.3 -0.423    19.75 21.80 04a59760o0671c       0   28.157516
59760.296363 20.009244      NaN    37.0    11 c    0   1.15 342.56704 -44.86486  9624.19  4272.86 2.62 1.92 -22.5 -0.432    19.80 21.84 04a59760o0741c       0   28.157516
59760.306492 20.207197      NaN    14.0    10 c    0   1.27 342.56704 -44.86486  9647.55  4163.56 2.71 2.01 -21.2 -0.416    19.85 21.84 04a59760o0763c       0   27.782112
59761.317393 20.009244      NaN   -20.0    12 c    0   0.95 342.56704 -44.86486  9144.59 10099.31 3.00 2.78  56.3 -0.349    19.76 22.06 04a59761o0763c       0   28.563013
59761.319705 20.207197      NaN     5.0    10 c    0   1.40 342.56704 -44.86486  9123.70 10061.30 2.94 2.73  79.2 -0.377    19.77 22.00 04a59761o0768c       0   27.782112
59761.323415 20.321591      NaN     4.0     9 c    0   1.31 342.56704 -44.86486  9189.50 10139.11 3.01 2.83  85.3 -0.347    19.74 22.09 04a59761o0776c       0   27.438034
59761.328824 20.449472      NaN     3.0     8 c    0   2.18 342.56704 -44.86486  9213.37 10020.86 3.09 2.97  51.8 -0.336    19.72 22.08 04a59761o0788c       0   27.126476
59762.300000 19.696897      NaN    46.0    12 c    0   0.63 342.56704 -44.86486  5101.17  9865.80 3.02 2.47 -84.6 -0.356    19.64 21.89 04a59762o0609c       0   28.563013
59762.302782 20.207197      NaN    16.0    10 c    0   1.19 342.56704 -44.86486  5082.04  9827.97 3.07 2.49 -84.3 -0.351    19.71 21.90 04a59762o0614c       0   27.782112
59762.309172 19.922338      NaN    40.0    11 c    0   0.66 342.56704 -44.86486  5147.27  9907.67 3.00 2.51 -81.7 -0.353    19.71 21.94 04a59762o0627c       0   28.157516
59762.319386 20.103715      NaN    15.0    11 c    0   0.84 342.56704 -44.86486  5176.87  9790.29 3.02 2.49 -80.1 -0.354    19.71 21.82 04a59762o0646c       0   28.157516
59763.230489 20.207197      NaN    24.0    10 c    0   1.26 342.56704 -44.86486  5063.90  9854.07 2.98 2.35 -81.1 -0.359    19.63 21.69 04a59763o0621c       0   27.782112
59763.233219 19.841877      NaN    43.0    11 c    0   0.91 342.56704 -44.86486  5044.28  9815.54 3.02 2.35 -82.9 -0.362    19.65 21.71 04a59763o0627c       0   28.157516
59763.257421 20.103715      NaN    33.0    11 c    0   1.00 342.56704 -44.86486  5114.05  9896.88 3.03 2.35 -81.6 -0.350    19.69 21.66 04a59763o0675c       0   28.157516
59763.263129 19.922338      NaN    37.0    12 c    0   0.81 342.56704 -44.86486  5135.32  9780.86 3.07 2.33 -79.7 -0.352    19.68 21.70 04a59763o0687c       0   28.563013
59764.225605 20.449472      NaN     8.0     8 c    0   1.92 342.56704 -44.86486  4103.34  2197.31 2.58 2.38  10.3 -0.388    19.52 21.68 04a59764o0426c       0   27.126476
59764.241681 20.321591      NaN    13.0     9 c    0   1.13 342.56704 -44.86486  4088.54  2164.31 2.33 2.21  17.5 -0.378    19.60 21.73 04a59764o0460c       0   27.438034
59764.244441 20.207197      NaN    26.0    10 c    0   0.83 342.56704 -44.86486  4144.99  2242.28 2.29 2.17  15.2 -0.381    19.69 21.72 04a59764o0466c       0   27.782112
59764.253527 20.321591      NaN    16.0     9 c    0   1.07 342.56704 -44.86486  4168.91  2124.49 2.37 2.27  18.1 -0.375    19.62 21.74 04a59764o0484c       0   27.438034
59786.012822 20.449472      NaN    25.0     8 c    0   0.92 342.56704 -44.86486  5080.81  5914.94 2.48 2.37 -17.1 -0.387    19.88 22.09 03a59786o0634c       0   27.126476
59786.014681 20.321591      NaN    22.0     9 c    0   1.32 342.56704 -44.86486  5061.50  5876.31 2.46 2.38 -15.7 -0.388    19.84 22.09 03a59786o0638c       0   27.438034
59786.017912 20.321591      NaN    -7.0     9 c    0   1.14 342.56704 -44.86486  5116.71  5955.16 2.43 2.29 -17.5 -0.393    19.88 22.07 03a59786o0645c       0   27.438034
59786.024837 20.207197      NaN     3.0    10 c    0   1.17 342.56704 -44.86486  5136.89  5839.16 2.44 2.37 -47.3 -0.388    19.86 22.03 03a59786o0658c       0   27.782112
59798.035492 20.207197      NaN    12.0    10 c    0   0.74 342.56704 -44.86486  5632.28   727.57 2.81 2.70  -2.8 -0.376    19.71 21.98 03a59798o0683c       0   27.782112
59798.039026 20.449472      NaN     0.0     8 c    0   1.63 342.56704 -44.86486  5651.18   769.20 2.68 2.60  -9.3 -0.386    19.78 22.05 03a59798o0690c       0   27.126476
59798.045250 19.979496      NaN    44.0     9 c    0   1.44 342.56704 -44.86486  5590.90   690.06 2.56 2.48   3.2 -0.390    19.82 22.07 03a59798o0702c       0   27.438034
59798.055559 20.449472      NaN    -2.0     8 c    0   1.38 342.56704 -44.86486  5565.54   808.71 2.54 2.40  -3.7 -0.407    19.86 22.06 03a59798o0722c       0   27.126476
59812.254161 18.356290      NaN  -137.0    55 c    0   1.44 342.56704 -44.86486  3293.45  2837.17 2.06 1.88  46.6 -0.409    16.89 18.88 04a59812o0544c    8192   60.801692
59812.258291 17.405762      NaN    34.0   132 c    0   0.95 342.56704 -44.86486  3312.41  2871.76 2.10 1.96  51.6 -0.395    16.78 18.78 04a59812o0553c       2  134.520800
59812.282838 16.686597      NaN   322.0   160 c    0   1.01 342.56704 -44.86486  3245.60  2775.48 2.05 1.86  48.6 -0.395    16.40 18.34 04a59812o0606c       2  162.085921
59812.295751 16.871062      NaN   -87.0   216 c    0   0.91 342.56704 -44.86486  3222.89  2883.28 2.03 1.85  53.0 -0.397    16.35 18.59 04a59812o0633c       2  217.549640
59820.174521 20.207197      NaN    19.0    10 c    0   1.01 342.56704 -44.86486  1846.63  4192.81 2.13 1.89  60.9 -0.397    19.83 21.95 04a59820o0460c       0   27.782112
59820.176338 20.449472      NaN    12.0     8 c    0   2.26 342.56704 -44.86486  1830.83  4152.97 2.22 1.96  61.5 -0.394    19.81 21.94 04a59820o0464c       0   27.126476
59820.179510 20.207197      NaN    12.0    10 c    0   0.82 342.56704 -44.86486  1891.51  4232.46 2.17 1.92  56.8 -0.402    19.83 21.93 04a59820o0471c       0   27.782112
59820.201587 20.103715      NaN    40.0     9 c    0   0.85 342.56704 -44.86486  1936.64  4119.66 2.18 1.94  51.7 -0.392    19.77 21.88 04a59820o0518c       0   27.438034
59824.234711 20.449472      NaN     0.0     8 c    0   1.50 342.56704 -44.86486  8913.17  6435.90 2.52 2.11 -24.8 -0.428    19.83 21.81 04a59824o0417c       0   27.126476
59824.237422 20.321591      NaN   -55.0     9 c    0   1.58 342.56704 -44.86486  8930.25  6474.77 2.54 2.14 -24.7 -0.418    19.81 21.83 04a59824o0423c       0   27.438034
59824.242442 20.321591      NaN    13.0     9 c    0   1.67 342.56704 -44.86486  8870.32  6392.43 2.45 2.05 -20.4 -0.435    19.82 21.80 04a59824o0434c       0   27.438034
59837.797545 20.103715      NaN    34.0    11 c    0   0.75 342.56704 -44.86486  7431.44  3895.77 2.47 2.21 -51.0 -0.405    19.56 21.50 03a59838o0169c       0   28.157516
59837.799367 20.321591      NaN    13.0     9 c    0   1.45 342.56704 -44.86486  7409.05  3861.23 2.68 2.25 -58.9 -0.395    19.52 21.52 03a59838o0173c       0   27.438034
59837.806987 20.761819      NaN    -2.0     6 c    0   4.15 342.56704 -44.86486  7466.56  3937.42 2.53 2.13 -58.8 -0.403    19.59 21.56 03a59838o0188c       0   26.605370
59837.842316 20.321591      NaN    26.0     9 c    0   1.24 342.56704 -44.86486  7481.35  3822.60 2.51 2.19 -58.2 -0.400    19.65 21.68 03a59838o0262c       0   27.438034
59845.816573 20.321591      NaN     8.0     9 c    0   1.08 342.56704 -44.86486  7221.35  7756.88 2.74 2.37 -49.3 -0.392    19.79 21.85 03a59846o0016c       0   27.438034
59845.818380 20.449472      NaN    -1.0     8 c    0   1.32 342.56704 -44.86486  7202.91  7717.51 2.85 2.48 -48.1 -0.386    19.75 21.87 03a59846o0020c       0   27.126476
59845.822023 20.449472      NaN     5.0     8 c    0   1.11 342.56704 -44.86486  7258.90  7797.57 2.86 2.56 -50.0 -0.389    19.71 21.86 03a59846o0028c       0   27.126476
59845.832218 20.321591      NaN     2.0     9 c    0   1.09 342.56704 -44.86486  7277.04  7686.05 2.78 2.50 -56.9 -0.386    19.78 21.89 03a59846o0050c       0   27.438034
59849.904270 20.207197      NaN    20.0    10 c    0   1.30 342.56704 -44.86486  8723.36  6483.38 2.40 2.17 -56.0 -0.387    19.78 21.79 03a59850o0243c       0   27.782112
59849.907454 20.207197      NaN     5.0    10 c    0   1.14 342.56704 -44.86486  8740.49  6523.27 2.46 2.20 -60.1 -0.384    19.73 21.78 03a59850o0250c       0   27.782112
59849.912916 19.841877      NaN     8.0    14 c    0   0.55 342.56704 -44.86486  8684.16  6443.21 2.50 2.25 -59.2 -0.390    19.54 21.57 03a59850o0262c       0   29.459221
59849.922912 19.922338      NaN   -32.0    13 c    0   1.01 342.56704 -44.86486  8660.12  6558.03 2.52 2.24 -58.5 -0.387    19.42 21.47 03a59850o0284c       0   28.997340
59868.100091 20.207197      NaN   -29.0    10 c    0   1.69 342.56704 -44.86486  6992.93  6502.92 2.33 2.08 -43.1 -0.402    19.72 21.66 04a59868o0208c       0   27.782112
59868.103260 20.321591      NaN   -43.0     9 c    0   1.64 342.56704 -44.86486  7011.97  6539.50 2.36 2.05 -53.2 -0.410    19.72 21.67 04a59868o0215c       0   27.438034
59868.108700 20.103715      NaN     2.0    11 c    0   1.01 342.56704 -44.86486  6952.44  6457.53 2.34 2.07 -45.8 -0.407    19.74 21.67 04a59868o0227c       0   28.157516
59868.120935 20.207197      NaN    -6.0    10 c    0   1.26 342.56704 -44.86486  6930.09  6563.45 2.29 2.05 -46.6 -0.410    19.75 21.69 04a59868o0254c       0   27.782112
59872.121051 20.207197      NaN     3.0    10 c    0   1.08 342.56704 -44.86486  6989.27  6482.38 2.40 2.19 -38.7 -0.393    19.62 21.54 04a59872o0215c       0   27.782112
59872.124739 20.321591      NaN   -16.0     9 c    0   1.52 342.56704 -44.86486  7007.12  6519.39 2.26 2.12 -42.2 -0.397    19.63 21.51 04a59872o0223c       0   27.438034
59872.130640 20.103715      NaN     1.0    11 c    0   1.09 342.56704 -44.86486  6947.60  6436.11 2.33 2.17 -29.4 -0.398    19.62 21.48 04a59872o0236c       0   28.157516
59872.143322 20.207197      NaN     7.0    10 c    0   0.98 342.56704 -44.86486  6923.93  6544.31 2.40 2.15 -61.1 -0.392    19.63 21.46 04a59872o0264c       0   27.782112
59876.086745 20.449472      NaN     2.0     8 c    0   1.52 342.56704 -44.86486  5078.86  6583.23 2.29 2.04 -82.5 -0.386    19.69 21.67 04a59876o0220c       0   27.126476
59876.089916 20.207197      NaN    31.0    10 c    0   1.22 342.56704 -44.86486  5097.40  6619.04 2.38 2.12 -76.8 -0.379    19.67 21.74 04a59876o0227c       0   27.782112
59876.095343 20.207197      NaN   -13.0    10 c    0   0.96 342.56704 -44.86486  5038.75  6537.90 2.42 2.19 -82.2 -0.372    19.63 21.71 04a59876o0239c       0   27.782112
59876.106271 20.071303      NaN    44.0     8 c    0   1.67 342.56704 -44.86486  5015.99  6646.29 2.33 2.05 -78.6 -0.384    19.70 21.71 04a59876o0263c       0   27.126476
59880.083356 20.321591      NaN    -8.0     9 c    0   1.22 342.56704 -44.86486  5078.05  6577.18 2.48 2.18 -75.7 -0.372    19.62 21.62 04a59880o0204c       0   27.438034
59880.086526 20.449472      NaN    17.0     8 c    0   1.51 342.56704 -44.86486  5095.57  6614.09 2.59 2.33 -86.8 -0.367    19.53 21.62 04a59880o0211c       0   27.126476
59880.092407 20.207197      NaN   -20.0    10 c    0   0.96 342.56704 -44.86486  5037.80  6531.10 2.35 2.08 -81.5 -0.383    19.61 21.64 04a59880o0224c       0   27.782112
59880.102349 20.137125      NaN    39.0     9 c    0   0.83 342.56704 -44.86486  5014.42  6640.88 2.43 2.16 -79.2 -0.381    19.60 21.65 04a59880o0246c       0   27.438034
59897.789451 20.207197      NaN     5.0    10 c    0   1.11 342.56704 -44.86486  6800.68  6504.06 2.43 2.08 -56.9 -0.398    19.81 21.65 03a59898o0082c       0   27.782112
59897.792197 20.321591      NaN   -15.0     9 c    0   1.18 342.56704 -44.86486  6817.52  6542.46 2.41 2.12 -57.0 -0.404    19.79 21.63 03a59898o0088c       0   27.438034
59897.797171 20.449472      NaN    -6.0     8 c    0   1.51 342.56704 -44.86486  6760.91  6462.99 2.42 2.12 -56.9 -0.403    19.80 21.63 03a59898o0099c       0   27.126476
59897.807164 20.009244      NaN   -25.0    12 c    0   0.92 342.56704 -44.86486  6738.23  6577.94 2.50 2.21 -58.3 -0.398    19.63 21.51 03a59898o0121c       0   28.563013
59901.778785 19.922338      NaN   -21.0    13 c    0   1.12 342.56704 -44.86486  6801.00  6510.74 3.09 2.61 -56.0 -0.376    19.27 21.25 03a59902o0059c       0   28.997340
59901.782521 20.207197      NaN   -12.0    10 c    0   1.00 342.56704 -44.86486  6818.81  6548.31 2.78 2.38 -56.6 -0.384    19.61 21.54 03a59902o0067c       0   27.782112
59901.789491 18.396507      NaN  -130.0    53 c    0   0.82 342.56704 -44.86486  6762.43  6470.04 3.06 2.58 -58.4 -0.388    17.64 19.60 03a59902o0082c       0   58.998693
59901.800936 17.574501      NaN  -108.0   113 c    0   0.81 342.56704 -44.86486  6738.54  6583.02 2.97 2.57 -53.2 -0.378    17.43 19.41 03a59902o0107c       2  115.934661
59905.773443 20.009244      NaN     2.0    12 c    0   1.24 342.56704 -44.86486  4887.67  6544.04 2.49 2.20 -50.4 -0.364    19.56 21.03 03a59906o0040c       0   28.563013
59905.777209 20.009244      NaN   -19.0    12 c    0   1.07 342.56704 -44.86486  4904.34  6583.08 2.66 2.34 -43.2 -0.391    19.62 21.37 03a59906o0048c       0   28.563013
59905.782743 20.321591      NaN   -18.0     9 c    0   1.71 342.56704 -44.86486  4847.55  6503.27 2.50 2.21 -52.0 -0.376    19.75 21.61 03a59906o0060c       0   27.438034
59905.794527 20.449472      NaN   -10.0     8 c    0   1.14 342.56704 -44.86486  4823.31  6617.74 2.52 2.21 -50.3 -0.377    19.78 21.70 03a59906o0086c       0   27.126476
59909.771370 19.631075      NaN   -50.0    17 c    0   1.02 342.56704 -44.86486  4891.71  6550.75 2.75 2.54 -56.6 -0.354    19.03 20.12 03a59910o0030c       0   30.997512
59909.774540 19.841877      NaN   -43.0    14 c    0   1.18 342.56704 -44.86486  4906.61  6588.81 2.92 2.65 -50.0 -0.356    19.21 20.65 03a59910o0037c       0   29.459221
59909.781532 20.103715      NaN    -3.0    11 c    0   1.11 342.56704 -44.86486  4846.87  6505.30 2.86 2.58 -54.7 -0.365    19.51 21.32 03a59910o0052c       0   28.157516
59909.791526 20.103715      NaN    12.0    11 c    0   0.75 342.56704 -44.86486  4823.98  6616.17 2.93 2.65 -53.7 -0.376    19.55 21.57 03a59910o0074c       0   28.157516
59928.041805 19.569016      NaN   -21.0    18 c    0   1.60 342.56704 -44.86486  1407.36  4366.54 2.83 2.54  45.5 -0.385    19.21 20.96 04a59928o0052c       0   31.557023
59928.044972 20.207197      NaN   -25.0    10 c    0   1.64 342.56704 -44.86486  1423.14  4404.97 2.64 2.37  38.4 -0.382    19.39 21.22 04a59928o0059c       0   27.782112
59928.050531 20.103715      NaN   -32.0    11 c    0   1.39 342.56704 -44.86486  1360.93  4329.30 2.53 2.37  41.6 -0.381    19.49 21.43 04a59928o0071c       0   28.157516
59928.071714 19.922338      NaN   -16.0    13 c    0   0.82 342.56704 -44.86486  1331.04  4444.49 2.71 2.41  51.7 -0.379    19.42 21.48 04a59928o0117c       0   28.997340
59936.081701 20.207197      NaN    33.0    10 c    0   1.78 342.56704 -44.86486  1265.30  2434.04 2.93 2.33  39.2 -0.375    19.43 21.37 04a59936o0133c       0   27.782112
59936.084897 19.922338      NaN     5.0    13 c    0   1.00 342.56704 -44.86486  1282.37  2472.89 3.02 2.38  42.6 -0.367    19.38 21.35 04a59936o0140c       0   28.997340
59936.108025 19.922338      NaN     7.0    13 c    0   1.13 342.56704 -44.86486  1211.16  2405.75 3.04 2.19  41.7 -0.375    19.39 21.25 04a59936o0190c       0   28.997340
59936.125637 20.103715      NaN    33.0    11 c    0   1.59 342.56704 -44.86486  1182.42  2533.39 2.84 1.96  38.6 -0.389    19.38 21.15 04a59936o0228c       0   28.157516