         MJD         m       dm  uJy  duJy F  err  chi/N       RA      Dec        x        y  maj  min   phi  apfit  mag5sig   Sky            Obs    Mask    duJy_new
57396.527723 19.766969      NaN   -2    15 c    0   1.05 148.6885 55.44038  1519.49 10427.38 3.90 3.87 -68.4 -0.383    19.71 21.79 02a57396o0510c       0   21.562464
57396.528336 19.241693      NaN   31    17 c    0   1.19 148.6885 55.44038  2719.09   604.87 5.19 3.79 -19.5 -0.462    19.70 21.80 02a57396o0511c       0   22.998693
57396.532541 19.766969      NaN    5    15 c    0   1.02 148.6885 55.44038  1843.47  8671.36 3.96 3.70 -73.7 -0.415    19.70 21.78 02a57396o0517c       0   21.562464
57424.466633 19.696897      NaN   -6    16 c    0   0.88 148.6885 55.44038  1544.31  9157.97 4.05 3.87 -65.4 -0.413    19.69 21.80 02a57424o0443c       0   22.269707
57424.490173 19.454622      NaN    6    20 c    0   0.97 148.6885 55.44038  8558.15   720.00 4.71 3.81  15.0 -0.436    19.67 21.80 02a57424o0478c       0   25.297033
57424.503712 19.351140      NaN   -2    22 c    0   1.00 148.6885 55.44038  9841.36   195.02 4.85 3.77  24.3 -0.429    19.67 21.78 02a57424o0498c       0   26.906131
57424.504321 19.351140      NaN   27    16 c    0   0.96 148.6885 55.44038  8584.05 10019.15 4.22 3.91  76.5 -0.393    19.66 21.78 02a57424o0499c       0   22.269707
57424.531140 19.454622      NaN  -37    20 c    0   1.21 148.6885 55.44038  9966.21   122.77 4.95 3.86  24.5 -0.397    19.64 21.75 02a57424o0537c       0   25.297033
57424.531767 19.696897      NaN   -4    16 c    0   0.89 148.6885 55.44038  8685.67  9944.66 4.21 3.87  81.7 -0.391    19.66 21.76 02a57424o0538c       0   22.269707
57431.438982 19.454622      NaN  -12    20 c    0   0.77 148.6885 55.44038  1288.10  9485.25 4.89 4.55 -55.1 -0.371    19.41 21.65 02a57431o0423c    8192   25.297033
57448.430422 19.256669      NaN   27    18 c    0   0.86 148.6885 55.44038  9396.67  1358.75 4.36 3.71  35.5 -0.470    19.67 21.70 02a57448o0292c       0   23.747418
57448.451757 19.212347      NaN   18    22 c    0   0.99 148.6885 55.44038  9087.43   757.40 4.47 3.70  24.4 -0.461    19.42 21.19 02a57448o0334c       0   26.906131
57448.464339 19.569016      NaN   -5    18 c    0   0.96 148.6885 55.44038  8990.34 10039.16 4.12 3.69  73.9 -0.414    19.36 21.06 02a57448o0357c       0   23.747418
57448.464819 19.014394      NaN  -75    30 c    0   1.04 148.6885 55.44038 10340.99   232.48 4.76 3.71  31.7 -0.438    19.33 21.03 02a57448o0358c       0   33.762995
57448.480221 19.351140      NaN    5    22 c    0   0.94 148.6885 55.44038  8765.03 10125.82 4.12 3.70  72.2 -0.406    19.29 20.91 02a57448o0386c       0   26.906131
57448.491833 18.910912      NaN    7    33 c    0   0.80 148.6885 55.44038 10073.77   317.85 4.52 3.68  26.6 -0.457    19.22 20.80 02a57448o0406c       0   36.454627
57449.423854 19.696897      NaN  -14    16 c    0   0.88 148.6885 55.44038  9136.13  1381.87 4.33 3.69  30.6 -0.465    19.77 21.89 02a57449o0445c       0   22.269707
57449.446551 19.436675      NaN   22    16 c    0   1.00 148.6885 55.44038  8823.90   780.50 4.37 3.61  20.7 -0.464    19.77 21.85 02a57449o0487c       0   22.269707
57449.455473 19.472870      NaN   20    16 c    0   0.81 148.6885 55.44038  8761.11 10065.47 4.09 3.64  76.9 -0.417    19.77 21.84 02a57449o0504c       0   22.269707
57449.458320 19.351140      NaN    9    22 c    0   1.12 148.6885 55.44038 10073.34   254.79 4.69 3.65  28.0 -0.448    19.75 21.83 02a57449o0509c       0   26.906131
57449.473577 19.169763      NaN   36    17 c    0   0.90 148.6885 55.44038  8764.42 10126.27 4.12 3.70  76.0 -0.415    19.67 21.66 02a57449o0536c       0   22.998693
57449.474061 19.256669      NaN  -16    24 c    0   0.96 148.6885 55.44038 10079.41   314.66 4.71 3.69  28.1 -0.444    19.64 21.63 02a57449o0537c       0   28.564661
57458.405708 19.302877      NaN  -33    23 c    0   0.86 148.6885 55.44038  9033.11  1532.33 4.57 4.08 -69.6 -0.405    19.29 21.51 02a57458o0414c       0   27.729765
57458.424295 19.569016      NaN   -4    18 c    0   1.11 148.6885 55.44038  8710.59   955.03 4.84 4.42  27.7 -0.398    19.53 21.78 02a57458o0451c       0   23.747418
57458.436239 19.401649      NaN  -36    21 c    0   1.36 148.6885 55.44038  8662.94 10219.90 5.18 4.14  87.2 -0.337    19.43 21.69 02a57458o0474c       0   26.094824
57458.436721 19.014394      NaN   -9    30 c    0   1.00 148.6885 55.44038  9964.15   407.77 4.73 4.19 -89.6 -0.409    19.35 21.58 02a57458o0475c       0   33.762995
57458.457128 19.631075      NaN  -41    17 c    0   0.89 148.6885 55.44038  8757.68 10126.74 4.84 4.31  76.4 -0.344    19.55 21.75 02a57458o0512c       0   22.998693
57458.459630 18.889197      NaN   20    30 c    0   0.99 148.6885 55.44038 10068.46   314.38 4.95 4.33  62.2 -0.380    19.53 21.74 02a57458o0516c       0   33.762995
57482.365544 19.026525      NaN   41    19 c    0   0.88 148.6885 55.44038  8849.55  1479.60 4.62 3.89  27.7 -0.463    19.51 21.54 02a57482o0313c       0   24.514075
57482.376170 19.089302      NaN  -28    28 c    0   1.14 148.6885 55.44038  8540.87   877.59 4.77 3.96  23.4 -0.458    19.44 21.48 02a57482o0335c       0   31.999060
57482.394545 19.128787      NaN   -6    27 c    0   0.81 148.6885 55.44038  9790.17   347.40 5.17 4.03  28.6 -0.429    19.55 21.60 02a57482o0373c       0   31.127799
57482.395026 19.569016      NaN  -11    18 c    0   1.01 148.6885 55.44038  8510.39 10139.57 4.51 3.95  80.2 -0.389    19.58 21.63 02a57482o0374c       0   23.747418
57482.409563 19.212347      NaN  -12    25 c    0   1.00 148.6885 55.44038 10056.14   305.81 5.44 4.28  30.6 -0.415    19.49 21.58 02a57482o0404c       0   29.409860
57482.410044 19.631075      NaN  -21    17 c    0   1.18 148.6885 55.44038  8739.52 10115.72 4.67 4.09  78.2 -0.377    19.52 21.62 02a57482o0405c       0   22.998693
57488.371496 19.014394      NaN   -7    30 c    0   1.40 148.6885 55.44038  9783.42   291.54 4.37 3.38  84.0 -0.395    19.27 21.26 02a57488o0265c       0   33.762995
57488.371973 19.256669      NaN   24    19 c    0   0.89 148.6885 55.44038  8502.74 10104.29 4.38 3.79  79.9 -0.419    19.51 21.44 02a57488o0266c       0   24.514075
57488.373886 19.510313      NaN    7    19 c    0   1.04 148.6885 55.44038  8746.73 10118.21 4.39 3.76  79.3 -0.415    19.52 21.44 02a57488o0270c       0   24.514075
57488.374846 18.889197      NaN   32    26 c    0   1.08 148.6885 55.44038 10063.68   309.45 5.42 3.90  28.7 -0.414    19.49 21.43 02a57488o0272c       0   30.264498
57512.288515 19.212347      NaN  -13    25 c    0   0.94 148.6885 55.44038  7444.35   141.79 5.07 3.83  10.9 -0.493    19.41 21.34 02a57512o0153c       0   29.409860
57512.289484 19.569016      NaN  -35    18 c    0   1.25 148.6885 55.44038  6462.03  9967.09 4.23 3.97  84.0 -0.425    19.43 21.38 02a57512o0155c       0   23.747418
57512.290453 19.351140      NaN  -32    22 c    0   1.19 148.6885 55.44038  7421.66    99.70 5.17 3.95  12.0 -0.494    19.40 21.35 02a57512o0157c       0   26.906131
57512.298680 19.569016      NaN  -28    18 c    0   1.16 148.6885 55.44038  6443.43  9925.91 4.21 3.95  86.2 -0.418    19.44 21.39 02a57512o0174c       0   23.747418
57512.300618 19.241693      NaN   13    23 c    0   1.21 148.6885 55.44038  7492.17   179.72 5.20 3.95  11.1 -0.474    19.41 21.38 02a57512o0178c       0   27.729765
57512.302070 19.454622      NaN  -32    20 c    0   1.00 148.6885 55.44038  6497.64  9984.41 4.35 4.07  88.3 -0.410    19.40 21.40 02a57512o0181c       0   25.297033
57512.315159 19.631075      NaN    3    17 c    0   1.21 148.6885 55.44038  6524.38  9864.44 4.47 4.14  88.9 -0.407    19.40 21.44 02a57512o0208c       0   22.998693
57512.315645 19.014394      NaN  -52    30 c    0   0.87 148.6885 55.44038  7522.14    58.25 5.29 4.14  11.4 -0.460    19.38 21.42 02a57512o0209c       0   33.762995
57512.322931 19.256669      NaN  -31    24 c    0   1.00 148.6885 55.44038 10396.46  1170.42 5.30 4.30  36.4 -0.436    19.39 21.44 02a57512o0224c       0   28.564661
57515.304978 18.459772      NaN  -86    50 c    0   1.17 148.6885 55.44038  9823.85  2745.35 5.08 4.23  49.6 -0.484    18.32 20.28 02a57515o0184c       0   52.344435
57515.307885 18.550302      NaN -111    46 c    0   1.03 148.6885 55.44038  9890.65  2825.56 5.20 4.32  49.3 -0.474    18.52 20.50 02a57515o0190c       0   48.538025
57515.321524 19.351140      NaN  -25    22 c    0   1.07 148.6885 55.44038  9919.24  2706.11 5.09 4.20  51.9 -0.467    19.42 21.44 02a57515o0218c       0   26.906131
57515.330726 19.401649      NaN  -22    21 c    0   0.93 148.6885 55.44038  9876.49  2759.22 4.92 4.16  52.5 -0.470    19.43 21.46 02a57515o0237c       0   26.094824
57545.255750 19.014394      NaN  -13    30 c    0   0.97 148.6885 55.44038  6624.01 10271.18 4.13 3.99  59.4 -0.430    18.96 20.49 02a57545o0040c       0   33.762995
57545.259736 19.212347      NaN  -44    25 c    0   0.89 148.6885 55.44038  7632.63   458.36 4.31 3.80  11.0 -0.449    19.21 20.92 02a57545o0048c       0   29.409860
57545.262190 18.702047      NaN   57    24 c    0   0.99 148.6885 55.44038  6602.41 10229.23 4.21 4.07  59.6 -0.415    19.24 21.08 02a57545o0053c       0   28.564661
57545.267728 19.256669      NaN    1    24 c    0   0.94 148.6885 55.44038  7611.32   416.58 4.57 3.94   8.3 -0.443    19.32 21.23 02a57545o0064c       0   28.564661
57545.271232 18.826541      NaN   47    23 c    0   0.97 148.6885 55.44038  6657.57 10307.05 4.49 4.30  55.4 -0.408    19.27 21.25 02a57545o0071c       0   27.729765
57545.278241 19.351140      NaN  -33    22 c    0   1.01 148.6885 55.44038  7677.46   494.90 4.45 3.77  14.6 -0.443    19.40 21.29 02a57545o0085c       0   26.906131
57545.284156 18.796518      NaN   47    24 c    0   0.85 148.6885 55.44038  7700.65   375.58 4.77 3.93  18.1 -0.427    19.34 21.29 02a57545o0097c       0   28.564661
57545.285123 19.510313      NaN  -56    19 c    0   0.99 148.6885 55.44038  6669.11 10185.82 4.27 4.11  74.3 -0.408    19.33 21.28 02a57545o0099c       0   24.514075
57545.291992 19.510313      NaN  -46    19 c    0   0.96 148.6885 55.44038  6637.62 10244.60 4.02 3.88  53.8 -0.428    19.36 21.26 02a57545o0113c       0   24.514075
57545.304580 19.212347      NaN   -3    25 c    0   0.85 148.6885 55.44038  7654.95   431.83 4.80 4.00  13.4 -0.457    19.29 21.23 02a57545o0139c       0   29.409860
57686.601292 18.857417      NaN   23    30 c    0   0.83 148.6885 55.44038  2253.34  8085.04 3.59 3.40  21.3 -0.430    18.86 20.42 02a57686o0820c       0   33.762995
57686.613049 18.878500      NaN   36    25 c    0   1.30 148.6885 55.44038  2264.49  8125.08 3.47 3.28  17.8 -0.422    18.90 20.46 02a57686o0843c       0   29.409860
57686.624755 19.401649      NaN   -7    21 c    0   1.30 148.6885 55.44038  2206.54  8044.64 3.62 3.43  23.8 -0.423    19.16 20.80 02a57686o0866c       0   26.094824
57686.635898 19.302877      NaN  -40    23 c    0   0.98 148.6885 55.44038  2182.71  8160.99 3.59 3.37  16.4 -0.412    19.03 20.60 02a57686o0888c       0   27.729765
57686.644381 18.729535      NaN   -4    39 c    0   0.96 148.6885 55.44038  2227.65  8105.29 3.53 3.31  11.9 -0.414    18.74 19.97 02a57686o0905c       0   41.963554
57690.617557 19.454622      NaN   -3    20 c    0   1.14 148.6885 55.44038  1533.84  7707.46 3.99 3.89  50.6 -0.409    19.36 21.31 02a57690o0762c    8192   25.297033
57690.630340 18.152867      NaN   40    56 c    0   0.90 148.6885 55.44038  1555.92  7748.91 3.80 3.65  48.1 -0.429    18.25 20.02 02a57690o0785c    8192   58.102839
57690.643172 17.555452      NaN -137   115 c    0   1.06 148.6885 55.44038  1498.37  7668.68 3.94 3.80  45.6 -0.416    17.41 18.94 02a57690o0808c       2  116.038527
57694.623875 19.510313      NaN   -9    19 c    0   1.11 148.6885 55.44038  2129.16  8218.99 3.85 3.56  19.0 -0.434    19.44 21.25 02a57694o0820c       0   24.514075
57694.636730 19.631075      NaN   -8    17 c    0   1.05 148.6885 55.44038  2151.00  8260.98 3.68 3.42  15.8 -0.407    19.50 21.29 02a57694o0843c       0   22.998693
57694.649658 18.796518      NaN   11    36 c    0   1.28 148.6885 55.44038  2084.11  8181.75 3.66 3.42  15.8 -0.421    18.76 19.83 02a57694o0866c       0   39.191069
57698.588844 19.631075      NaN    3    17 c    0   1.18 148.6885 55.44038  1047.03 10013.01 3.73 3.20   9.2 -0.466    19.62 21.52 02a57698o0788c       0   22.998693
57698.594057 19.491430      NaN   19    16 c    0   1.32 148.6885 55.44038  2274.32   197.81 4.04 3.86 -64.4 -0.390    19.64 21.54 02a57698o0798c       0   22.269707
57698.600789 19.631075      NaN  -13    17 c    0   1.29 148.6885 55.44038  1067.95 10054.39 3.73 3.25   8.3 -0.465    19.62 21.53 02a57698o0811c       0   22.998693
57698.606008 19.569016      NaN   -5    18 c    0   0.91 148.6885 55.44038  2297.54   239.44 4.03 3.86 -64.0 -0.396    19.64 21.55 02a57698o0821c       0   23.747418
57698.612694 19.631075      NaN  -16    17 c    0   1.16 148.6885 55.44038   999.80  9973.24 3.70 3.19   4.9 -0.469    19.61 21.52 02a57698o0834c       0   22.998693
57698.617875 19.589310      NaN   11    17 c    0   0.99 148.6885 55.44038  2239.81   158.50 4.09 3.90 -64.4 -0.390    19.64 21.55 02a57698o0844c       0   22.998693
57698.624576 19.226921      NaN   29    18 c    0   1.10 148.6885 55.44038   973.80 10090.56 3.63 3.08   4.0 -0.480    19.65 21.54 02a57698o0857c       0   23.747418
57698.629732 19.696897      NaN    9    16 c    0   0.98 148.6885 55.44038  2219.37   276.76 4.05 3.86 -69.0 -0.399    19.65 21.58 02a57698o0867c       0   22.269707
57698.636466 19.631075      NaN  -15    17 c    0   1.08 148.6885 55.44038  1018.48 10034.32 3.68 3.18   5.2 -0.470    19.63 21.51 02a57698o0880c       0   22.998693
57698.641622 19.318728      NaN   20    19 c    0   0.77 148.6885 55.44038  2253.57   220.57 4.05 3.87 -69.4 -0.385    19.54 21.31 02a57698o0890c       0   24.514075
57718.561355 19.334813      NaN   16    20 c    0   0.81 148.6885 55.44038  1184.83 10397.42 4.42 4.06  22.0 -0.399    19.55 21.72 02a57718o0707c       0   25.297033
57718.563974 19.419021      NaN   20    17 c    0   1.03 148.6885 55.44038  2411.04   581.17 4.26 4.03 -86.5 -0.391    19.67 21.77 02a57718o0712c       0   22.998693
57718.573553 19.569016      NaN  -12    18 c    0   0.96 148.6885 55.44038  1207.03 10439.43 3.97 3.44   8.3 -0.437    19.60 21.71 02a57718o0730c       0   23.747418
57718.576126 19.510313      NaN   -5    19 c    0   0.95 148.6885 55.44038  2423.60   623.99 4.19 3.97 -84.2 -0.400    19.59 21.65 02a57718o0735c       0   24.514075
57718.585650 19.212347      NaN   39    15 c    0   1.27 148.6885 55.44038  1149.86 10357.97 3.82 3.25   3.7 -0.459    19.67 21.71 02a57718o0753c       0   21.562464
57718.588257 19.367717      NaN   23    17 c    0   0.96 148.6885 55.44038  2366.59   542.66 4.28 4.00 -85.3 -0.390    19.59 21.66 02a57718o0758c       0   22.998693
57718.597736 19.302877      NaN   -2    23 c    0   1.17 148.6885 55.44038  1125.87 10476.41 3.96 3.40   9.7 -0.435    19.54 21.60 02a57718o0776c       0   27.729765
57718.600346 19.631075      NaN   -4    17 c    0   0.82 148.6885 55.44038  2357.57   661.38 4.14 3.87 -87.6 -0.398    19.60 21.60 02a57718o0781c       0   22.998693
57718.609675 19.454622      NaN  -13    20 c    0   0.92 148.6885 55.44038  1158.42 10419.01 3.73 3.09   7.3 -0.477    19.53 21.47 02a57718o0799c       0   25.297033
57718.612288 19.569016      NaN   -1    18 c    0   1.10 148.6885 55.44038  2391.82   606.03 4.12 3.86 -88.4 -0.394    19.48 21.42 02a57718o0804c       0   23.747418
57746.513060 19.589310      NaN   14    16 c    0   1.12 148.6885 55.44038  4127.18   279.28 4.18 4.11 -41.3 -0.388    19.79 21.96 02a57746o0627c       0   22.269707
57746.513568 19.696897      NaN    7    16 c    0   0.85 148.6885 55.44038  3161.89 10112.10 4.00 3.68  13.2 -0.377    19.77 21.95 02a57746o0628c       0   22.269707
57746.531238 19.696897      NaN  -12    16 c    0   1.20 148.6885 55.44038  4163.92   316.74 4.19 4.12 -52.3 -0.379    19.78 22.01 02a57746o0662c       0   22.269707
57746.532266 19.766969      NaN   -7    15 c    0   1.19 148.6885 55.44038  3180.97 10126.97 4.00 3.68   9.9 -0.386    19.79 22.00 02a57746o0664c       0   21.562464
57746.539728 19.491430      NaN   22    15 c    0   1.21 148.6885 55.44038  4108.65   237.98 3.91 3.81 -45.7 -0.411    19.86 22.00 02a57746o0678c       0   21.562464
57746.542340 19.631075      NaN    9    17 c    0   0.95 148.6885 55.44038  3128.32 10067.55 3.89 3.51   7.2 -0.389    19.81 22.00 02a57746o0683c       0   22.998693
57746.551455 19.367717      NaN   23    17 c    0   0.90 148.6885 55.44038  4094.40   355.83 4.08 4.01 -34.5 -0.398    19.80 21.97 02a57746o0700c       0   22.998693
57746.554058 19.652575      NaN   11    16 c    0   0.86 148.6885 55.44038  3100.52 10185.86 4.26 4.02  21.1 -0.414    19.75 21.93 02a57746o0705c       0   22.269707
57746.563070 19.454622      NaN   21    16 c    0   1.08 148.6885 55.44038  4128.72   299.35 4.02 3.95 -43.7 -0.401    19.77 21.89 02a57746o0722c       0   22.269707
57746.565644 19.766969      NaN  -28    15 c    0   0.94 148.6885 55.44038  3145.95 10129.06 4.06 3.77  20.4 -0.381    19.71 21.86 02a57746o0727c       0   21.562464
57750.513631 19.569016      NaN   15    16 c    0   1.10 148.6885 55.44038   921.49  8214.86 4.24 4.00  39.7 -0.411    19.63 21.76 02a57750o0459c       0   22.269707
57750.531688 19.241693      NaN   28    18 c    0   0.82 148.6885 55.44038   934.15  8255.41 4.52 4.28  47.1 -0.385    19.57 21.76 02a57750o0494c       0   23.747418
57750.537192 19.696897      NaN   -5    16 c    0   1.06 148.6885 55.44038   877.75  8173.97 4.51 4.21  45.8 -0.392    19.57 21.77 02a57750o0505c       0   22.269707
57750.548780 17.976960      NaN -135    78 c    0   1.10 148.6885 55.44038   852.19  8290.44 4.66 4.42  44.6 -0.363    18.93 21.04 02a57750o0527c       2   79.523203
57750.560260 18.786693      NaN  -24    37 c    0   0.97 148.6885 55.44038   896.84  8235.46 4.43 4.21  40.9 -0.400    18.74 20.85 02a57750o0549c       0   40.111593
57758.454477 19.401649      NaN    8    21 c    0   0.88 148.6885 55.44038 10478.95   304.95 4.01 3.74  74.6 -0.461    19.74 21.78 02a57758o0494c    8192   26.094824
57778.470173 19.950541      NaN   11    12 c    0   1.52 148.6885 55.44038  1254.07  7962.84 3.85 3.82  59.9 -0.420    19.76 21.81 02a57778o0381c       0   19.594383
57778.487597 19.674510      NaN   10    16 c    0   0.90 148.6885 55.44038  1272.67  8004.12 3.90 3.85  67.7 -0.419    19.74 21.79 02a57778o0414c       0   22.269707
57778.499902 19.454622      NaN   21    16 c    0   0.83 148.6885 55.44038  1207.42  7922.07 3.85 3.83  48.0 -0.421    19.73 21.77 02a57778o0437c       0   22.269707
57778.517948 19.841877      NaN   -4    14 c    0   1.20 148.6885 55.44038  1187.96  8035.13 3.95 3.85  83.5 -0.419    19.72 21.79 02a57778o0471c       0   20.879173
57778.522891 19.652575      NaN   14    15 c    0   1.07 148.6885 55.44038  9249.74  2458.46 3.99 3.64  68.3 -0.432    19.74 21.79 02a57778o0481c       0   21.562464
57782.463367 19.351140      NaN   21    18 c    0   0.82 148.6885 55.44038  1729.99  9001.85 3.83 3.48  17.3 -0.433    19.73 21.75 02a57782o0528c       0   23.747418
57782.481216 19.766969      NaN  -13    15 c    0   1.14 148.6885 55.44038  1748.24  9042.65 3.89 3.55  22.1 -0.424    19.76 21.81 02a57782o0562c       0   21.562464
57782.492405 19.841877      NaN    3    14 c    0   0.92 148.6885 55.44038  8790.71  1480.64 3.81 3.60  84.2 -0.421    19.80 21.82 02a57782o0583c       0   20.879173
57782.512529 19.766969      NaN    0    15 c    0   1.10 148.6885 55.44038  8809.19  1364.18 3.83 3.59  88.5 -0.428    19.80 21.86 02a57782o0620c       0   21.562464
57782.518867 19.766969      NaN   -7    15 c    0   0.94 148.6885 55.44038  8762.76  1422.65 3.85 3.61  87.9 -0.423    19.80 21.85 02a57782o0632c       0   21.562464
57786.472104 19.549093      NaN   22    14 c    0   1.12 148.6885 55.44038  1472.94  7708.89 3.70 3.53  24.1 -0.438    19.77 21.79 02a57786o0330c       0   20.879173
57786.474497 19.841877      NaN  -33    14 c    0   1.08 148.6885 55.44038  1501.28  7743.14 3.69 3.54  26.5 -0.447    19.77 21.79 02a57786o0335c       0   20.879173
57786.483946 19.841877      NaN  -11    14 c    0   1.17 148.6885 55.44038  1431.91  7662.19 3.72 3.58  27.3 -0.446    19.77 21.78 02a57786o0354c       0   20.879173
57786.505410 19.841877      NaN    1    14 c    0   1.14 148.6885 55.44038  9074.70  2666.58 3.84 3.49  79.6 -0.424    19.79 21.82 02a57786o0396c       0   20.879173
57786.521150 19.766969      NaN   15    13 c    0   1.43 148.6885 55.44038  9028.61  2719.06 3.87 3.49  80.6 -0.424    19.75 21.76 02a57786o0426c       0   20.222261
57806.438237 19.696897      NaN    3    16 c    0   0.98 148.6885 55.44038  7783.54  1467.59 3.82 3.68  62.4 -0.428    19.77 21.83 02a57806o0407c       0   22.269707
57806.441363 19.766969      NaN   -7    15 c    0   1.04 148.6885 55.44038  2721.85  9009.44 3.87 3.72  21.4 -0.411    19.76 21.83 02a57806o0412c       0   21.562464
57806.451004 19.472870      NaN   20    16 c    0   0.97 148.6885 55.44038  7825.39  1510.15 3.87 3.72  49.1 -0.420    19.74 21.79 02a57806o0431c       0   22.269707
57806.473121 19.609992      NaN   13    16 c    0   0.86 148.6885 55.44038  7842.18  1393.43 3.89 3.74  49.1 -0.424    19.71 21.75 02a57806o0474c       0   22.269707
57806.487938 19.696897      NaN    2    16 c    0   1.09 148.6885 55.44038  7806.82  1449.56 3.81 3.68  54.4 -0.432    19.72 21.73 02a57806o0503c       0   22.269707
57834.389578 19.454622      NaN    9    20 c    0   1.15 148.6885 55.44038  7838.35  9302.11 4.23 4.03  78.4 -0.395    18.95 20.94 02a57834o0246c       0   25.297033
57834.408360 19.351140      NaN  -12    22 c    0   0.96 148.6885 55.44038  7815.35  9260.12 4.14 4.04  66.5 -0.399    18.93 20.93 02a57834o0282c       0   26.906131
57834.418266 19.401649      NaN  -35    21 c    0   0.79 148.6885 55.44038  7870.66  9338.53 3.98 3.79  87.4 -0.421    18.99 20.94 02a57834o0301c       0   26.094824
57834.435933 19.454622      NaN    3    20 c    0   1.14 148.6885 55.44038  7895.07  9222.60 3.93 3.84  70.9 -0.427    18.97 20.93 02a57834o0335c       0   25.297033
57834.444763 19.569016      NaN   -5    18 c    0   1.04 148.6885 55.44038  7850.05  9277.93 4.01 3.82  83.5 -0.420    18.98 20.95 02a57834o0352c       0   23.747418
57838.386638 19.696897      NaN   -5    16 c    0   0.96 148.6885 55.44038  8025.53  2726.32 4.01 3.93  52.3 -0.375    18.99 21.05 02a57838o0253c       0   22.269707
57838.409230 19.569016      NaN   12    17 c    0   0.92 148.6885 55.44038  8004.86  2685.69 3.98 3.78  75.2 -0.388    19.01 21.06 02a57838o0296c       0   22.998693
57838.420251 19.454622      NaN   -7    20 c    0   1.03 148.6885 55.44038  8071.04  2764.49 5.18 5.00  80.9 -0.325    18.71 21.07 02a57838o0317c       0   25.297033
57838.423373 19.510313      NaN   -2    19 c    0   0.87 148.6885 55.44038  8084.14  2648.27 4.64 4.48  68.1 -0.358    18.84 21.04 02a57838o0323c       0   24.514075
57838.438622 19.569016      NaN  -32    18 c    0   0.98 148.6885 55.44038  8051.46  2703.09 4.99 4.86  74.3 -0.311    18.76 21.01 02a57838o0352c       0   23.747418
57842.366683 19.510313      NaN  -62    19 c    0   1.25 148.6885 55.44038   287.62  9118.40 4.31 4.05  37.8 -0.402    18.98 21.03 02a57842o0274c       0   24.514075
57842.370354 19.351140      NaN  -11    22 c    0   1.04 148.6885 55.44038  9245.66  9077.01 4.87 4.57  76.1 -0.338    18.87 21.07 02a57842o0281c       0   26.906131
57842.380336 19.569016      NaN  -13    18 c    0   1.20 148.6885 55.44038   279.48  9077.97 4.01 3.71  34.7 -0.434    19.03 21.03 02a57842o0300c       0   23.747418
57842.389772 19.401649      NaN    4    21 c    0   0.96 148.6885 55.44038  9237.16  9035.88 4.20 3.87  82.5 -0.404    19.01 21.03 02a57842o0318c       0   26.094824
57842.399256 19.401649      NaN   -9    21 c    0   1.07 148.6885 55.44038   332.37  9150.77 4.09 3.78  35.0 -0.422    18.97 20.93 02a57842o0336c       0   26.094824
57842.401350 19.183773      NaN   26    20 c    0   1.02 148.6885 55.44038  9292.40  9116.34 4.11 3.74  86.7 -0.415    19.00 20.97 02a57842o0340c       0   25.297033
57842.403948 19.287255      NaN   13    22 c    0   0.88 148.6885 55.44038   356.61  9031.46 4.05 3.72  34.4 -0.413    18.96 20.90 02a57842o0345c       0   26.906131
57842.415093 19.256669      NaN   -9    24 c    0   1.02 148.6885 55.44038   310.46  9091.97 4.49 4.21  33.6 -0.396    18.79 20.80 02a57842o0366c       0   28.564661
57842.417191 18.967180      NaN   25    26 c    0   1.20 148.6885 55.44038  9300.68  8997.45 4.27 3.96  82.7 -0.396    18.60 20.54 02a57842o0370c       0   30.264498
57862.376865 19.401649      NaN    9    21 c    0   1.45 148.6885 55.44038  8932.99  9268.71 4.39 3.87  87.4 -0.405    18.79 20.63 02a57862o0317c       0   26.094824
57862.394942 19.510313      NaN    6    19 c    0   1.14 148.6885 55.44038  8921.18  9227.93 4.22 3.74  87.4 -0.417    18.97 20.82 02a57862o0354c       0   24.514075
57862.399800 19.226921      NaN   23    20 c    0   1.26 148.6885 55.44038  8965.15  9308.55 4.34 3.97  84.2 -0.402    18.92 20.80 02a57862o0364c       0   25.297033
57862.412318 19.510313      NaN  -15    19 c    0   1.10 148.6885 55.44038  8986.34  9193.01 4.20 3.78  85.0 -0.409    18.91 20.74 02a57862o0389c       0   24.514075
57862.424861 19.302877      NaN   -7    23 c    0   0.92 148.6885 55.44038  8952.95  9248.12 4.51 4.16  80.5 -0.385    18.81 20.65 02a57862o0415c       0   27.729765
57870.367982 20.009244      NaN  -24    12 c    0   1.01 148.6885 55.44038  8477.36   985.07 4.38 2.74  37.9 -0.474    19.50 20.69 02a57870o0204c       0   19.594383
57870.384229 19.696897      NaN   18    13 c    0   1.14 148.6885 55.44038  8458.33   944.33 4.46 2.75  37.1 -0.477    19.46 20.59 02a57870o0235c       0   20.222261
57870.403746 19.766969      NaN    9    15 c    0   1.06 148.6885 55.44038  8536.02   908.45 4.51 2.80  37.2 -0.475    19.41 20.53 02a57870o0272c       0   21.562464
57870.424843 19.766969      NaN    3    15 c    0   1.21 148.6885 55.44038  8500.23   964.29 4.47 2.84  36.5 -0.477    19.35 20.47 02a57870o0312c       0   21.562464
57894.307693 20.009244      NaN   -5    12 c    0   1.32 148.6885 55.44038  7857.16  2078.06 3.93 2.58  48.9 -0.437    19.66 21.28 02a57894o0142c       0   19.594383
57894.313501 20.009244      NaN   -9    12 c    0   1.11 148.6885 55.44038  7837.88  2036.39 3.98 2.55  49.3 -0.436    19.66 21.27 02a57894o0153c       0   19.594383
57894.335031 20.207197      NaN  -10    10 c    0   1.35 148.6885 55.44038  7903.06  2113.51 3.93 2.61  48.3 -0.436    19.62 21.34 02a57894o0194c       0   18.437458
57894.349259 20.009244      NaN  -19    12 c    0   1.43 148.6885 55.44038  7914.33  1996.82 3.97 2.62  48.1 -0.435    19.59 21.28 02a57894o0221c       0   19.594383
57894.369850 19.631075      NaN   15    15 c    0   0.78 148.6885 55.44038  7879.68  2053.50 3.98 2.66  47.7 -0.447    19.50 21.13 02a57894o0260c       0   21.562464
57898.332151 19.766969      NaN    0    15 c    0   0.79 148.6885 55.44038  8485.68  1121.57 5.52 2.78  48.9 -0.374    19.47 21.28 02a57898o0030c       0   21.562464
57898.339477 19.696897      NaN    5    16 c    0   0.90 148.6885 55.44038  8510.64  1001.16 5.48 2.66  48.1 -0.393    19.53 21.25 02a57898o0044c       0   22.269707
57898.362185 19.766969      NaN    0    15 c    0   1.14 148.6885 55.44038  8464.48  1058.29 5.30 2.89  46.1 -0.385    19.42 21.17 02a57898o0087c       0   21.562464
57902.280239 19.454622      NaN  -41    20 c    0   1.09 148.6885 55.44038   810.60  9898.43 2.48 2.42  -1.6 -0.457    18.76 19.97 02a57902o0090c       0   25.297033
57902.290947 19.766969      NaN   15    13 c    0   1.07 148.6885 55.44038  9797.31  9910.46 2.83 2.58  22.3 -0.436    19.37 20.84 02a57902o0111c       0   20.222261
57902.292985 19.510313      NaN   30    12 c    0   1.00 148.6885 55.44038   797.98  9859.13 2.50 2.45 -27.6 -0.448    19.31 20.70 02a57902o0115c       0   19.594383
57902.305268 19.696897      NaN   15    14 c    0   1.02 148.6885 55.44038   849.67  9935.58 2.63 2.52  16.9 -0.462    19.35 20.76 02a57902o0139c       0   20.879173
57902.312964 18.376212      NaN -437    54 c    0  10.10 148.6885 55.44038   879.62    35.03 2.84 2.57  47.9 -0.471    19.20 20.63 02a57902o0154c    4096   56.177752
57902.319051 19.696897      NaN    7    16 c    0   1.11 148.6885 55.44038  9840.94  9966.24 2.86 2.65  26.5 -0.439    19.06 20.38 02a57902o0166c       0   22.269707
57902.320572 19.841877      NaN    1    14 c    0   1.07 148.6885 55.44038   877.45  9806.09 2.52 2.41  18.2 -0.462    19.29 20.61 02a57902o0169c       0   20.879173
57902.328822 19.841877      NaN   -1    14 c    0   1.06 148.6885 55.44038   831.23  9868.29 2.55 2.41  14.1 -0.454    19.27 20.63 02a57902o0185c       0   20.879173
57902.330850 19.766969      NaN   -3    15 c    0   0.94 148.6885 55.44038  9849.35  9850.86 2.67 2.52  24.0 -0.442    19.38 20.82 02a57902o0189c       0   21.562464
57902.342517 19.454622      NaN  -10    20 c    0   0.77 148.6885 55.44038  9814.35  9886.71 2.71 2.59  28.3 -0.440    19.05 20.47 02a57902o0212c       0   25.297033
58194.399591 20.449472      NaN    5     8 c    0   1.24 148.6885 55.44038  8870.39  1305.37 2.69 2.47  62.9 -0.421    19.82 21.71 02a58194o0399c       0   17.433871
58194.401438 20.449472      NaN    9     8 c    0   1.09 148.6885 55.44038  8849.36  1266.40 2.70 2.46  60.2 -0.418    19.81 21.71 02a58194o0403c       0   17.433871
58194.416914 20.321591      NaN    9     9 c    0   1.10 148.6885 55.44038  8904.32  1347.91 2.78 2.47  60.9 -0.421    19.75 21.67 02a58194o0436c       0   17.914794
58194.420633 20.405150      NaN   13     7 c    0   1.42 148.6885 55.44038  8926.65  1229.29 2.76 2.41  57.5 -0.425    19.77 21.66 02a58194o0444c       0   16.998231
58196.420158 19.841877      NaN   15    12 c    0   1.00 148.6885 55.44038  7487.43  5928.01 2.50 2.34  59.4 -0.444    19.42 21.47 02a58196o0419c    8192   19.594383
58196.434679 13.792381      NaN 3107  2648 c    0   1.06 148.6885 55.44038  7531.76  5967.94 2.45 2.37  58.0 -0.550    15.94 17.78 02a58196o0450c       2 2648.045305
58251.419626 19.589310      NaN   26    12 c    0   1.16 148.6885 55.44038  6702.93  5990.39 2.92 2.70 -44.0 -0.378    19.43 21.16 02a58251o0414c       0   19.594383
58251.428536 19.367717      NaN   38    12 c    0   1.11 148.6885 55.44038  6701.02  5995.55 2.75 2.53 -50.1 -0.392    19.38 21.09 02a58251o0433c       0   19.594383
58251.439457 20.009244      NaN   -9    12 c    0   1.15 148.6885 55.44038  6699.01  5994.67 2.89 2.66 -39.6 -0.386    19.26 20.97 02a58251o0456c       0   19.594383
58252.343909 20.282105      NaN   10     9 c    0   1.32 148.6885 55.44038  6710.12  5967.93 2.50 2.42 -27.5 -0.401    19.64 21.31 02a58252o0234c       0   17.914794
58252.355582 20.321591      NaN    8     9 c    0   1.05 148.6885 55.44038  6710.85  5972.70 2.57 2.46 -44.2 -0.395    19.60 21.26 02a58252o0259c       0   17.914794
58252.370372 20.321591      NaN    9     9 c    0   1.15 148.6885 55.44038  6710.90  5974.10 2.55 2.46 -31.0 -0.405    19.57 21.24 02a58252o0290c       0   17.914794
58252.388230 20.207197      NaN   -7    10 c    0   1.07 148.6885 55.44038  6720.96  5974.67 2.49 2.43 -18.0 -0.423    19.58 21.24 02a58252o0327c       0   18.437458
58256.318490 20.103715      NaN    8    11 c    0   1.10 148.6885 55.44038  5787.30  7542.10 2.87 2.75 -33.6 -0.394    19.49 21.40 02a58256o0043c       0   18.998417
58256.326585 19.816329      NaN   19    11 c    0   1.36 148.6885 55.44038  5774.28  7500.53 2.97 2.88 -26.0 -0.402    19.48 21.46 02a58256o0060c       0   18.998417
58256.336872 20.207197      NaN    3    10 c    0   1.32 148.6885 55.44038  5827.16  7581.59 2.89 2.76 -40.2 -0.401    19.54 21.46 02a58256o0082c       0   18.437458
58256.348890 19.979496      NaN   13    11 c    0   1.11 148.6885 55.44038  5836.52  7461.23 2.76 2.68 -29.7 -0.401    19.51 21.40 02a58256o0108c       0   18.998417
58280.284049 19.922338      NaN    4    13 c    0   1.05 148.6885 55.44038  7912.77  7155.84 2.97 2.88 -18.0 -0.390    19.27 21.05 02a58280o0093c       0   20.222261
58280.293979 19.631075      NaN   -8    17 c    0   1.22 148.6885 55.44038  7888.81  7112.61 2.64 2.53   8.5 -0.431    19.11 20.74 02a58280o0114c       0   22.998693
58280.304047 20.009244      NaN  -25    12 c    0   1.44 148.6885 55.44038  7940.13  7192.91 2.63 2.53   9.3 -0.424    19.28 21.01 02a58280o0135c       0   19.594383
58280.314112 18.574166      NaN  -24    45 c    0   1.00 148.6885 55.44038  7959.13  7078.48 2.71 2.61   4.4 -0.420    18.90 20.48 02a58280o0156c       0   47.591384
58284.282896 19.743105      NaN   16    13 c    0   0.91 148.6885 55.44038  5433.93  7811.65 2.80 2.68 -41.1 -0.425    19.41 21.07 02a58284o0089c       0   20.222261
58284.292954 19.569016      NaN   12    17 c    0   0.87 148.6885 55.44038  5411.38  7771.25 3.43 3.31  19.8 -0.400    19.11 20.97 02a58284o0110c       0   22.998693
58284.302503 19.841877      NaN   -6    14 c    0   1.03 148.6885 55.44038  5474.90  7850.98 3.44 3.30  27.5 -0.385    19.15 21.05 02a58284o0130c       0   20.879173
58284.312655 19.841877      NaN  -10    14 c    0   0.96 148.6885 55.44038  5483.55  7737.07 3.00 2.85  10.2 -0.432    19.24 21.00 02a58284o0151c       0   20.879173
58428.638185 19.841877      NaN   16    10 c    0   1.09 148.6885 55.44038  3231.30  6369.70 2.62 2.52 -77.4 -0.419    19.65 21.62 02a58428o0855c       0   18.437458
58428.646538 20.009244      NaN   -3    12 c    0   1.41 148.6885 55.44038  3252.51  6409.41 2.60 2.45 -78.9 -0.402    19.42 20.80 02a58428o0873c       0   19.594383
58428.655382 18.481707      NaN   -6    49 c    0   0.60 148.6885 55.44038  3187.40  6331.59 2.44 2.38 -73.3 -0.467    17.89 18.54 02a58428o0892c       0   51.390075
58432.636696 20.321591      NaN    4     9 c    0   1.15 148.6885 55.44038  4392.59  3126.11 2.62 2.48 -78.9 -0.394    19.71 21.59 02a58432o0961c       0   17.914794
58432.645072 19.743105      NaN   20    10 c    0   0.93 148.6885 55.44038  4406.25  3164.59 2.58 2.46  66.7 -0.400    19.62 21.27 02a58432o0979c       0   18.437458
58432.659025 18.286218      NaN   18    54 c    0   1.26 148.6885 55.44038  4355.30  3086.02 2.51 2.42  66.3 -0.426    17.80 18.45 02a58432o1008c       0   56.177752
58436.629744 20.282105      NaN    8     8 c    0   1.58 148.6885 55.44038  3555.74  5680.47 2.65 2.53 -68.5 -0.402    19.63 21.55 02a58436o0945c       0   17.433871
58436.638072 19.979496      NaN   11    10 c    0   1.22 148.6885 55.44038  3562.17  5721.65 2.61 2.54 -70.2 -0.404    19.59 21.43 02a58436o0963c       0   18.437458
58436.646927 19.922338      NaN   -2    13 c    0   1.72 148.6885 55.44038  3509.44  5644.35 2.59 2.52 -81.5 -0.405    19.12 20.68 02a58436o0982c       0   20.222261
58436.655277 18.623526      NaN   34    33 c    0   1.19 148.6885 55.44038  3489.18  5760.29 2.52 2.49 -74.0 -0.403    18.31 19.10 02a58436o1000c       0   36.454627
58460.629697 20.321591      NaN  -29     9 c    0   1.72 148.6885 55.44038  2167.22 10087.51 3.13 2.84  27.3 -0.427    19.72 22.04 02a58460o0948c       0   17.914794
58460.633410 20.207197      NaN    0    10 c    0   0.92 148.6885 55.44038  2536.31   351.17 2.93 2.53  36.2 -0.419    19.79 22.01 02a58460o0956c       0   18.437458
58460.639593 20.449472      NaN  -26     8 c    0   1.25 148.6885 55.44038  2143.78 10052.58 2.91 2.46  16.8 -0.425    19.81 22.03 02a58460o0969c       0   17.433871
58460.643259 19.609992      NaN   26    10 c    0   0.94 148.6885 55.44038  2509.89   309.30 3.04 2.64  38.1 -0.400    19.75 22.02 02a58460o0977c       0   18.437458
58460.649425 20.449472      NaN    1     8 c    0   1.04 148.6885 55.44038  2193.51 10129.15 3.01 2.61  20.8 -0.419    19.73 21.97 02a58460o0990c       0   17.433871
58460.653159 19.894850      NaN   14    10 c    0   1.01 148.6885 55.44038  2571.63   384.28 2.90 2.51  37.8 -0.416    19.74 21.78 02a58460o0998c       0   18.437458
58460.663272 19.142275      NaN   24    20 c    0   1.13 148.6885 55.44038  2211.19 10007.52 3.23 2.88  26.0 -0.441    18.90 20.14 02a58460o1019c       0   25.297033
58460.667151 18.362890      NaN   27    47 c    0   0.90 148.6885 55.44038  2587.80   264.08 3.27 2.83  37.6 -0.385    18.07 19.08 02a58460o1027c       0   49.486764
58488.565432 19.454622      NaN   22    14 c    0   0.95 148.6885 55.44038   111.16  8240.00 3.34 3.20  31.9 -0.338    19.46 21.73 02a58488o0796c       0   20.879173
58488.569116 19.766969      NaN   -5    15 c    0   0.99 148.6885 55.44038    98.37  8202.25 3.52 3.35  33.2 -0.340    19.38 21.71 02a58488o0804c       0   21.562464
58488.579483 19.674510      NaN   20    11 c    0   1.05 148.6885 55.44038  8940.07  8183.02 3.15 2.99  53.0 -0.405    19.49 21.74 02a58488o0826c       0   18.998417
58488.582253 19.766969      NaN    3    15 c    0   0.99 148.6885 55.44038   147.14  8275.36 3.11 2.97  30.0 -0.374    19.50 21.72 02a58488o0832c       0   21.562464
58488.588365 20.103715      NaN  -18    11 c    0   1.08 148.6885 55.44038  8925.84  8142.34 3.39 3.19  53.2 -0.390    19.46 21.77 02a58488o0845c       0   18.998417
58488.591136 19.183773      NaN   42    13 c    0   1.08 148.6885 55.44038   156.11  8157.40 3.04 2.91  29.6 -0.368    19.48 21.74 02a58488o0851c       0   20.222261
58488.597228 19.979496      NaN    8    11 c    0   1.14 148.6885 55.44038  8978.83  8224.63 3.46 3.28  52.2 -0.387    19.47 21.79 02a58488o0864c       0   18.998417
58488.606049 19.979496      NaN    8    11 c    0   1.17 148.6885 55.44038  8987.54  8111.62 3.53 3.31  56.8 -0.399    19.41 21.81 02a58488o0883c       0   18.998417
58492.617405 20.321591      NaN   -9     9 c    0   1.12 148.6885 55.44038  7497.23  4238.52 2.66 2.56 -51.3 -0.409    19.68 21.92 02a58492o0883c       0   17.914794
58492.628110 20.362567      NaN    6     8 c    0   1.30 148.6885 55.44038  7471.14  4200.22 2.56 2.49 -57.4 -0.411    19.72 21.88 02a58492o0905c       0   17.433871
58492.638498 20.594452      NaN    1     7 c    0   1.55 148.6885 55.44038  7532.63  4277.16 2.77 2.52 -45.2 -0.399    19.68 21.86 02a58492o0926c       0   16.998231
58492.649278 20.449472      NaN    3     8 c    0   1.09 148.6885 55.44038  7544.92  4161.14 2.50 2.47  75.1 -0.415    19.71 21.82 02a58492o0948c       0   17.433871
58520.539740 19.979496      NaN    8    11 c    0   0.80 148.6885 55.44038  4581.29   321.54 2.79 2.66  61.7 -0.384    19.77 22.02 02a58520o0011c       0   18.998417
58520.540654 19.979496      NaN   11    10 c    0   0.93 148.6885 55.44038  3964.54 10043.77 2.78 2.72  41.2 -0.409    19.78 22.00 02a58520o0013c       0   18.437458
58520.554311 20.321591      NaN    1     9 c    0   1.38 148.6885 55.44038  3941.11 10003.72 2.75 2.63  26.4 -0.423    19.76 21.98 02a58520o0042c       0   17.914794
58520.555235 20.103715      NaN   10     9 c    0   0.94 148.6885 55.44038  4559.19   282.44 2.96 2.67  45.0 -0.389    19.72 21.98 02a58520o0044c       0   17.914794
58520.559350 20.449472      NaN  -15     8 c    0   1.57 148.6885 55.44038  4612.07   356.69 2.82 2.61  49.8 -0.402    19.76 21.98 02a58520o0053c       0   17.433871
58520.560723 20.103715      NaN   -6    11 c    0   0.98 148.6885 55.44038  3994.46 10080.59 2.82 2.64  21.4 -0.427    19.73 21.96 02a58520o0056c       0   18.998417
58520.571143 20.207197      NaN   -9    10 c    0   0.86 148.6885 55.44038  4015.79  9960.65 2.88 2.66  22.1 -0.435    19.71 21.94 02a58520o0078c       0   18.437458
58520.572516 20.207197      NaN   -3    10 c    0   1.00 148.6885 55.44038  4634.11   238.13 3.09 2.64  41.2 -0.389    19.74 21.94 02a58520o0081c       0   18.437458
58576.423484 20.321591      NaN  -21     9 c    0   0.94 148.6885 55.44038   652.73  2381.91 2.57 2.29 -50.1 -0.425    19.66 21.58 02a58576o0432c       0   17.914794
58576.427603 20.449472      NaN   -9     8 c    0   1.70 148.6885 55.44038   629.45  2340.68 2.53 2.27 -50.1 -0.420    19.65 21.55 02a58576o0441c       0   17.433871
58576.440700 19.791368      NaN   18    10 c    0   0.92 148.6885 55.44038   696.36  2416.51 2.48 2.27 -50.0 -0.435    19.69 21.55 02a58576o0469c       0   18.437458
58576.442072 20.207197      NaN  -10    10 c    0   0.71 148.6885 55.44038 10100.45  2438.39 2.57 2.37 -53.8 -0.418    19.67 21.62 02a58576o0472c       0   18.437458
58576.445730 20.449472      NaN  -15     8 c    0   1.13 148.6885 55.44038 10078.55  2396.44 2.64 2.34 -55.9 -0.419    19.66 21.62 02a58576o0480c       0   17.433871
58576.447558 20.207197      NaN   -2    10 c    0   1.23 148.6885 55.44038   707.58  2293.55 2.61 2.25 -52.6 -0.420    19.66 21.53 02a58576o0484c       0   18.437458
58576.459772 20.321591      NaN   -3     9 c    0   1.34 148.6885 55.44038 10145.14  2480.79 2.73 2.38 -53.3 -0.421    19.61 21.57 02a58576o0510c       0   17.914794
58576.466640 20.449472      NaN  -15     8 c    0   1.55 148.6885 55.44038 10168.02  2360.34 2.79 2.34 -56.0 -0.426    19.62 21.55 02a58576o0525c       0   17.433871
58580.406088 20.207197      NaN   -2    10 c    0   1.19 148.6885 55.44038  7086.15 10075.71 2.68 2.57  74.3 -0.406    19.61 21.45 02a58580o0394c       0   18.437458
58580.418270 20.103715      NaN    7    10 c    0   1.25 148.6885 55.44038  7064.56 10036.83 2.66 2.59 -71.7 -0.404    19.64 21.41 02a58580o0420c       0   18.437458
58580.419643 20.103715      NaN   -1    11 c    0   1.12 148.6885 55.44038  8022.86   380.86 2.54 2.21 -62.9 -0.409    19.63 21.39 02a58580o0423c       0   18.998417
58580.423303 20.009244      NaN    4    12 c    0   1.21 148.6885 55.44038  8000.99   339.59 2.60 2.24 -56.7 -0.419    19.60 21.39 02a58580o0431c       0   19.594383
58580.434610 19.454622      NaN   28    12 c    0   0.67 148.6885 55.44038  7118.81 10113.80 2.72 2.58 -50.9 -0.406    19.62 21.33 02a58580o0455c       0   19.594383
58580.435982 19.922338      NaN   -9    13 c    0   0.54 148.6885 55.44038  8056.47   420.05 2.53 2.16 -55.4 -0.412    19.64 21.32 02a58580o0458c       0   20.222261
58580.441930 19.302877      NaN   31    14 c    0   1.00 148.6885 55.44038  8079.07   299.45 2.72 2.35 -58.5 -0.414    19.53 21.30 02a58580o0471c       0   20.879173
58580.443303 20.207197      NaN  -31    10 c    0   1.44 148.6885 55.44038  7138.90  9993.76 2.79 2.71 -60.0 -0.398    19.54 21.28 02a58580o0474c       0   18.437458
58604.357014 20.009244      NaN  -10    12 c    0   1.07 148.6885 55.44038  3714.83  6160.71 2.47 2.39  24.4 -0.398    19.46 21.38 02a58604o0255c    8192   19.594383
58604.362975 20.207197      NaN   -4    10 c    0   1.04 148.6885 55.44038  3691.95  6119.86 2.39 2.31  32.0 -0.405    19.51 21.38 02a58604o0268c    8192   18.437458
58612.285806 20.207197      NaN   -1    10 c    0   1.05 148.6885 55.44038  3731.06  8994.85 2.44 2.30 -45.1 -0.403    19.59 21.11 02a58612o0118c       0   18.437458
58612.287638 20.103715      NaN    2    11 c    0   1.46 148.6885 55.44038  3713.97  8957.27 2.45 2.30 -47.1 -0.397    19.64 21.11 02a58612o0122c       0   18.998417
58612.292828 20.207197      NaN  -14    10 c    0   1.14 148.6885 55.44038  3767.07  9033.25 2.47 2.34 -52.5 -0.402    19.59 21.13 02a58612o0133c       0   18.437458
58612.309086 20.103715      NaN    3    11 c    0   0.93 148.6885 55.44038  3783.60  8910.30 2.48 2.41 -33.3 -0.396    19.57 21.13 02a58612o0168c       0   18.998417
58632.244404 18.675237      NaN  -40    41 c    0   1.04 148.6885 55.44038  5610.57  7141.84 2.84 2.32  41.5 -0.386    18.11 18.96 02a58632o0031c    8192   43.828528
58636.259117 19.979496      NaN    8    11 c    0   1.11 148.6885 55.44038  9519.68  5340.08 2.79 2.51  45.6 -0.397    19.45 20.90 02a58636o0062c       0   18.998417
58636.262793 20.103715      NaN   -5    11 c    0   1.33 148.6885 55.44038  9497.83  5297.07 2.70 2.40  34.6 -0.393    19.56 21.06 02a58636o0070c       0   18.998417
58636.267872 20.103715      NaN    3    11 c    0   1.06 148.6885 55.44038  9556.17  5378.28 2.73 2.47  35.4 -0.398    19.55 21.18 02a58636o0081c       0   18.998417
58636.279446 20.207197      NaN  -10    10 c    0   0.98 148.6885 55.44038  9575.54  5259.64 2.70 2.44  36.9 -0.402    19.61 21.33 02a58636o0106c       0   18.437458
58792.622229 19.922338      NaN   -7    13 c    0   1.00 148.6885 55.44038  2992.54  5244.15 2.44 2.30  51.7 -0.402    19.24 20.93 02a58792o0933c       0   20.222261
58792.625504 19.419021      NaN   21    15 c    0   1.05 148.6885 55.44038  3009.62  5283.75 2.48 2.32  48.2 -0.395    19.14 20.83 02a58792o0940c       0   21.562464
58792.630703 19.454622      NaN  -22    20 c    0   1.06 148.6885 55.44038  2952.68  5205.88 2.51 2.35  49.8 -0.399    18.84 20.49 02a58792o0951c       0   25.297033
58792.638883 19.894850      NaN   14    10 c    0   1.09 148.6885 55.44038  2933.27  5319.04 2.47 2.31  48.0 -0.398    19.46 21.19 02a58792o0968c       0   18.437458
58796.625886 20.103715      NaN   -2    11 c    0   1.39 148.6885 55.44038  4302.84  9643.94 2.44 2.38 -39.2 -0.409    19.58 21.15 02a58796o0929c       0   18.998417
58796.629231 20.103715      NaN  -36    11 c    0   1.35 148.6885 55.44038  4323.07  9683.40 2.44 2.38 -45.3 -0.409    19.57 21.13 02a58796o0936c       0   18.998417
58796.636814 20.009244      NaN   -6    12 c    0   1.11 148.6885 55.44038  4261.59  9606.77 2.45 2.41 -53.3 -0.409    19.58 21.17 02a58796o0952c       0   19.594383
58796.645766 19.766969      NaN   -9    15 c    0   0.76 148.6885 55.44038  4240.63  9724.30 2.46 2.41 -55.9 -0.406    19.49 20.90 02a58796o0971c       0   21.562464
58796.659166 16.085484      NaN  392   316 c    0   1.22 148.6885 55.44038  4288.23  9665.48 2.55 2.49  38.0 -0.546    16.75 17.48 02a58796o0999c       2  316.379424
58816.554371 19.979496      NaN   14     9 c    0   1.06 148.6885 55.44038  6843.27  1593.56 2.54 2.35 -58.7 -0.394    19.72 21.66 02a58816o0791c       0   17.914794
58816.557648 20.449472      NaN   -4     8 c    0   1.26 148.6885 55.44038  6861.14  1632.63 2.51 2.44  70.4 -0.386    19.66 21.64 02a58816o0798c       0   17.433871
58816.564565 20.071303      NaN   11     9 c    0   1.10 148.6885 55.44038  6807.54  1555.90 2.55 2.38 -57.3 -0.396    19.68 21.67 02a58816o0813c       0   17.914794
58816.574384 20.449472      NaN    0     8 c    0   1.42 148.6885 55.44038  6792.23  1675.92 2.50 2.37 -64.4 -0.398    19.70 21.64 02a58816o0834c       0   17.433871
58868.523687 20.449472      NaN   -9     8 c    0   1.20 148.6885 55.44038  9381.18  7073.51 2.64 2.42 -74.5 -0.408    19.87 21.94 02a58868o0702c       0   17.433871
58868.526955 20.449472      NaN  -12     8 c    0   1.43 148.6885 55.44038  9361.85  7033.41 2.72 2.50 -75.9 -0.407    19.80 21.92 02a58868o0709c       0   17.433871
58868.534398 19.894850      NaN   17     9 c    0   0.83 148.6885 55.44038  9413.68  7109.23 2.62 2.53  86.2 -0.402    19.83 21.90 02a58868o0725c       0   17.914794
58868.543249 20.071303      NaN   14     8 c    0   0.95 148.6885 55.44038  9434.28  6995.16 2.66 2.48 -75.9 -0.406    19.84 21.90 02a58868o0744c       0   17.433871
58872.466944 20.449472      NaN   -9     8 c    0   1.07 148.6885 55.44038  1196.34  3501.25 2.60 2.28  42.1 -0.408    19.80 22.10 02a58872o0577c       0   17.433871
58872.469716 20.594452      NaN  -18     7 c    0   1.33 148.6885 55.44038  1217.11  3541.08 2.64 2.27  42.8 -0.410    19.82 22.10 02a58872o0583c       0   16.998231
58872.475272 20.449472      NaN  -15     8 c    0   1.20 148.6885 55.44038  1161.05  3460.21 2.57 2.27  41.3 -0.414    19.79 22.09 02a58872o0595c       0   17.433871
58872.486731 20.321591      NaN   -7     9 c    0   0.81 148.6885 55.44038  1144.21  3575.69 2.65 2.30  38.1 -0.412    19.75 22.04 02a58872o0620c       0   17.914794
58876.556440 20.449472      NaN    0     8 c    0   1.08 148.6885 55.44038  7684.98  3110.72 2.42 2.34  46.4 -0.394    19.75 21.86 02a58876o0738c       0   17.433871
58876.559669 20.171596      NaN    8     9 c    0   0.94 148.6885 55.44038  7665.01  3070.47 2.46 2.38  43.0 -0.392    19.70 21.78 02a58876o0745c       0   17.914794
58876.567007 20.207197      NaN    0    10 c    0   0.63 148.6885 55.44038  7723.16  3149.74 2.46 2.35  37.7 -0.392    19.76 21.80 02a58876o0761c       0   18.437458
58876.577242 20.594452      NaN    2     7 c    0   1.26 148.6885 55.44038  7738.01  3036.73 2.47 2.42  44.2 -0.389    19.78 21.89 02a58876o0781c       0   16.998231
58900.437830 20.449472      NaN    2     8 c    0   1.28 148.6885 55.44038  7362.48  9313.84 3.00 2.66 -64.2 -0.388    19.76 21.91 02a58900o0468c       0   17.433871
58900.440458 19.631075      NaN  -15    17 c    0   0.79 148.6885 55.44038  7343.53  9274.44 3.07 2.77 -64.6 -0.385    19.16 21.21 02a58900o0473c       0   22.998693
58900.445973 20.321591      NaN   -6     9 c    0   1.33 148.6885 55.44038  7399.03  9353.72 3.26 2.99 -65.3 -0.388    19.58 21.91 02a58900o0484c       0   17.914794
58900.457094 20.207197      NaN  -12    10 c    0   1.04 148.6885 55.44038  7418.54  9238.73 3.20 2.94 -65.3 -0.390    19.66 21.91 02a58900o0507c       0   18.437458
58932.350613 20.207197      NaN   -8    10 c    0   1.25 148.6885 55.44038   196.09  9656.26 2.67 2.22 -44.1 -0.422    19.69 21.85 02a58932o0282c       0   18.437458
58932.353592 19.791368      NaN   13    11 c    0   0.99 148.6885 55.44038 10377.78   876.65 2.76 2.10 -59.0 -0.417    19.79 21.85 02a58932o0288c       0   18.998417
58932.360754 20.137125      NaN   10     8 c    0   1.59 148.6885 55.44038 10436.49   954.45 2.89 2.19 -59.4 -0.418    19.79 21.81 02a58932o0303c       0   17.433871
58932.372725 20.321591      NaN    1     9 c    0   1.48 148.6885 55.44038 10459.46   840.67 2.86 2.15 -59.6 -0.417    19.77 21.78 02a58932o0328c       0   17.914794
58932.419558 20.244005      NaN    4     9 c    0   1.31 148.6885 55.44038   182.62   860.27 3.03 2.41 -54.6 -0.396    19.63 21.62 02a58932o0429c       0   17.914794
58932.422840 20.449472      NaN  -20     8 c    0   1.36 148.6885 55.44038   162.00   819.78 3.02 2.37 -54.5 -0.396    19.67 21.61 02a58932o0436c       0   17.433871
58932.428817 20.495680      NaN    4     7 c    0   1.90 148.6885 55.44038   224.66   892.49 2.98 2.39 -55.4 -0.396    19.64 21.61 02a58932o0449c       0   16.998231
58932.438944 20.207197      NaN  -11    10 c    0   1.10 148.6885 55.44038   248.63   772.50 3.41 2.87 -55.3 -0.375    19.42 21.55 02a58932o0471c       0   18.437458
58956.289836 20.449472      NaN   -2     8 c    0   1.98 148.6885 55.44038   967.34  6973.41 2.67 2.61 -16.8 -0.390    19.59 21.64 02a58956o0139c       0   17.433871
58956.293518 19.868040      NaN   13    10 c    0   1.00 148.6885 55.44038   987.60  7014.04 2.78 2.68 -40.4 -0.408    19.55 21.63 02a58956o0146c       0   18.437458
58956.300866 20.207197      NaN  -12    10 c    0   1.30 148.6885 55.44038   933.02  6930.11 2.68 2.41 -50.4 -0.418    19.63 21.64 02a58956o0160c       0   18.437458
58956.310926 20.103715      NaN    8     9 c    0   1.07 148.6885 55.44038  9674.97  3530.21 2.60 2.52 -62.6 -0.387    19.69 21.65 02a58956o0180c       0   17.914794
58960.287122 20.207197      NaN  -22    10 c    0   0.90 148.6885 55.44038   965.40  6968.50 2.37 2.26   5.2 -0.422    19.67 21.47 02a58960o0133c       0   18.437458
58960.290193 19.894850      NaN   15     9 c    0   0.94 148.6885 55.44038  9595.56  3572.88 2.42 2.33 -65.2 -0.396    19.70 21.46 02a58960o0139c       0   17.914794
58960.296213 20.039830      NaN   10     9 c    0   1.32 148.6885 55.44038  9655.36  3647.08 2.38 2.34 -26.7 -0.398    19.73 21.44 02a58960o0150c       0   17.914794
58960.306189 19.841877      NaN   20     8 c    0   1.45 148.6885 55.44038  9673.05  3531.35 2.44 2.35 -49.9 -0.399    19.70 21.42 02a58960o0171c       0   17.433871
58964.323396 16.485820      NaN -502   308 c    0   1.21 148.6885 55.44038  1835.28  9150.95 2.74 2.55 -57.7 -0.370    15.88 17.34 02a58964o0193c 8388610  308.389267
58964.326641 16.160334      NaN  103   382 c    0   1.23 148.6885 55.44038  1819.54  9113.54 3.13 2.60 -55.6 -0.385    15.91 17.40 02a58964o0200c 8388610  382.313928
58964.332173 16.566282      NaN -480   286 c    0   1.53 148.6885 55.44038  1873.53  9185.47 2.80 2.40 -51.8 -0.383    15.71 17.11 02a58964o0212c 8388610  286.419168
58964.342774 15.874204      NaN -125   541 c    0   1.02 148.6885 55.44038  1893.91  9069.28 2.68 2.26 -49.3 -0.396    15.20 16.56 02a58964o0235c 8388610  541.221710
58980.289113 20.405150      NaN    3     8 c    0   1.45 148.6885 55.44038  5554.85  8890.48 2.42 2.39 -66.7 -0.407    19.70 21.46 02a58980o0125c       0   17.433871
58980.292820 20.207197      NaN  -16    10 c    0   1.00 148.6885 55.44038  5536.16  8851.64 2.48 2.32 -51.0 -0.414    19.68 21.47 02a58980o0133c       0   18.437458
58980.298787 20.207197      NaN   -8    10 c    0   0.91 148.6885 55.44038  5590.14  8926.98 2.44 2.38  57.3 -0.402    19.66 21.46 02a58980o0146c       0   18.437458
58980.314917 20.207197      NaN  -31    10 c    0   1.09 148.6885 55.44038  5609.13  8812.72 2.44 2.38 -55.0 -0.410    19.69 21.45 02a58980o0181c       0   18.437458
58984.286232 20.282105      NaN    3     9 c    0   1.69 148.6885 55.44038  5553.90  8896.00 2.42 2.35 -54.3 -0.411    19.67 21.34 02a58984o0035c       0   17.914794
58984.289439 20.207197      NaN    0    10 c    0   1.24 148.6885 55.44038  5532.69  8851.82 2.78 2.33  40.1 -0.387    19.60 21.34 02a58984o0042c       0   18.437458
58984.294965 20.103715      NaN    5    10 c    0   1.01 148.6885 55.44038  5590.42  8932.69 2.48 2.35 -55.9 -0.409    19.67 21.37 02a58984o0054c       0   18.437458
58984.307891 19.841877      NaN   14    10 c    0   1.20 148.6885 55.44038  5606.52  8809.87 2.50 2.38  38.3 -0.406    19.63 21.33 02a58984o0082c       0   18.437458
58988.303655 20.009244      NaN    8    10 c    0   1.20 148.6885 55.44038  7535.33  5345.94 2.63 2.49  42.2 -0.381    19.56 21.24 02a58988o0151c       0   18.437458
58988.306461 19.894850      NaN    9    11 c    0   1.16 148.6885 55.44038  7516.13  5306.08 2.94 2.47  36.7 -0.373    19.52 21.24 02a58988o0157c       0   18.998417
58988.312013 20.103715      NaN  -14    11 c    0   1.32 148.6885 55.44038  7572.76  5379.91 3.19 2.84  37.0 -0.370    19.39 21.24 02a58988o0169c       0   18.998417
58988.322203 20.103715      NaN  -18    11 c    0   1.11 148.6885 55.44038  7596.33  5264.42 2.70 2.58  46.2 -0.383    19.54 21.26 02a58988o0191c       0   18.998417
58992.252232 19.674510      NaN   15    12 c    0   0.87 148.6885 55.44038  7548.09  5351.20 2.66 2.42  35.9 -0.396    19.42 20.80 02a58992o0038c       0   19.594383
58992.257761 20.039830      NaN    7    10 c    0   1.07 148.6885 55.44038  7528.20  5309.11 2.67 2.40  39.0 -0.395    19.57 21.20 02a58992o0050c       0   18.437458
58992.261014 19.979496      NaN   12     9 c    0   1.28 148.6885 55.44038  7583.91  5387.13 2.91 2.40  35.2 -0.381    19.57 21.28 02a58992o0057c       0   17.914794
58992.271624 20.207197      NaN   -2    10 c    0   1.04 148.6885 55.44038  7604.29  5271.59 2.52 2.43  51.5 -0.402    19.61 21.32 02a58992o0080c       0   18.437458
59144.617292 20.321591      NaN    5     8 c    0   1.55 148.6885 55.44038  6857.22  3326.50 2.64 2.44  46.2 -0.384    19.62 21.64 02a59144o0873c       0   17.433871
59144.622808 20.321591      NaN    5     8 c    0   1.27 148.6885 55.44038  6875.98  3365.05 2.57 2.40  43.4 -0.389    19.69 21.66 02a59144o0885c       0   17.433871
59144.639873 20.449472      NaN   -5     8 c    0   1.43 148.6885 55.44038  6821.00  3289.12 2.53 2.43  52.0 -0.382    19.55 21.26 02a59144o0922c       0   17.433871
59194.577381 20.207197      NaN    8     8 c    0   1.03 148.6885 55.44038  7386.10  9280.67 2.65 2.57  81.9 -0.346    19.69 23.03 01a59194o0852c       0   17.433871
59194.579689 20.039830      NaN   13     8 c    0   1.20 148.6885 55.44038  7368.19  9240.41 2.84 2.56  26.8 -0.342    19.64 22.99 01a59194o0857c       0   17.433871
59194.582919 20.207197      NaN   -3    10 c    0   0.88 148.6885 55.44038  7423.93  9320.00 2.90 2.62  28.8 -0.336    19.64 23.01 01a59194o0864c       0   18.437458
59194.589842 20.449472      NaN   -9     8 c    0   1.32 148.6885 55.44038  7440.41  9205.11 2.54 2.50 -82.0 -0.355    19.76 23.03 01a59194o0879c       0   17.433871
59200.576656 20.321591      NaN    1     9 c    0   1.29 148.6885 55.44038  4344.09  9636.41 2.60 2.47  56.3 -0.389    19.73 21.80 02a59200o0737c       0   17.914794
59200.578487 20.103715      NaN   -1    11 c    0   1.08 148.6885 55.44038  4364.73  9676.18 2.53 2.51  66.4 -0.398    19.76 21.80 02a59200o0741c       0   18.998417
59200.582678 20.137125 0.339293   34    10 c    0   1.25 148.6885 55.44038  4303.82  9599.27 2.67 2.62 -88.1 -0.390    19.67 21.81 02a59200o0750c       0   18.437458
59200.588187 20.103715      NaN    5    10 c    0   1.08 148.6885 55.44038  4282.21  9717.28 2.62 2.48  46.2 -0.394    19.75 21.82 02a59200o0762c       0   18.437458
59206.519820 20.449472      NaN   -2     8 c    0   1.12 148.6885 55.44038  5606.19  5378.65 2.59 2.56 -20.9 -0.364    19.70 21.94 01a59206o0687c       0   17.433871
59206.523531 20.594452      NaN   -2     7 c    0   1.31 148.6885 55.44038  5586.03  5339.97 2.51 2.48 -71.7 -0.365    19.75 21.95 01a59206o0695c       0   16.998231
59206.527217 20.009244      NaN   14     8 c    0   1.31 148.6885 55.44038  5645.05  5415.01 2.49 2.47 -24.6 -0.360    19.75 21.96 01a59206o0703c       0   17.433871
59206.532285 20.449472      NaN   -2     8 c    0   0.99 148.6885 55.44038  5663.85  5299.67 2.78 2.56   5.0 -0.343    19.68 21.98 01a59206o0714c       0   17.433871
59208.555918 20.207197      NaN    0    10 c    0   1.09 148.6885 55.44038  2274.86  9679.64 2.48 2.45  61.9 -0.415    19.64 21.37 02a59208o0779c       0   18.437458
59208.557747 19.950541      NaN   10    10 c    0   1.35 148.6885 55.44038  2298.13  9717.60 2.51 2.46 -52.4 -0.417    19.64 21.41 02a59208o0783c       0   18.437458
59208.560989 20.321591      NaN    2     9 c    0   1.14 148.6885 55.44038  2234.81  9639.07 2.45 2.42  51.4 -0.421    19.64 21.44 02a59208o0790c       0   17.914794
59208.566932 20.321591      NaN   -5     9 c    0   0.72 148.6885 55.44038  2213.57  9755.26 2.42 2.41  29.7 -0.419    19.69 21.48 02a59208o0803c       0   17.914794
59226.521592 20.321591      NaN   -3     9 c    0   1.11 148.6885 55.44038 10351.73   862.35 3.25 3.01 -63.1 -0.330    19.73 22.27 01a59226o0668c       0   17.914794
59226.523433 20.207197      NaN  -13    10 c    0   1.39 148.6885 55.44038 10331.80   821.83 3.35 3.02 -35.6 -0.328    19.62 22.25 01a59226o0672c       0   18.437458
59226.526199 20.321591      NaN   -3     9 c    0   1.22 148.6885 55.44038 10394.20   901.69 3.39 3.09 -30.9 -0.310    19.66 22.27 01a59226o0678c       0   17.914794
59226.531265 20.207197      NaN  -15    10 c    0   1.13 148.6885 55.44038 10416.19   785.03 3.35 3.05 -31.5 -0.338    19.63 22.26 01a59226o0689c       0   18.437458
59226.543039 20.321591      NaN  -19     9 c    0   1.18 148.6885 55.44038 10403.98  9619.88 3.06 2.85  63.2 -0.343    19.69 22.19 01a59226o0714c       0   17.914794
59226.546261 20.321591      NaN   -2     9 c    0   1.05 148.6885 55.44038 10427.51  9657.31 3.14 2.87  27.9 -0.325    19.72 22.20 01a59226o0721c       0   17.914794
59226.581572 20.449472      NaN   -8     8 c    0   1.43 148.6885 55.44038 10374.82  9582.59 3.15 2.96  28.3 -0.334    19.65 22.15 01a59226o0797c       0   17.433871
59226.610111 20.321591      NaN   -6     9 c    0   1.42 148.6885 55.44038 10361.50  9704.36 3.31 3.15  53.1 -0.321    19.60 22.08 01a59226o0858c       0   17.914794
59228.538466 20.207197      NaN  -11    10 c    0   1.31 148.6885 55.44038  5585.51  7130.69 3.05 2.98  52.0 -0.403    19.54 21.86 02a59228o0667c       0   18.437458
59228.541691 20.321591      NaN   -1     9 c    0   1.03 148.6885 55.44038  5565.99  7091.41 3.00 2.94  41.2 -0.374    19.55 21.89 02a59228o0674c       0   17.914794
59228.547639 20.449472      NaN  -14     8 c    0   1.00 148.6885 55.44038  5621.52  7168.58 2.81 2.70  38.8 -0.389    19.68 21.88 02a59228o0687c       0   17.433871
59228.557781 20.362567      NaN    4     8 c    0   1.67 148.6885 55.44038  5640.13  7053.19 2.73 2.68  36.9 -0.391    19.65 21.79 02a59228o0709c       0   17.433871
59230.482117 20.405150      NaN    3     8 c    0   1.28 148.6885 55.44038   149.84   878.22 2.33 2.05  65.1 -0.438    19.83 22.01 01a59230o0614c       0   17.433871
59230.483962 20.321591      NaN  -14     9 c    0   0.98 148.6885 55.44038   127.62   840.57 2.31 2.08  62.2 -0.441    19.85 22.01 01a59230o0618c       0   17.914794
59230.486730 20.321591      NaN    5     8 c    0   1.46 148.6885 55.44038   190.50   915.54 2.26 2.02  64.8 -0.431    19.91 22.01 01a59230o0624c       0   17.433871
59230.493676 20.594452      NaN   -2     7 c    0   1.48 148.6885 55.44038   207.61   798.57 2.44 2.23  39.5 -0.418    19.81 21.98 01a59230o0638c       0   16.998231
59230.495985 20.282105      NaN    3     9 c    0   0.94 148.6885 55.44038 10359.75   863.19 2.71 2.53 -64.4 -0.340    19.85 21.99 01a59230o0643c       0   17.914794
59230.497830 19.868040      NaN   16     9 c    0   1.12 148.6885 55.44038 10338.54   822.29 2.65 2.51 -48.5 -0.335    19.86 21.98 01a59230o0647c       0   17.914794
59230.501052 20.321591      NaN    1     9 c    0   1.13 148.6885 55.44038 10401.26   903.39 2.66 2.46 -83.5 -0.378    19.83 21.98 01a59230o0654c       0   17.914794
59230.506118 20.171596      NaN    3    10 c    0   1.11 148.6885 55.44038 10421.69   786.03 2.78 2.67  -7.1 -0.331    19.78 22.00 01a59230o0665c       0   18.437458
59252.476571 20.449472      NaN   -4     8 c    0   1.27 148.6885 55.44038  9231.79  9308.13 2.84 2.57 -66.7 -0.386    19.80 21.88 02a59252o0590c       0   17.433871
59252.479799 20.071303      NaN    9     9 c    0   1.16 148.6885 55.44038  9212.17  9267.43 2.85 2.57 -68.2 -0.390    19.81 21.88 02a59252o0597c       0   17.914794
59252.487158 19.922338      NaN   14     9 c    0   0.97 148.6885 55.44038  9266.83  9348.86 2.89 2.61 -67.2 -0.384    19.81 21.89 02a59252o0613c       0   17.914794
59252.497792 20.207197      NaN  -10    10 c    0   0.89 148.6885 55.44038  9284.03  9231.86 2.79 2.58 -72.2 -0.386    19.82 21.88 02a59252o0636c       0   18.437458
59254.497832 20.449472      NaN  -19     8 c    0   0.71 148.6885 55.44038   941.38  7035.78 2.50 2.26 -76.0 -0.385    19.78 21.99 01a59254o0629c       0   17.433871
59254.501065 20.449472      NaN  -11     8 c    0   1.27 148.6885 55.44038   962.38  7075.94 2.43 2.17 -80.5 -0.396    19.80 22.00 01a59254o0636c       0   17.433871
59254.508002 20.321591      NaN  -11     9 c    0   0.86 148.6885 55.44038   900.45  6993.46 2.87 2.43 -86.0 -0.392    19.71 22.02 01a59254o0651c       0   17.914794
59254.532417 20.362567      NaN    4     8 c    0   0.97 148.6885 55.44038   889.25  7106.53 2.74 2.27 -85.2 -0.401    19.78 22.04 01a59254o0703c       0   17.433871
59256.427841 17.821591      NaN  -17    90 c    0   0.06 148.6885 55.44038    35.17  9277.77 2.64 2.07 -52.0 -0.422    19.82 21.93 02a59256o0477c       2   91.323271
59256.434980 20.009244      NaN   14     8 c    0   1.11 148.6885 55.44038  1365.53  1265.82 2.41 2.28 -72.7 -0.436    19.83 21.95 02a59256o0492c       0   17.433871
59256.436810 20.449472      NaN   -4     8 c    0   1.28 148.6885 55.44038  1384.78  1307.29 2.50 2.40 -75.1 -0.424    19.79 21.94 02a59256o0496c       0   17.433871
59256.439554 20.761819      NaN  -20     6 c    0   1.53 148.6885 55.44038  1328.40  1225.24 2.47 2.32 -67.8 -0.436    19.83 21.96 02a59256o0502c       0   16.611438
59256.444591 20.594452      NaN   -4     7 c    0   1.26 148.6885 55.44038  1307.79  1340.40 2.50 2.37  64.7 -0.425    19.79 21.98 02a59256o0513c       0   16.998231
59258.457560 20.321591      NaN  -13     9 c    0   1.35 148.6885 55.44038  8636.96  1387.44 2.82 2.68 -43.0 -0.365    19.76 21.92 01a59258o0545c       0   17.914794
59258.460797 20.207197      NaN   -1    10 c    0   0.72 148.6885 55.44038  8657.81  1426.93 2.81 2.65 -53.1 -0.381    19.74 21.92 01a59258o0552c       0   18.437458
59258.466785 20.171596      NaN    6     9 c    0   1.19 148.6885 55.44038  8601.84  1350.33 2.78 2.58 -34.1 -0.368    19.78 21.92 01a59258o0565c       0   17.914794
59258.476928 20.449472      NaN   -7     8 c    0   1.24 148.6885 55.44038  8589.27  1467.31 2.96 2.70 -26.5 -0.340    19.72 21.91 01a59258o0587c       0   17.433871
59262.388895 20.449472      NaN    0     8 c    0   0.84 148.6885 55.44038  1863.07  9151.89 2.33 2.04 -62.5 -0.394    19.83 21.87 01a59262o0378c       0   17.433871
59262.390739 20.449472      NaN   -5     8 c    0   0.98 148.6885 55.44038  1845.45  9111.53 2.27 2.02 -61.7 -0.398    19.85 21.86 01a59262o0382c       0   17.433871
59262.393539 20.244005      NaN    4     9 c    0   0.92 148.6885 55.44038  1902.39  9187.35 2.30 2.02 -64.0 -0.398    19.86 21.87 01a59262o0388c       0   17.914794
59262.399071 20.137125      NaN   10     8 c    0   0.73 148.6885 55.44038  1920.93  9071.98 2.38 2.06 -66.4 -0.389    19.87 21.86 01a59262o0400c       0   17.433871
59288.376950 20.594452      NaN    2     7 c    0   1.61 148.6885 55.44038  2267.10   689.40 2.40 2.28 -73.0 -0.403    19.77 21.81 02a59288o0354c       0   16.998231
59288.380152 20.594452      NaN    2     7 c    0   1.47 148.6885 55.44038  2247.29   650.60 2.48 2.30 -67.8 -0.406    19.77 21.80 02a59288o0361c       0   16.998231
59288.413118 20.594452      NaN    1     7 c    0   1.27 148.6885 55.44038  2311.26   719.40 2.41 2.29 -73.5 -0.415    19.77 21.80 02a59288o0426c       0   16.998231
59288.419618 20.282105      NaN    3     9 c    0   0.74 148.6885 55.44038  2334.29   602.65 2.41 2.26 -78.1 -0.404    19.76 21.78 02a59288o0440c       0   17.914794
59310.313386 20.761819      NaN    0     6 c    0   1.88 148.6885 55.44038  6781.51  1561.90 2.47 2.38 -86.9 -0.399    19.96 21.87 01a59310o0134c       0   16.611438
59310.317099 20.594452      NaN    5     6 c    0   1.46 148.6885 55.44038  6798.87  1597.73 2.50 2.37 -85.6 -0.401    19.94 21.86 01a59310o0142c       0   16.611438
59310.324008 20.594452      NaN  -13     7 c    0   1.33 148.6885 55.44038  6744.36  1521.48 2.51 2.41 -83.8 -0.396    19.94 21.88 01a59310o0157c       0   16.998231
59310.334157 20.594452      NaN    1     7 c    0   1.04 148.6885 55.44038  6729.88  1640.05 2.49 2.38  83.6 -0.398    19.91 21.88 01a59310o0179c       0   16.998231
59314.340585 20.009244      NaN    0    12 c    0   1.29 148.6885 55.44038  4884.06  7401.10 2.30 2.16 -19.7 -0.363    18.92 20.65 01a59314o0264c       0   19.594383
59314.343817 18.574166      NaN   53    28 c    0   1.45 148.6885 55.44038  4905.40  7439.80 2.20 2.09 -44.2 -0.380    18.25 19.88 01a59314o0271c       0   31.999060
59314.349821 19.529530      NaN    4    18 c    0   0.92 148.6885 55.44038  4845.05  7361.95 2.28 2.17 -50.5 -0.381    18.84 20.50 01a59314o0284c       0   23.747418
59314.360451 19.631075      NaN  -18    17 c    0   1.44 148.6885 55.44038  4828.35  7476.91 2.38 2.19 -12.4 -0.359    18.65 20.34 01a59314o0307c       0   22.998693
59318.318809 20.594452 0.310210   23     6 c    0   1.39 148.6885 55.44038  4879.63  7400.76 2.34 2.15 -79.9 -0.392    19.91 21.56 01a59318o0216c       0   16.611438
59318.322041 20.761819      NaN    0     6 c    0   1.73 148.6885 55.44038  4900.28  7439.56 2.30 2.15 -80.3 -0.394    19.88 21.56 01a59318o0223c       0   16.611438
59318.328495 20.321591      NaN    5     8 c    0   1.07 148.6885 55.44038  4841.72  7362.71 2.41 2.36 -56.5 -0.370    19.85 21.55 01a59318o0237c       0   17.433871
59318.339161 20.449472      NaN    5     7 c    0   1.34 148.6885 55.44038  4825.43  7477.43 2.40 2.24 -72.8 -0.385    19.85 21.52 01a59318o0260c       0   16.998231
59344.275068 19.569016      NaN   26    10 c    0   1.21 148.6885 55.44038  3697.65  7257.54 2.36 2.23 -52.0 -0.403    19.67 21.38 02a59344o0079c       0   18.437458
59344.277905 19.743105      NaN   18    10 c    0   0.67 148.6885 55.44038  3678.35  7218.35 2.31 2.23 -43.7 -0.403    19.69 21.39 02a59344o0085c       0   18.437458
59344.283869 20.207197      NaN   -8    10 c    0   0.83 148.6885 55.44038  3734.58  7292.73 2.27 2.24 -36.3 -0.399    19.69 21.39 02a59344o0098c       0   18.437458
59344.294082 19.979496      NaN    9    10 c    0   1.07 148.6885 55.44038  3754.07  7174.09 2.26 2.22 -35.0 -0.403    19.69 21.43 02a59344o0120c       0   18.437458
59348.259107 20.207197      NaN    2    10 c    0   0.91 148.6885 55.44038  3710.00  3286.27 2.49 2.26  38.6 -0.404    19.60 21.31 02a59348o0040c       0   18.437458
59348.264670 20.321591      NaN  -19     9 c    0   1.07 148.6885 55.44038  3690.59  3249.69 2.43 2.39 -62.2 -0.400    19.56 21.31 02a59348o0050c       0   17.914794
59348.268343 20.449472      NaN   -3     8 c    0   1.58 148.6885 55.44038  3748.95  3323.27 2.46 2.36 -51.9 -0.404    19.58 21.31 02a59348o0058c       0   17.433871
59348.278441 19.868040      NaN   13    10 c    0   1.14 148.6885 55.44038  3769.56  3204.22 2.70 2.57 -45.1 -0.406    19.46 21.32 02a59348o0080c       0   18.437458
59528.583414 20.594452      NaN   -4     7 c    0   2.15 148.6885 55.44038  3079.03  3503.16 2.60 2.44  55.4 -0.390    19.57 21.38 02a59528o0862c       0   16.998231
59528.586266 20.207197      NaN   -7    10 c    0   0.79 148.6885 55.44038  3096.27  3542.71 2.56 2.35  46.7 -0.396    19.60 21.38 02a59528o0868c       0   18.437458
59528.592311 20.449472      NaN    5     7 c    0   2.39 148.6885 55.44038  3041.44  3462.53 2.51 2.38  56.9 -0.395    19.61 21.39 02a59528o0881c       0   16.998231
59528.604334 19.950541      NaN   10    10 c    0   1.30 148.6885 55.44038  3021.55  3578.30 2.75 2.33  42.8 -0.388    19.59 21.46 02a59528o0907c       0   18.437458
59588.512830 20.103715      NaN   -3    11 c    0   0.84 148.6885 55.44038  3046.44  5230.80 2.56 2.35  44.7 -0.414    19.62 21.76 02a59588o0702c       0   18.998417
59588.514660 19.922338      NaN   11    10 c    0   1.12 148.6885 55.44038  3065.44  5270.16 2.56 2.34  46.4 -0.413    19.64 21.77 02a59588o0706c       0   18.437458
59588.517417 20.321591      NaN  -14     9 c    0   0.88 148.6885 55.44038  3008.38  5190.73 2.56 2.33  44.2 -0.414    19.65 21.78 02a59588o0712c       0   17.914794
59588.544267 20.207197      NaN  -10    10 c    0   1.04 148.6885 55.44038  7608.46  5271.49 2.47 2.32  38.6 -0.411    19.69 21.80 02a59588o0769c       0   18.437458
59615.429072 19.950541      NaN   10    10 c    0   1.04 148.6885 55.44038  6884.75  1580.51 2.51 2.33 -74.1 -0.407    19.63 21.51 02a59615o0496c       0   18.437458
59615.432329 20.321591      NaN  -13     9 c    0   1.15 148.6885 55.44038  6904.80  1620.30 2.60 2.36 -67.6 -0.405    19.59 21.49 02a59615o0503c       0   17.914794
59615.435538 20.321591      NaN  -14     9 c    0   1.05 148.6885 55.44038  6847.82  1544.37 2.55 2.40  85.2 -0.400    19.58 21.49 02a59615o0510c       0   17.914794
59615.447800 19.868040      NaN   16     9 c    0   1.22 148.6885 55.44038  6830.28  1660.65 2.52 2.36 -78.3 -0.402    19.61 21.48 02a59615o0536c       0   17.914794
59635.485068 19.922338      NaN   11    10 c    0   0.85 148.6885 55.44038  9485.72  5321.41 2.53 2.45  43.9 -0.413    19.71 21.61 02a59635o0604c       0   18.437458
59635.488759 20.321591      NaN  -13     9 c    0   1.30 148.6885 55.44038  9469.28  5286.54 2.52 2.43  52.8 -0.411    19.71 21.59 02a59635o0612c       0   17.914794
59635.495192 20.282105      NaN    3     9 c    0   1.80 148.6885 55.44038  9525.68  5366.47 2.48 2.40  39.9 -0.415    19.70 21.57 02a59635o0626c       0   17.914794
59635.505892 20.282105      NaN    3     9 c    0   1.04 148.6885 55.44038  9540.37  5248.13 2.47 2.41  57.9 -0.416    19.70 21.54 02a59635o0649c       0   17.914794
59639.382844 20.244005      NaN    7     8 c    0   1.25 148.6885 55.44038  1099.95  5246.57 2.31 2.27  55.3 -0.453    19.73 21.65 02a59639o0379c       0   17.433871
59639.385128 20.282105      NaN    3     9 c    0   1.09 148.6885 55.44038  1118.43  5288.17 2.41 2.27  42.3 -0.438    19.71 21.65 02a59639o0384c       0   17.914794
59639.388786 19.894850      NaN   15     9 c    0   0.90 148.6885 55.44038  1061.27  5206.97 2.35 2.30  53.7 -0.449    19.72 21.67 02a59639o0392c       0   17.914794
59639.394740 20.449472      NaN   -3     8 c    0   1.31 148.6885 55.44038  1042.57  5323.61 2.38 2.35  47.6 -0.440    19.67 21.67 02a59639o0405c       0   17.433871
59643.437566 20.009244      NaN  -16    12 c    0   0.85 148.6885 55.44038  1777.06  5156.72 2.22 2.19  31.6 -0.445    19.20 21.76 02a59643o0463c       0   19.594383
59643.440463 19.922338      NaN   -3    13 c    0   1.38 148.6885 55.44038  1757.49  5118.05 2.19 2.15  31.1 -0.451    19.21 21.74 02a59643o0469c       0   20.222261
59643.447566 19.674510      NaN   15    12 c    0   1.54 148.6885 55.44038  1814.10  5195.13 2.21 2.18  24.7 -0.451    19.22 21.76 02a59643o0483c       0   19.594383
59643.461618 19.922338      NaN   -3    13 c    0   1.08 148.6885 55.44038  1832.41  5075.51 2.16 2.12  41.8 -0.451    19.18 21.76 02a59643o0511c       0   20.222261
59647.434822 19.631075      NaN   -4    17 c    0   0.97 148.6885 55.44038  1814.31  5192.15 2.57 2.34  42.9 -0.438    18.92 21.69 02a59647o0278c    8192   22.998693
59647.440694 19.183773      NaN   16    21 c    0   1.14 148.6885 55.44038  1833.22  5073.28 2.41 2.24  37.2 -0.442    18.67 21.40 02a59647o0290c    8192   26.094824
59671.353769 20.009244      NaN  -35    12 c    0   0.78 148.6885 55.44038  9381.16  7074.30 2.92 2.67  31.7 -0.400    19.53 21.72 02a59671o0210c       0   19.594383
59671.357474 19.609992      NaN   21    11 c    0   1.05 148.6885 55.44038  9361.18  7034.03 2.88 2.68  33.6 -0.400    19.53 21.71 02a59671o0218c       0   18.998417
59671.362958 19.766969      NaN   11    12 c    0   1.07 148.6885 55.44038  9418.28  7116.66 2.84 2.59  31.7 -0.403    19.59 21.70 02a59671o0230c       0   19.594383
59671.374421 20.103715      NaN  -14    11 c    0   0.88 148.6885 55.44038  9437.34  6998.30 2.87 2.61  32.0 -0.396    19.53 21.66 02a59671o0255c       0   18.998417
59675.359499 17.603715      NaN  -19   110 c    0   0.90 148.6885 55.44038  7668.96  3080.59 2.48 2.30  33.1 -0.402    17.17 18.86 02a59675o0315c 8388610  111.085282
59675.362697 16.459125      NaN  271   226 c    0   1.33 148.6885 55.44038  7726.46  3158.89 2.63 2.31  35.6 -0.400    16.13 17.80 02a59675o0322c 8388610  226.530218
59675.368190 16.420827      NaN -391   327 c    0   0.81 148.6885 55.44038  7750.39  3044.95 2.56 2.32  34.7 -0.404    15.58 17.31 02a59675o0334c 8388610  327.366675
59679.322013 16.439807      NaN  219   249 c    0   1.50 148.6885 55.44038  7694.94  3125.50 2.75 2.38  34.3 -0.389    16.00 17.49 02a59679o0201c       2  249.481342
59679.325210 15.529725      NaN -884   743 c    0   0.87 148.6885 55.44038  7675.51  3084.87 2.85 2.50  32.9 -0.416    14.99 16.56 02a59679o0208c       2  743.161449
59679.330721 14.919003      NaN -618  1304 c    0   0.98 148.6885 55.44038  7733.77  3163.78 2.82 2.38  33.1 -0.443    14.16 15.69 02a59679o0220c       2 1304.091998
59679.366061 18.720295      NaN   30    30 c    0   0.80 148.6885 55.44038  7741.53  3041.92 2.87 2.50  32.5 -0.380    18.46 20.16 02a59679o0296c    8192   33.762995
59695.294247 16.737240 0.025181  735    17 c    0   1.22 148.6885 55.44038  1798.44  7399.64 2.50 2.39  -2.3 -0.409    19.50 21.32 02a59695o0146c       0   22.998693
59695.297446 16.708013 0.023070  755    16 c    0   1.79 148.6885 55.44038  1780.75  7362.45 2.44 2.32 -10.0 -0.418    19.50 21.30 02a59695o0153c       0   22.269707
59695.302955 16.744672 0.020880  730    14 c    0   1.92 148.6885 55.44038  1837.24  7437.79 2.41 2.36 -26.3 -0.412    19.47 21.33 02a59695o0165c       0   20.879173
59695.313058 16.750654 0.022495  726    15 c    0   1.95 148.6885 55.44038  1856.85  7318.81 2.49 2.38  -5.7 -0.413    19.45 21.33 02a59695o0187c       0   21.562464
59699.313427 16.673947 0.022358  779    16 c    0   2.08 148.6885 55.44038  7364.13  9316.36 2.78 2.55  37.0 -0.398    19.31 20.87 02a59699o0186c       0   22.269707
59699.317148 16.697966 0.022858  762    16 c    0   1.80 148.6885 55.44038  7344.68  9276.91 2.85 2.50  37.0 -0.394    19.37 20.92 02a59699o0194c       0   22.269707
59699.322661 16.712347 0.039087  752    27 c    0   1.58 148.6885 55.44038  7401.32  9358.07 2.77 2.60  38.1 -0.397    18.67 20.10 02a59699o0206c       0   31.127799
59699.333640 16.591890 0.038869  840    30 c    0   1.44 148.6885 55.44038  7418.51  9238.58 2.69 2.42  39.5 -0.397    18.52 19.86 02a59699o0230c       0   33.762995
59723.290038 17.238395 0.032901  464    14 c    0   1.36 148.6885 55.44038  7475.69  7088.40 2.61 2.25  32.2 -0.411    19.56 21.06 02a59723o0117c       0   20.879173
59723.293237 17.231368 0.032689  467    14 c    0   1.63 148.6885 55.44038  7455.47  7047.35 2.75 2.28  31.3 -0.403    19.56 21.06 02a59723o0124c       0   20.879173
59723.299637 17.203704 0.029590  479    13 c    0   1.76 148.6885 55.44038  7509.54  7125.49 2.77 2.29  30.2 -0.402    19.52 21.04 02a59723o0138c       0   20.222261
59723.310176 17.266969 0.031366  452    13 c    0   1.85 148.6885 55.44038  7530.68  7008.44 2.79 2.32  29.2 -0.403    19.48 20.99 02a59723o0161c       0   20.222261
59727.248696 17.400292 0.079111  400    29 c    0   0.85 148.6885 55.44038  7488.46  7098.75 2.73 2.27  33.4 -0.398    18.79 19.75 02a59727o0026c       0   32.877650
59727.252807 17.296315 0.071887  440    29 c    0   0.85 148.6885 55.44038  7467.41  7055.75 2.67 2.24  31.6 -0.402    18.70 19.81 02a59727o0035c       0   32.877650
59727.259247 17.439172 0.050894  386    18 c    0   1.26 148.6885 55.44038  7523.45  7133.97 2.69 2.28  33.0 -0.401    19.11 20.54 02a59727o0049c       0   23.747418
59727.269337 17.306276 0.037525  436    15 c    0   1.23 148.6885 55.44038  7540.84  7013.60 2.76 2.28  29.3 -0.397    19.37 20.95 02a59727o0071c       0   21.562464
59731.316536 17.447688 0.048445  383    17 c    0   1.01 148.6885 55.44038 10401.65   910.75 2.83 2.47 -53.1 -0.392    19.43 21.06 02a59731o0005c       0   22.998693
59731.319737 17.524429 0.039759  357    13 c    0   1.64 148.6885 55.44038 10383.97   873.25 2.54 2.22 -55.6 -0.407    19.46 21.08 02a59731o0012c       0   20.222261
59731.325686 17.518329 0.054743  359    18 c    0   0.85 148.6885 55.44038 10445.45   955.16 2.85 2.61 -53.5 -0.400    19.27 21.11 02a59731o0025c       0   23.747418
59731.337129 17.503229 0.047988  364    16 c    0   1.55 148.6885 55.44038 10468.65   838.76 3.10 2.64 -52.6 -0.385    19.35 21.10 02a59731o0050c       0   22.269707
59755.255852 18.649074 0.267126  128    31 c    0   2.02 148.6885 55.44038  9620.50  3607.29 2.52 2.43 -54.4 -0.412    18.31 19.23 02a59755o0025c       0   34.654579
59755.259051 18.511660 0.174629  145    23 c    0   0.86 148.6885 55.44038  9599.81  3565.05 2.51 2.43 -45.7 -0.408    18.78 19.81 02a59755o0032c       0   27.729765
59755.265448 18.362890 0.112546  166    17 c    0   1.11 148.6885 55.44038  9656.94  3640.07 2.49 2.41 -59.9 -0.413    19.25 20.51 02a59755o0046c       0   22.998693
59755.275509 18.467034 0.102015  151    14 c    0   1.42 148.6885 55.44038  9677.47  3525.29 2.65 2.49 -59.0 -0.410    19.34 20.77 02a59755o0068c       0   20.879173
59905.624374 19.791368      NaN   22     8 c    0   1.15 148.6885 55.44038  3740.57  9066.82 3.45 3.23  71.2 -0.302    19.66 21.79 01a59905o0899c       0   17.433871
59905.628533 20.282105      NaN    6     8 c    0   1.41 148.6885 55.44038  3722.87  9027.91 3.39 3.16  71.5 -0.307    19.69 21.79 01a59905o0908c       0   17.433871
59905.648282 19.609992      NaN   21    11 c    0   1.13 148.6885 55.44038  3778.63  9102.09 3.44 3.17  69.9 -0.302    19.42 21.11 01a59905o0949c       0   18.998417
59909.551375 19.674510      NaN   21    10 c    0   1.03 148.6885 55.44038  3728.69  9069.46 3.66 3.34  59.7 -0.289    19.45 21.43 01a59909o0782c       0   18.437458
59909.554173 19.589310      NaN   22    11 c    0   0.98 148.6885 55.44038  3710.84  9029.91 3.51 3.20  59.2 -0.291    19.51 21.44 01a59909o0788c       0   18.998417
59909.556974 20.449472      NaN   -5     8 c    0   1.68 148.6885 55.44038  3766.06  9109.32 3.46 3.21  63.7 -0.301    19.52 21.46 01a59909o0794c       0   17.433871
59909.572355 19.868040 0.264814   43    10 c    0   1.12 148.6885 55.44038  3788.32  8992.08 3.39 3.14  65.7 -0.307    19.56 21.47 01a59909o0827c       0   18.437458
59999.503907 19.922338      NaN    2    13 c    0   1.31 148.6885 55.44038  6295.44   926.88 3.48 3.37  81.3 -0.379    19.16 21.36 02a59999o0061c    8192   20.222261
59999.507436 19.334813      NaN   18    17 c    0   1.36 148.6885 55.44038  6274.65   884.94 3.35 3.11 -79.2 -0.391    18.76 20.92 02a59999o0068c    8192   22.998693
60046.344888 19.351140      NaN   17    17 c    0   0.79 148.6885 55.44038  7562.37  9321.76 2.49 2.41  59.4 -0.412    19.08 20.70 02a60046o0235c       0   22.998693
60046.348055 19.510313      NaN   -7    19 c    0   0.97 148.6885 55.44038  7543.76  9280.03 2.53 2.43  49.5 -0.408    18.94 20.55 02a60046o0242c       0   24.514075
60046.353961 19.102305      NaN   22    21 c    0   0.86 148.6885 55.44038  7597.30  9358.46 2.58 2.43  42.0 -0.409    18.93 20.57 02a60046o0255c       0   26.094824
60046.363956 18.720295      NaN    9    37 c    0   0.91 148.6885 55.44038  7616.29  9240.07 2.73 2.60  42.3 -0.396    18.35 19.92 02a60046o0277c       0   40.111593
60048.420030 20.207197      NaN   -2    10 c    0   1.41 148.6885 55.44038  5803.37  5376.51 2.52 2.19  34.7 -0.399    19.47 21.17 02a60048o0395c       0   18.437458
60048.430201 19.894850      NaN    9    11 c    0   1.17 148.6885 55.44038  5783.44  5334.95 2.54 2.21  36.5 -0.400    19.45 21.14 02a60048o0416c       0   18.998417
60048.458683 19.868040      NaN    4    13 c    0   1.16 148.6885 55.44038  5839.72  5421.46 2.55 2.26  35.4 -0.399    19.38 21.04 02a60048o0473c       0   20.222261
60048.469685 19.529530      NaN   16    14 c    0   1.07 148.6885 55.44038  5862.21  5301.11 2.59 2.24  34.4 -0.393    19.38 21.01 02a60048o0493c       0   20.879173
60050.344434 19.979496      NaN    9    10 c    0   1.11 148.6885 55.44038  4382.97  1027.37 2.37 2.24  59.0 -0.426    19.50 21.18 02a60050o0233c       0   18.437458
60050.347634 19.950541      NaN   10    10 c    0   1.20 148.6885 55.44038  4363.11   986.90 2.36 2.24 -88.2 -0.433    19.48 21.17 02a60050o0240c       0   18.437458
60050.356670 19.979496      NaN    9    10 c    0   1.07 148.6885 55.44038  4426.01  1061.26 2.37 2.25  81.9 -0.431    19.48 21.14 02a60050o0259c       0   18.437458
60050.366631 19.696897      NaN   17    11 c    0   0.95 148.6885 55.44038  4448.12   942.84 2.39 2.22  87.4 -0.429    19.46 21.11 02a60050o0279c       0   18.998417
60052.338389 19.063754      NaN   10    26 c    0   0.96 148.6885 55.44038  7668.17  7088.79 2.55 2.45  45.6 -0.406    18.69 20.26 02a60052o0233c       0   30.264498
60052.341195 19.351140      NaN  -25    22 c    0   1.98 148.6885 55.44038  7649.37  7049.40 2.59 2.36  38.0 -0.405    18.54 20.02 02a60052o0239c       0   26.906131
60052.348310 17.958558      NaN   54    62 c    0   0.79 148.6885 55.44038  7705.77  7126.92 2.58 2.37  40.6 -0.398    17.65 19.10 02a60052o0253c       2   63.905711
60052.360086 18.009935      NaN   61    56 c    0   0.72 148.6885 55.44038  7723.80  7007.12 2.67 2.52  37.4 -0.404    17.91 19.42 02a60052o0277c       0   58.102839
60056.341421 20.009244 0.361912   38    12 c    0   1.30 148.6885 55.44038  3885.57  7232.88 2.63 2.39  33.3 -0.389    19.39 21.04 02a60056o0242c       0   19.594383
60056.344607 19.589310      NaN   16    13 c    0   1.03 148.6885 55.44038  3867.33  7192.85 2.66 2.48  35.6 -0.389    19.40 21.04 02a60056o0249c       0   20.222261
60056.350221 19.696897      NaN   14    12 c    0   1.28 148.6885 55.44038  3922.96  7268.50 2.74 2.49  31.0 -0.378    19.37 21.03 02a60056o0261c       0   19.594383
60056.360591 19.674510      NaN   12    13 c    0   1.14 148.6885 55.44038  3943.48  7148.10 2.87 2.65  34.1 -0.380    19.28 21.01 02a60056o0283c       0   20.222261
60058.294608 20.207197      NaN    2    10 c    0   1.69 148.6885 55.44038  3911.02  3279.84 2.32 2.20  33.7 -0.417    19.43 20.87 02a60058o0143c       0   18.437458
60058.297800 20.103715      NaN   -9    11 c    0   1.10 148.6885 55.44038  3889.83  3239.56 2.29 2.19  33.6 -0.420    19.47 20.89 02a60058o0150c       0   18.998417
60058.303265 20.449472      NaN   -1     8 c    0   1.83 148.6885 55.44038  3949.57  3316.73 2.34 2.20  34.2 -0.415    19.40 20.86 02a60058o0162c       0   17.433871
60058.315529 19.696897      NaN   20    10 c    0   1.24 148.6885 55.44038  3971.73  3196.15 2.37 2.22  36.0 -0.417    19.47 20.97 02a60058o0188c       0   18.437458