 MJDbin  Nclip  Ngood  Nexcluded    Mask          MJD         uJy        duJy       stdev       x2         m       dm
58092.5      0      4          0       0 58092.301302    4.250000   18.480559   38.256808 1.071340 18.936964      NaN
58096.5      0      4          0       0 58096.313297  -10.777155   15.726049   13.841363 0.189882 19.161026      NaN
58098.5      0      8          0       0 58098.309614   -7.937690   12.398138   14.525224 0.173243 19.419184      NaN
58100.5      0      4          0       0 58100.308587   -5.404413   15.198682   28.112868 0.860014 19.198060      NaN
58112.5      0      4          0       0 58112.262552   -5.297282   17.780534   16.500000 0.213025 19.027713      NaN
58116.5      0      4          0       0 58116.292015   26.286164   19.499165   47.307505 1.512670 18.668356      NaN
58120.5      0      4          0       0 58120.280136   33.284116   20.830720   23.480488 0.314461 18.554735      NaN
58122.5      0      4          0       0 58122.292723    3.719934   52.059914  132.318744 1.241552 17.845910      NaN
58124.5      0      4          0       0 58124.287043    0.722541   15.123497   23.416518 0.598259 19.193119      NaN
58128.5      0      8          0       0 58128.274886   -9.543528   11.896881   19.131126 0.317284 19.463992      NaN
58130.5      0      4          0       0 58130.278061    1.498382   15.106757   25.104780 0.657848 19.183320      NaN
58132.5      0      8          0       0 58132.270547    0.079624   11.863549   41.469223 1.631442 19.465582      NaN
58136.5      0      4          0       0 58136.274150    7.886401   15.652695   18.734994 0.382149 19.061863      NaN
58148.5      0      2          0    8192 58148.265360  -85.994244   40.478232   11.313708 0.038904 18.134521      NaN
58156.5      0      1          0    8192 58156.246988  113.500000   38.498367         NaN      NaN 17.685725      NaN
58160.5      0      3          0       0 58160.230429    0.457334   24.114395   20.074860 0.239054 18.692774      NaN
58295.5      0      3          1       0 58295.602036   13.154104   23.978739   34.486712 0.648903 18.589981      NaN
58298.5      0      4          0       0 58298.575221    7.086571   17.410521   26.600439 0.522804 18.965574      NaN
58323.5      0      3          0       0 58323.578526   -0.801936   21.930884   25.696952 0.455789 18.799935      NaN
58324.5      0      4          0       0 58324.610849  -14.239570   18.625533  209.219781 2.630398 18.977303      NaN
58325.5      0      4          0       0 58325.545072    9.653803   15.794605   30.181396 1.015591 19.031087      NaN
58326.5      0      3          1       0 58326.559571    3.999821   28.738749   34.297716 0.417862 18.476596      NaN
58327.5      0      4          0       0 58327.606129   26.183512   22.168710   21.847959 0.249890 18.557984      NaN
58328.5      0      4          4 8388608 58328.534635 -135.944094  262.566375  348.922628 0.165863 16.104477      NaN
58329.5      0      4          0       0 58329.523324   36.223193   41.680617   93.038970 1.208584 17.928742      NaN
58332.5      0      2          0    8192 58332.626390  -55.150909   71.145860  178.190909 2.292791 17.522201      NaN
58336.5      0      2          0    8192 58336.625060    2.352643   28.421858   20.506097 0.151990 18.500616      NaN
58340.5      0      2          1    8192 58340.618410  -56.110689   75.159526   40.305087 0.142075 17.462615      NaN
58344.5      0      4          0       0 58344.615422  -26.296058   29.886175   51.439285 0.768248 18.463899      NaN
58348.5      0      4          0       0 58348.597036    3.151143   15.501096   12.727922 0.179483 19.133400      NaN
58349.5      0      4          0       0 58349.588049  -10.009265   14.204466   14.952703 0.270366 19.271513      NaN
58350.5      0      4          0       0 58350.599783    0.867883   15.362991   31.522479 0.786566 19.174187      NaN
58351.5      0      4          0       0 58351.568953   10.669707   16.222448   10.614456 0.107717 18.993107      NaN
58360.5      0      4          0       0 58360.579691   16.230586   19.401041   41.371286 1.064633 18.765041      NaN
58362.5      0      2          0    8192 58362.566985   -8.712016   22.152841   24.748737 0.623014 18.789001      NaN
58364.5      0      4          0       0 58364.571028    4.922241   15.891507   18.770544 0.354392 19.084404      NaN
58370.5      0      4          0       0 58370.559523    4.033092   14.683948   16.051999 0.305681 19.177407      NaN
58372.5      0      4          0       0 58372.550543  -20.001874   16.556522   22.752289 0.479017 19.105152      NaN
58376.5      0      4          0       0 58376.525193   17.057774   16.831471   32.785922 0.944207 18.886886      NaN
58377.5      0      4          0       0 58377.519461    2.887491   14.974170   20.105969 0.457259 19.173133      NaN
58378.5      0      4          0       0 58378.524297    3.208976   14.073030    6.055301 0.048671 19.233187      NaN
58379.5      0      4          0       0 58379.515055  -41.822984   21.283922   60.168513 1.863680 18.832446      NaN
58380.5      0      4          0       0 58380.517890   -5.277882   17.542729   13.937360 0.152893 19.042332      NaN
58381.5      0      4          0       0 58381.491390   19.209090   15.045926   19.612921 0.412182 18.962125      NaN
58382.5      0      8          0       0 58382.503448   12.330785   11.461140   18.658108 0.323587 19.292908      NaN
58383.5      0      4          0       0 58383.396856  -19.527684   36.730142   43.138343 0.279548 18.240018      NaN
58390.5      0      4          0       0 58390.503542  -11.757674   15.589058   24.102213 0.591498 19.170525      NaN
58392.5      0      4          0       0 58392.508283   16.807855   15.043898   29.136175 0.964892 18.990208      NaN
58394.5      0      4          0       0 58394.492059   14.531699   14.680937   36.060135 1.421116 19.039579      NaN
58396.5      0      4          0       0 58396.482091  -34.606553   29.396628  102.668966 2.701575 18.481831      NaN
58403.5      0      2          0    8192 58403.454097  -12.738141   27.448505   23.334524 0.347230 18.556278      NaN
58406.5      0      4          0       0 58406.452939   10.294730   14.203037   17.795130 0.384934 19.124641      NaN
58409.5      0      4          0       0 58409.434946  -15.091431   25.507736   57.990660 0.490518 18.635895      NaN
58410.5      0      3          1       0 58410.439637   -6.501151   51.480719   41.004065 0.115775 17.873463      NaN
58416.5      0      4          0       0 58416.497173   12.169505   28.502100   99.720860 3.115844 18.426415      NaN
58417.5      0      4          0       0 58417.426781    9.093855   18.255484   26.700499 0.528201 18.895976      NaN
58423.5      0      4          0       0 58423.428366   11.935933   15.745974   12.893797 0.166765 19.006391      NaN
58424.5      0      3          1       0 58424.424889  -17.712378   18.207466   28.023799 0.760454 19.001951      NaN
58427.5      0      4          0       0 58427.408282    0.473463   16.144867   12.987173 0.162513 19.126139      NaN
58428.5      0      4          0       0 58428.414471  -12.742452   15.505261   27.868740 0.809146 19.176377      NaN
58431.5      0      4          0       0 58431.395508   10.916834   16.643108   25.304809 0.555064 18.965652      NaN
58432.5      0      4          0       0 58432.408004  -10.152115   16.052008   21.266170 0.451284 19.138752      NaN
58435.5      0      4          0       0 58435.366648   -2.612186   15.348964   21.623675 0.517296 19.187377      NaN
58436.5      0      4          0       0 58436.389829  -10.399530   21.624953   40.841156 0.504165 18.815187      NaN
58437.5      0      1          2    8192 58437.346858  -13.000000  169.723670         NaN      NaN 16.578219      NaN
58438.5      0      1          1 8388608 58438.386638 5110.000000 9270.031398         NaN      NaN 12.121322      NaN
58439.5      0      3          3 8388608 58439.365356  850.943120  333.219806 1657.082476 1.354991 15.397774      NaN
58442.5      0      4          0       0 58442.380148   14.399424   41.308902   49.473057 0.349591 18.039295      NaN
58443.5      0      4          0       0 58443.366217   19.885529   20.376132   22.173558 0.289385 18.686183      NaN
58444.5      0      1          1    8192 58444.401310   67.000000   89.320346         NaN      NaN 17.123434      NaN
58447.5      0      4          0       0 58447.367336   19.622925   17.542729   35.490609 1.032619 18.823131      NaN
58448.5      0      4          0       0 58448.366727    7.316832   17.280694   19.295941 0.311987 18.970416      NaN
58449.5      0      4          0       0 58449.354001   -3.315841   15.106704   19.137659 0.392044 19.204651      NaN
58450.5      0      4          0       0 58450.362308    8.530792   14.598746   17.480942 0.335465 19.121779      NaN
58451.5      0      4          0       0 58451.348818   15.117145   14.898862    4.425306 0.022059 19.019091      NaN
58452.5      0      7          1       0 58452.352874   -4.094779   12.816790   38.081992 1.177194 19.383127      NaN
58453.5      0      2          0    8192 58453.348537   10.559232   19.214743    4.949747 0.033170 18.830271      NaN
58456.5      0      1          0    8192 58456.315846  -24.000000   29.514814         NaN      NaN 18.477475      NaN
58460.5      0      4          0       0 58460.319544   10.216988   15.118149   11.056672 0.135682 19.066184      NaN
58464.5      0      8          0       0 58464.306565  -20.300578   12.824323   19.935611 0.267042 19.382489      NaN
58470.5      0      2          2    8192 58470.322783  -21.019038   56.438275  150.613744 2.412443 17.773641      NaN
58472.5      0      4          0       0 58472.299713    2.977356   29.149967   38.105118 0.414584 18.469024      NaN
58474.5      0      4          0       0 58474.341143   16.850730   18.827704   11.916375 0.107294 18.786798      NaN
58475.5      0      4          0       0 58475.260441   17.728849   27.363085   43.707360 0.637473 18.427368      NaN
58476.5      0      4          0       0 58476.299465   24.531947   17.634086   23.767976 0.446813 18.770167      NaN
58478.5      0      8          0       0 58478.293894  -11.443689   10.449130   16.509737 0.286434 19.604875      NaN
58480.5      0     13          0       0 58480.290429   -0.378363   10.002478   94.184217 1.025768 19.652306      NaN
58482.5      0      1          0    8192 58482.288374 -208.000000  225.295637         NaN      NaN 16.270693      NaN
58488.5      0      4          0       0 58488.277503    4.533697   15.956421   12.919623 0.172642 19.085228      NaN
58492.5      0      6          0       0 58492.278202   -6.312653   13.908898   41.208818 1.420160 19.294343      NaN
58498.5      0      4          0       0 58498.272190  -13.451773   15.990332   24.445518 0.585805 19.142931      NaN
58500.5      0      4          0       0 58500.258186  -21.134554   19.594081   48.376130 1.622646 18.922263      NaN
58502.5      0      1          0    8192 58502.262881   39.000000   59.144943         NaN      NaN 17.588281      NaN
58503.5      0      4          0       0 58503.216596    0.717991   20.416690   57.471732 1.801935 18.870002      NaN
58506.5      0      4          0       0 58506.255297   -6.513426   14.799496   11.954776 0.155366 19.226958      NaN
58508.5      0      4          0       0 58508.257098  -15.146317   17.360353   19.841035 0.327951 19.053679      NaN
58510.5      0      2          0    8192 58510.264213   41.362485   29.936711    2.828427 0.002392 18.197155      NaN
58512.5      0      3          0       0 58512.253521    7.358120   26.087565   37.527767 0.639798 18.551909      NaN
58528.5      0      2          0    8192 58528.227290   28.453557   51.325534   89.095454 1.504371 17.762578      NaN
58628.5      0      3          0       0 58628.617337  -53.702765   52.730494  195.670642 1.541967 17.847420      NaN
58630.5      0      1          0    8192 58630.610132   -9.000000   34.743693         NaN      NaN 18.300385      NaN
58644.5      0      4          0       0 58644.574228    3.978618   16.313365   15.607156 0.237924 19.069508      NaN
58646.5      0      5          0       0 58646.565888   19.420265   14.554462   30.471298 0.407111 18.988260      NaN
58650.5      0      5          0       0 58650.606036   20.300094   15.822323   21.288495 0.414946 18.906406      NaN
58652.5      0      4          0       0 58652.548135   29.364687   26.824698   46.886388 0.812150 18.366284      NaN
58654.5      0      4          1       0 58654.559655  -18.255058   19.076793   14.150972 0.148586 18.951312      NaN
58656.5      0      5          0       0 58656.589169  -19.495326   21.571196   92.850417 0.764166 18.817889      NaN
58660.5      0      4          0       0 58660.565857   -1.436082   17.499647   11.120552 0.099228 19.045002      NaN
58668.5      0      5          0       0 58668.559057   -4.684846   14.522705   18.973666 0.377594 19.247456      NaN
58670.5      0      5          0       0 58670.598970    6.442248   14.329532   22.777182 0.435194 19.168513      NaN
58676.5      0      4          0       0 58676.505028   20.091950   17.455557   20.599353 0.381594 18.822795      NaN
58678.5      0      5          0       0 58678.505823   -3.253220   18.166323   22.810085 0.289808 19.004407      NaN
58679.5      0      4          0       0 58679.479417    7.705216   31.107368   21.500000 0.118063 18.367920      NaN
58680.5      0      4          0       0 58680.557496  -30.653848   21.017394   34.693900 0.675900 18.846128      NaN
58682.5      0      4          0       0 58682.552693    0.388333   30.617131   77.431690 0.183028 18.434913      NaN
58688.5      0      5          0       0 58688.579557   14.695163   15.136736   44.258333 1.243370 19.009833      NaN
58690.5      0      4          0       0 58690.522822   -2.054283   14.138233    6.238322 0.049598 19.276587      NaN
58692.5      0      4          0       0 58692.441793   -4.966451   16.867243   22.553640 0.428493 19.084965      NaN
58696.5      0      4          0       0 58696.516383  -29.710269   19.007804   27.000000 0.526604 18.955245      NaN
58700.5      0      4          0       0 58700.478941  -15.147234   15.043898   23.832751 0.622687 19.209174      NaN
58704.5      0      5          0       0 58704.488765  -15.964653   15.034408   14.131525 0.163219 19.209859      NaN
58708.5      0      4          0       0 58708.450583   -1.263329   23.986813   17.969882 0.145692 18.702644      NaN
58718.5      0      5          0       0 58718.505316   27.811008   13.332886   25.232915 0.720398 18.961703      NaN
58720.5      0      3          0       0 58720.633843  -27.286844   22.586661   33.151169 0.648484 18.767945      NaN
58724.5      0      5          0       0 58724.553612  -10.316716   13.293412   25.955732 0.501131 19.343484      NaN
58735.5      0      2          2    8192 58735.415392   60.081148   68.265802   58.689863 0.229143 17.391029      NaN
58736.5      0      4          0       0 58736.454352   15.063531   15.341022   37.713835 1.424038 18.993264      NaN
58737.5      0      4          0       0 58737.380108   13.450472   19.397041   45.595139 1.155265 18.792227      NaN
58746.5      0      2          2 8388608 58746.486440 1226.156361  857.084729  294.863528 0.024180 14.546810      NaN
58752.5      0      8          0       0 58752.464799   13.534837   10.405004   11.622023 0.170864 19.358405      NaN
58756.5      0      8          0       0 58756.432348    5.121973   10.178307   23.126979 0.542371 19.529268      NaN
58760.5      0      3          0       0 58760.479171   -0.416834   16.575487    5.196152 0.028955 19.103909      NaN
58762.5      0      4          0       0 58762.307042   12.775306   15.198939    9.878428 0.103513 19.029334      NaN
58763.5      0      4          0       0 58763.407080  -13.970192   14.474236   19.102792 0.440067 19.251086      NaN
58764.5      0      4          0       0 58764.381292   -4.689000   14.898862    9.983319 0.116917 19.219692      NaN
58765.5      0      4          0       0 58765.423365   -8.408778   16.566239   24.852901 0.532242 19.104515      NaN
58772.5      0      4          0       0 58772.442045    1.135205   15.265574   26.083200 0.695180 19.177263      NaN
58774.5      0      4          0       0 58774.420914   -1.535636   14.334540   19.293781 0.457273 19.261616      NaN
58779.5      0      4          0       0 58779.390974    1.218566   13.530729    9.287088 0.114989 19.304890      NaN
58780.5      0      4          0       0 58780.378388   -5.904826   13.766539   14.430870 0.262743 19.305513      NaN
58784.5      0      4          0       0 58784.370793   -3.017031   13.703784   20.483733 0.570558 19.310474      NaN
58787.5      0      4          0       0 58787.400358   -7.632398   13.824211   13.527749 0.238823 19.300974      NaN
58788.5      0      4          0       0 58788.375939    8.691231   24.463238   22.105806 0.210180 18.606760      NaN
58790.5      0      4          0       0 58790.292486   -0.150537   14.680052   12.301761 0.175121 19.235756      NaN
58791.5      0      4          0       0 58791.357701   -2.192023   14.137347   17.727098 0.394608 19.276655      NaN
58792.5      0      4          0       0 58792.373861    1.271680   14.677118   13.671747 0.213144 19.217320      NaN
58799.5      0      4          0       0 58799.366404  -18.012473   17.776052    5.123475 0.020150 19.027987      NaN
58800.5      0      4          0       0 58800.418601  -21.187398   17.957144   21.142375 0.354662 19.016982      NaN
58802.5      0      4          0       0 58802.385725  -16.862029   15.984580   34.380227 1.166478 19.143322      NaN
58808.5      0      4          0       0 58808.353918   -0.697842   14.338167   12.476645 0.189312 19.261341      NaN
58812.5      0      4          0       0 58812.306447   -7.796837   13.822880   19.379972 0.463360 19.301079      NaN
58816.5      0      4          0       0 58816.324924   -2.080733   13.824211   14.198005 0.262776 19.300974      NaN
58820.5      1      3          0       0 58820.271413    1.885735   22.240654   64.902491 1.971254 18.766449      NaN
58826.5      0      4          0       0 58826.337379    7.697832   18.938420    8.421203 0.048501 18.874357      NaN
58827.5      0      4          0       0 58827.319515   -8.625364   15.425190   41.271459 1.793611 19.181999      NaN
58828.5      0      4          0       0 58828.281641    0.251434   16.145040   31.626729 0.925436 19.129101      NaN
58830.5      0      4          0       0 58830.286716  -47.947720   16.905107   43.599503 1.697404 19.082530      NaN
58832.5      0      4          0       0 58832.301644   19.348724   16.647524   25.514702 0.504165 18.872276      NaN
58836.5      0      4          0       0 58836.268523    1.381602   14.471984    4.645787 0.024606 19.230720      NaN
58844.5      0      4          0       0 58844.259394  -15.309314   14.538153   15.524175 0.282011 19.246302      NaN
58852.5      0      4          0       0 58852.250610    6.413528   15.902169    8.962886 0.075679 19.064709      NaN
58854.5      0      3          0       0 58854.258155  -58.194298   28.957500   15.044379 0.094044 18.498172      NaN
58868.5      0      4          0       0 58868.217280    1.798915   17.049297   28.907900 0.449236 19.050635      NaN
58872.5      0      4          0       0 58872.246186    8.615300   14.138726    3.696846 0.017807 19.151695      NaN
58880.5      0      5          0       0 58880.233281   26.064280   24.693144   86.943660 0.421774 18.463179      NaN
58882.5      0      3          0       0 58882.244327   -3.594909   25.516285   48.383882 0.823730 18.635531      NaN
58888.5      0      2          0    8192 58888.223785  -15.718946   53.127484  138.592929 2.986261 17.839277      NaN
59004.5      0      4          0       0 59004.601240  -27.767662   19.629597   16.194135 0.173965 18.920297      NaN
59020.5      0      4          0       0 59020.599530    1.531701   14.405251   12.038134 0.174890 19.233426      NaN
59024.5      0      4          0       0 59024.580506   -7.556879   13.763148   11.210114 0.166648 19.305781      NaN
59028.5      0      4          0       0 59028.551735    5.497925   13.531174   20.854656 0.600953 19.239408      NaN
59031.5      0      4          0       0 59031.605956   -2.521798   14.330301   10.230673 0.122363 19.261937      NaN
59032.5      0      4          0       0 59032.579752   -2.210245   13.763589   20.461346 0.551518 19.305746      NaN
59033.5      0      4          0       0 59033.561409    5.558222   15.968119   21.740898 0.450769 19.071370      NaN
59036.5      0      4          0       0 59036.548131   -2.027185   17.250633   38.870512 1.162022 19.060562      NaN
59037.5      0      4          0       0 59037.602889   35.562688   17.153947   18.997807 0.319537 18.690058      NaN
59038.5      0      4          0       0 59038.527768   -0.448476   17.980911   44.880397 1.518744 19.015546      NaN
59044.5      0      4          0       0 59044.571561  -11.979562   19.477798   22.308444 0.400404 18.928725      NaN
59048.5      0      4          0       0 59048.586281   -9.137546   14.330254   15.564382 0.290103 19.261940      NaN
59052.5      0      4          0       0 59052.608818  -19.844895   14.190439    6.994045 0.055584 19.272585      NaN
59059.5      0      4          0       0 59059.493877    5.067693   13.586875   14.988885 0.300077 19.241662      NaN
59060.5      0      4          0       0 59060.501244   -5.449394   13.704246   15.405627 0.315570 19.310437      NaN
59061.5      0      7          0       0 59061.531863   -5.063842   11.030716   20.410082 0.498850 19.546066      NaN
59062.5      0      7          0       0 59062.496736   -7.987911   12.783685   17.145040 0.243276 19.385935      NaN
59063.5      0      3          0       0 59063.487282   50.414861   32.379491   22.516660 0.063008 18.082562      NaN
59064.5      0      4          0       0 59064.537212   11.835372   16.056996   31.212978 0.947057 18.989111      NaN
59065.5      0      3          0       0 59065.482470   -5.358583   33.568778    9.000000 0.023160 18.337736      NaN
59072.5      0      4          0       0 59072.584270    4.336664   14.269174    7.000000 0.061992 19.202511      NaN
59074.5      0      4          0       0 59074.602047    3.254771   14.072559   20.066556 0.513804 19.232546      NaN
59075.5      0     18          0       0 59075.530048   -3.450387    7.101811   21.817799 0.394356 20.024152      NaN
59076.5      0      4          0       0 59076.603121   -7.404944   15.036364   25.232254 0.821983 19.209718      NaN
59080.5      0      4          0       0 59080.502367   -1.694212   14.746045   28.965497 0.949103 19.230886      NaN
59084.5      0      4          0       0 59084.503023  -11.857530   13.824197   20.039544 0.520093 19.300975      NaN
59088.5      0      4          0       0 59088.484657   -5.693275   15.118149   32.221887 1.183057 19.203828      NaN
59090.5      0      4          0       0 59090.506327    5.338878   14.683948   30.408332 1.096959 19.159255      NaN
59091.5      0      2          0    8192 59091.448536    4.189926   28.053467   21.920310 0.305152 18.500652      NaN
59092.5      0      4          0       0 59092.428077    0.742391   20.722127   23.697750 0.311525 18.853737      NaN
59093.5      0      4          0       0 59093.432925   -5.967898   19.006577   24.810952 0.418163 18.955315      NaN
59098.5      0      2          0    8192 59098.583185  -15.000000   30.644120   74.953319 2.991282 18.436707      NaN
59100.5      0      4          0       0 59100.538919   16.208720   14.683948    4.991660 0.029596 19.018885      NaN
59101.5      0      4          0       0 59101.469483   13.008829   14.138756   29.803523 1.106371 19.093153      NaN
59102.5      0      4          0       0 59102.467391   -2.653059   14.073905   14.863266 0.293601 19.281538      NaN
59104.5      0      4          0       0 59104.457178    3.559419   13.316320   10.626225 0.154623 19.285070      NaN
59108.5      0      4          0       0 59108.499847   -2.742917   13.646183    6.652067 0.058641 19.315047      NaN
59112.5      0      4          0       0 59112.430256   -1.452184   14.203066    7.973916 0.075663 19.271620      NaN
59117.5      0      4          0       0 59117.348372   10.941709   16.316364   30.181396 0.829486 18.984370      NaN
59118.5      0      2          0    8192 59118.401549   -4.490153   21.074624    0.707107 0.000563 18.843175      NaN
59119.5      0      4          0       0 59119.352820   10.051711   15.341500   17.368554 0.325334 19.054211      NaN
59120.5      0      4          0       0 59120.393322  -10.550839   16.358735   34.189423 1.180446 19.118201      NaN
59126.5      0      4          0       0 59126.471919   -2.445141   16.883942   34.491545 1.099292 19.083890      NaN
59128.5      0      4          0       0 59128.500126   -6.309841   16.238576   12.503333 0.142778 19.126205      NaN
59129.5      0      4          0       0 59129.438646    6.585581   14.398731   10.488088 0.124817 19.161730      NaN
59130.5      0      4          0       0 59130.445826  -14.263161   14.968978   14.522970 0.235591 19.214595      NaN
59132.5      0      4          0       0 59132.379844   -5.883349   13.947368   27.380041 0.923568 19.291344      NaN
59134.5      0      4          0       0 59134.533182    2.709893   15.180529   23.243279 0.545952 19.161270      NaN
59136.5      0      4          0       0 59136.426969  -10.740202   13.704205   17.036725 0.385917 19.310440      NaN
59140.5      0      4          0       0 59140.433199    2.288248   13.588738   16.693312 0.361866 19.283663      NaN
59144.5      0      4          0       0 59144.340971    8.779508   15.690328   16.145175 0.277273 19.048321      NaN
59145.5      0      4          0       0 59145.290566   -8.829554   15.271277   23.767976 0.589063 19.192887      NaN
59146.5      0      4          0       0 59146.376812    5.711630   14.474236    3.862210 0.018009 19.168611      NaN
59147.5      0      4          0       0 59147.324403   12.606253   16.662183   99.218194 0.347745 18.945259      NaN
59148.5      0      3          1       0 59148.340185  -19.378641   40.670089  121.342490 0.569329 18.129387      NaN
59154.5      0      4          0       0 59154.462154  -36.583726   22.918568   64.303318 1.739596 18.752106      NaN
59156.5      0      8          0       0 59156.375890    0.530427   10.631792   14.038213 0.219056 19.575279      NaN
59157.5      0      4          0       0 59157.492757   17.801248   16.748523   33.555923 1.008240 18.883366      NaN
59158.5      0      4          0       0 59158.374360    3.336556   15.326616   20.856654 0.465823 19.142687      NaN
59160.5      0      4          0       0 59160.375598   -2.437424   13.825238   18.211718 0.432185 19.300893      NaN
59173.5      0      4          0       0 59173.307163    5.630036   13.885614   14.930394 0.281719 19.211506      NaN
59182.5      0      4          0       0 59182.326835  -21.719623   18.538149   13.275918 0.129070 18.982409      NaN
59184.5      0      4          0       0 59184.388461   -0.389434   16.054974   10.012492 0.094360 19.138551      NaN
59186.5      0      4          0       0 59186.329418    4.702209   15.119632   17.173138 0.324808 19.138206      NaN
59188.5      0      4          0       0 59188.296127  -23.527213   29.044458   93.396556 0.291352 18.494917      NaN
59192.5      0      4          0       0 59192.322942    4.848695   13.646613   12.553220 0.207509 19.240478      NaN
59204.5      0      4          0       0 59204.233508   10.548336   14.336728   12.701706 0.198494 19.112398      NaN
59208.5      0      4          0       0 59208.285016    4.756511   15.880321   30.956959 0.895531 19.087260      NaN
59209.5      0      4          0       0 59209.245193    1.756229   17.618219   18.463929 0.287976 19.016237      NaN
59212.5      0      4          0       0 59212.247015   -1.604005   15.922936   29.352740 0.839578 19.147517      NaN
59213.5      0      4          0       0 59213.317980  -16.011065   20.126785   27.801379 0.488267 18.893139      NaN
59216.5      0      4          0       0 59216.279081   12.116650   14.392659   16.640813 0.310908 19.088269      NaN
59242.5      1      2          0       0 59242.228138   42.001944   60.187903   19.798990 0.044161 17.561950      NaN
59364.5      0      4          0       0 59364.600840    6.081828   20.424654   25.794056 0.343457 18.814381      NaN
59382.5      0      4          0       0 59382.592222    0.808869   14.392108   10.424331 0.142335 19.245128      NaN
59386.5      0      4          0       0 59386.601838  -10.268759   15.277031   17.423643 0.303391 19.192478      NaN
59388.5      0      4          0       0 59388.569300   12.439710   16.507796   34.655447 0.978755 18.955935      NaN
59390.5      0      4          0       0 59390.561789  -35.769653   30.459177   48.120508 0.672855 18.443280      NaN
59391.5      0      4          0       0 59391.582169   -1.491643   16.234655   21.156165 0.430725 19.126467      NaN
59392.5      0      4          0       0 59392.602290    1.207583   16.250820   23.230727 0.445960 19.109370      NaN
59400.5      0      4          0       0 59400.598171   12.196286   14.203936   15.713582 0.308199 19.099483      NaN
59404.5      0      4          0       0 59404.580126    2.764888   14.010462   12.754084 0.205454 19.244415      NaN
59408.5      0      4          0       0 59408.557908   -7.096021   13.765070   15.326991 0.298210 19.305629      NaN
59412.5      0      4          0       0 59412.550290   -5.490744   13.816373   25.223997 0.719865 19.301590      NaN
59415.5      0      4          0       0 59415.539489    0.468549   14.474236   17.404501 0.357368 19.244079      NaN
59416.5      0      4          0       0 59416.553796    5.151802   15.280646   55.643957 1.689430 19.121373      NaN
59417.5      0      4          0       0 59417.517237    3.934422   17.653010   20.016660 0.259258 18.988179      NaN
59420.5      0      4          0       0 59420.512992    6.964092   15.743279   31.752953 1.030154 19.067795      NaN
59426.5      0      4          0       0 59426.566877    2.033508   14.401957   11.898879 0.174197 19.226286      NaN
59428.5      0      4          0       0 59428.568744  -16.485353   13.649221   18.500000 0.470703 19.314805      NaN
59429.5      0      4          0       0 59429.559681   -1.765875   14.010477   15.478480 0.297508 19.286443      NaN
59434.5      0      4          0       0 59434.465079    2.175010   14.611936   10.230673 0.122073 19.208955      NaN
59438.5      0      4          0       0 59438.523047    9.094211   14.338167   17.262677 0.367334 19.131673      NaN
59441.5      0      4          0       0 59441.480491   13.818721   14.402509   20.006249 0.469990 19.065886      NaN
59442.5      0      4          0       0 59442.508330   -0.151410   13.885189   19.544820 0.495335 19.296196      NaN
59444.5      0      4          0       0 59444.479377   -1.009601   14.474236    4.546061 0.024673 19.251086      NaN
59445.5      0      4          0       0 59445.468189   -1.538863   15.271277   15.033296 0.236022 19.192887      NaN
59447.5      0      4          0       0 59447.441108   14.724402   17.013138   13.341664 0.159428 18.902281      NaN
59448.5      0      4          0       0 59448.471518  -10.336694   17.637791   48.527484 1.970134 19.036465      NaN
59454.5      0      4          0       0 59454.491887   16.327980   14.827781    6.244998 0.044767 19.008776      NaN
59456.5      0      4          0       0 59456.477451    3.208706   13.588313   20.854656 0.591944 19.269559      NaN
59458.5      0      2          4    8192 59458.484448   18.710849   52.936475   36.062446 0.215596 17.769026      NaN
59460.5      0      4          0       0 59460.469552   -1.868568   13.885146   20.451161 0.516504 19.296199      NaN
59464.5      0      4          0       0 59464.470294   -0.339094   13.764057   13.573872 0.239986 19.305709      NaN
59474.5      0      4          0       0 59474.499865    8.531761   15.866174   34.490337 1.070369 19.040489      NaN
59481.5      0      4          0       0 59481.389789   -5.348446   20.365341   13.527749 0.107924 18.880346      NaN
59484.5      0      4          0       0 59484.458221   -2.470040   17.183491   24.185050 0.504036 19.064797      NaN
59485.5      0      4          0       0 59485.507511    2.341631   15.275260   38.867296 1.576835 19.159816      NaN
59486.5      0      4          0       0 59486.400274   12.237994   16.211997    4.349329 0.002882 18.975319      NaN
59488.5      0      4          0       0 59488.448024   -4.576631   17.066165   24.635679 0.534752 19.072235      NaN
59489.5      0      4          0       0 59489.419874   14.898142   14.270593   16.194135 0.325249 19.060588      NaN
59490.5      0      4          0       0 59490.439221    2.016800   14.137331    9.945686 0.121535 19.246112      NaN
59492.5      0      4          0       0 59492.383238   38.219091   52.627074  103.348520 1.104578 17.702306      NaN
59493.5      0      4          0       0 59493.509016   -6.728662   14.271100   24.893105 0.758492 19.266431      NaN
59494.5      0      4          0       0 59494.404893   -3.271759   14.541755   15.903354 0.290359 19.246033      NaN
59496.5      0      4          0       0 59496.373994   28.285450   15.509910    3.403430 0.012131 18.838427      NaN
59498.5      0      4          0       0 59498.423807  -19.170710   14.474236   11.401754 0.151266 19.251086      NaN
59499.5      0      4          0       0 59499.321751    8.434994   19.948614   56.806690 0.812305 18.814652      NaN
59500.5      0      4          0       0 59500.351982   -4.650561   16.153988    8.057088 0.061481 19.131876      NaN
59501.5      0      4          0       0 59501.340818    7.960348   15.102081   15.154757 0.238504 19.096164      NaN
59503.5      0      4          0       0 59503.338617  -22.134399   20.101522   48.479377 1.393643 18.894503      NaN
59509.5      0      4          0       0 59509.431760   23.856016   21.687973   17.500000 0.184684 18.596134      NaN
59510.5      0      4          0       0 59510.407219    8.092716   15.659483   12.662280 0.167955 19.058840      NaN
59511.5      0      4          0       0 59511.342163  -19.957176   18.272377   20.792627 0.311104 18.998087      NaN
59512.5      0      4          0       0 59512.408516    1.433224   16.990359   16.360522 0.242381 19.058904      NaN
59513.5      0      4          0       0 59513.408700  -10.078401   14.336728   15.716234 0.294292 19.261450      NaN
59516.5      0      4          0       0 59516.386190   -0.680928   15.196849   29.970819 0.990839 19.198191      NaN
59520.5      0      4          0       0 59520.381100  -24.623912   14.820017   18.165902 0.353593 19.225453      NaN
59524.5      0      4          0       0 59524.380299  -23.152840   16.425750   32.259366 0.833916 19.113762      NaN
59528.5      0      4          0       0 59528.370535   -9.499190   15.707695   10.531698 0.112914 19.162294      NaN
59530.5      0      1          0    8192 59530.342276   32.000000  108.711196         NaN      NaN 16.999781      NaN
59538.5      0      4          0       0 59538.402822  -31.258094   17.168649   36.710580 1.225013 19.065735      NaN
59540.5      0      4          4 8388608 59540.315694  184.343980  312.293154  158.970385 0.047530 15.795008      NaN
59542.5      0      4          0       0 59542.299401   -2.841461   14.270056   12.446552 0.185310 19.266511      NaN
59544.5      0      4          0       0 59544.339588    1.608531   16.222729   12.500000 0.159431 19.105945      NaN
59546.5      0      4          0       0 59546.353456  -10.506252   13.885641   15.253415 0.306389 19.296160      NaN
59551.5      0      4          0       0 59551.279335    0.115729   15.043898   28.011902 0.820626 19.207505      NaN
59552.5      0      2          0    8192 59552.428184    2.344463   33.786289  101.823376 3.734703 18.315759      NaN
59564.5      0      4          0       0 59564.269037   -4.800970   24.774446   16.398679 0.081945 18.667565      NaN
59584.5      0      4          0       0 59584.250244  -16.952084   15.423273   16.309506 0.280289 19.182134      NaN
59586.5      0      4          0       0 59586.225265  -16.759676   15.191422   14.628739 0.219200 19.198579      NaN
59590.5      0      4          0       0 59590.227379   -7.549923   17.400468   17.136705 0.225154 19.051173      NaN
59592.5      0      4          0       0 59592.268388   11.005204   18.888876   16.820127 0.183397 18.842388      NaN
59596.5      0      4          0       0 59596.222498  -18.353530   19.636427   48.465624 1.497271 18.919919      NaN
59598.5      0      4          0       0 59598.793280  -16.259518   19.631879   31.983068 0.628599 18.920170      NaN
59600.5      0      4          0       0 59600.253763   -5.641673   16.487133   12.175796 0.139455 19.109712      NaN
59604.5      0      4          0       0 59604.222610    7.820648   25.090411   90.334563 0.231714 18.588147      NaN
59725.5      0      1          2    8192 59725.182602 4374.000000   57.324726         NaN      NaN 14.797803 0.014229
59737.5      0      1          2    8192 59737.185404 4042.000000   63.742641         NaN      NaN 14.883509 0.017122
59744.5      0      1          3    8192 59744.595868 5648.000000   55.516882         NaN      NaN 14.520263 0.010672
59746.5      0      2          2    8192 59746.600157 5673.848096   49.223494   89.802561 1.015281 14.515306 0.009419
59753.5      0      4          4 8388608 59753.592476 5934.713714   20.322786   60.406263 2.263529 14.466501 0.003718
59754.5      0      1          7    8192 59754.619704 5931.000000   72.153477         NaN      NaN 14.467180 0.013209
59766.5      0      2          2    8192 59766.617961 5076.045840   39.486142   18.384776 0.107690 14.636186 0.008446
59769.5      0      1          3    8192 59769.125503 4853.000000   40.879386         NaN      NaN 14.684974 0.009146
59770.5      0      4          0       0 59770.604552 4731.445987   20.353566   59.021889 1.768231 14.712515 0.004671
59772.5      0      4          4 8388608 59772.571984 4862.713722   20.023549   61.163033 2.298647 14.682803 0.004471
59773.5      0      1          3    8192 59773.100515 4830.000000   51.943471         NaN      NaN 14.690132 0.011676
59774.5      0      4          0       0 59774.541692 4563.385752   24.197689   29.217575 0.380389 14.751782 0.005757
59775.5      0      2          1    8192 59775.991805 4559.433210   68.720763  261.629509 1.855661 14.752723 0.016364
59776.5      0      1          1 8388608 59776.016458 4512.000000   49.306432         NaN      NaN 14.764077 0.011865
59777.5      0      4          0       0 59777.020468 4421.147733   29.650903  104.182532 2.868590 14.786162 0.007282
59781.5      0      4          4 8388608 59781.116499 3752.559001   18.281152   28.942472 0.644718 14.964181 0.005289
59783.5      0      4          4 8388608 59783.323064 3827.494127   18.192243   24.792472 0.480761 14.942714 0.005161
59786.5      0      3          1       0 59786.580263 3500.549378   21.191864   42.712215 1.339124 15.039659 0.006573
59787.5      0      3          3 8388608 59787.386990 3523.569387   20.335946   36.510273 1.087347 15.032543 0.006266
59794.5      0      2          2    8192 59794.618851 2925.101540   26.944620    7.071068 0.034420 15.234648 0.010001
59799.5      0      3          1       0 59799.267747 3157.948028   24.924382   12.423097 0.079661 15.151488 0.008569
59800.5      1      3          4 8388608 59800.527834 3059.249663   21.332771   48.692915 1.697203 15.185963 0.007571
59801.5      0      3          5       0 59801.139251 3077.709358   29.442986  116.431668 2.512676 15.179431 0.010387
59802.5      0      8          0       0 59802.230791 3055.336394   24.360521  181.128013 2.920381 15.187352 0.008657
59803.5      0      1          0    8192 59803.215305 2960.000000  129.271514         NaN      NaN 15.221771 0.047417
59808.5      0      4          4 8388608 59808.588865 2802.584853   17.908753   27.765386 0.600164 15.281103 0.006938
59810.5      0      4          0       0 59810.483520 2650.461539   18.272570   30.583220 0.713948 15.341696 0.007485
59812.5      0      1          3    8192 59812.542378 2586.000000   36.961118         NaN      NaN 15.368429 0.015518
59813.5      0      4          4 8388608 59813.067782 2557.171954   17.269380   32.197308 0.842505 15.380600 0.007332
59814.5      0      4          0       0 59814.524977 2319.162086   18.192243   29.227555 0.631653 15.486672 0.008517
59818.5      0      4          0       0 59818.505036 2092.625862   16.820975    7.455423 0.049846 15.598271 0.008727
59822.5      0      4          0       0 59822.556028 2174.413706   17.542729   31.647801 0.823096 15.556645 0.008759
59824.5      0      3          0       0 59824.983257 2099.626973   18.720709   36.864617 1.288881 15.594645 0.009681
59825.5      0      1          0    8192 59825.004106 2076.000000   32.651558         NaN      NaN 15.606932 0.017077
59826.5      0      4          0       0 59826.471471 1983.350894   16.820975   32.846867 0.964341 15.656501 0.009208
59828.5      0      2          2    8192 59828.953678 1874.000000   24.063709    5.656854 0.027631 15.718076 0.013942
59829.5      0      1          0    8192 59829.124062 1748.000000   44.171532         NaN      NaN 15.793646 0.027436
59830.5      0      4          0       0 59830.400257 1730.541877   24.545856  195.964282 2.036848 15.804545 0.015400
59831.5      0      4          0       0 59831.031667 1767.047446   21.434048   28.225284 0.436817 15.781879 0.013170
59836.5      0      4          1       0 59836.678375 1822.207209   18.476181   24.076268 0.431397 15.748506 0.011009
59837.5      0      3          0       0 59837.009713 1794.034572   22.629766   48.190594 1.536335 15.765423 0.013695
59838.5      0      3          1       0 59838.493822 1756.333675   18.979934   23.544285 0.508552 15.788482 0.011733
59839.5      0      2          2    8192 59839.271783 1663.057441  148.758713   45.254834 0.045118 15.847732 0.097118
59840.5      0      2          2    8192 59840.475466 1682.355687   23.079320    4.949747 0.022959 15.835205 0.014895
59843.5      0      4          4 8388608 59843.165230 1587.376326   15.738417   27.317577 0.750914 15.898300 0.010765
59844.5      0      2          2    8192 59844.426802 1590.710464   23.560789    9.899495 0.088120 15.896022 0.016081
59848.5      0      4          0       0 59848.424664 1697.822040   16.487133   12.961481 0.152944 15.825270 0.010543
59851.5      0      4          4 8388608 59851.161413 1632.640055   16.298160   21.375609 0.421841 15.867774 0.010839
59855.5      0      4          4       0 59855.892994 1408.854103   35.866981   48.620983 0.247582 16.027835 0.027641
59856.5      0      3          1       0 59856.873552 1378.803067   20.747436   49.571497 1.869982 16.051244 0.016338
59858.5      0      8          0       0 59858.305123 1516.932839   13.131252   28.132023 0.594564 15.947584 0.009399
59864.5      0      5          2       0 59864.424043 1338.625619   18.156670   40.214425 0.905676 16.083352 0.014727
59866.5      0      4          0       0 59866.430077 1267.862618   20.359831   29.045941 0.376024 16.142320 0.017435
59868.5      0      1          3    8192 59868.401903 1209.000000   32.651558         NaN      NaN 16.193934 0.029323
59870.5      0      3          1       0 59870.403483 1312.818444   17.721072   33.719431 1.210028 16.104488 0.014656
59872.5      0      4          0       0 59872.894671 1312.204514   18.202644   37.264818 0.600455 16.104996 0.015061
59874.5      0      4          0       0 59874.452613 1261.785014   15.200774   13.524669 0.196120 16.147537 0.013080
59876.5      0      4          0       0 59876.890978 1194.817533   16.546387   45.587827 1.437249 16.206746 0.015036
59878.5      0      4          0       0 59878.374229 1111.824411   15.910347   18.348479 0.332948 16.284909 0.015537
59880.5      0      9          0       0 59880.752595 1075.931716   10.957510   40.151103 1.459842 16.320538 0.011057
59882.5      0      4          0       0 59882.372429 1095.428118   15.507688   18.266545 0.340081 16.301040 0.015370
59883.5      1      2          1       0 59883.126051 1262.027684   24.820321   66.468037 3.584223 16.147328 0.021353
59884.5      0      5          1       0 59884.474950 1147.654079   14.694423   17.204651 0.289539 16.250472 0.013902
59886.5      0      4          0       0 59886.362371 1089.599725   18.134818   37.906684 1.135932 16.306833 0.018071
59891.5      0      1          0    8192 59891.169306 1086.000000   81.646336         NaN      NaN 16.310425 0.081627
59892.5      0      8          0       0 59892.683442  905.789085   14.581444   40.869129 0.931526 16.507432 0.017478
59894.5      0      3          1       0 59894.325851  897.333333   19.245123    9.073772 0.074099 16.517615 0.023286
59896.5      0      3          1       0 59896.426958  973.462620   20.041591   20.008332 0.325399 16.429202 0.022353
59899.5      0      3          1       0 59899.105566  885.463183   17.146359   14.502873 0.246237 16.532074 0.021025
59900.5      0      3          0       0 59900.440237  867.397155   19.740244    8.621678 0.057331 16.554455 0.024709
59903.5      0      3          1       0 59903.098911  831.482615   17.491305   15.716234 0.275712 16.600367 0.022840
59907.5      0      4          0       0 59907.075221  763.673875   19.622864   96.961762 1.779344 16.692730 0.027898
59908.5      0      4          0       0 59908.310645  875.946038   15.586593   27.415020 0.793993 16.543807 0.019320
59909.5      0      5          0       0 59909.167224  825.738390   13.842888   10.839742 0.124395 16.607894 0.018202
59911.5      0      4          0       0 59911.074032  788.995682   16.536587   35.571524 1.117270 16.657313 0.022756
59912.5      0      4          0       0 59912.801156  771.759752   16.724792    8.524475 0.063565 16.681295 0.023529
59919.5      0      4          0       0 59919.104972  673.834310   20.089371   18.375709 0.216776 16.828617 0.032370
59920.5      0      4          0       0 59920.824100  767.940837   20.619808   16.700798 0.172207 16.686681 0.029153
59923.5      0      4          0       0 59923.074588  717.135189   22.005455   23.480488 0.097103 16.760997 0.033316
59944.5      0      3          0       0 59944.793171  555.203091   30.821436   55.220769 1.095504 17.038870 0.060273
59947.5      0      2          0    8192 59947.057526  606.855957   39.594482   11.313708 0.025782 16.942286 0.070839
59948.5      0      4          0       0 59948.846022  579.240587   22.754609   21.087121 0.191267 16.992853 0.042652
59951.5      0      1          3    8192 59951.070641  740.000000  292.995092         NaN      NaN 15.541491      NaN
59960.5      0      3          0       0 59960.221061  576.339596   18.300450   21.548395 0.436269 16.998304 0.034475
59964.5      0      1          0    8192 59964.209360  589.000000   38.498367         NaN      NaN 16.974712 0.070966