         MJD         m       dm   uJy  duJy F  err  chi/N        RA      Dec        x        y  maj  min   phi  apfit  mag5sig   Sky            Obs    Mask   duJy_new
57396.624649 19.454622      NaN    19    14 c    0   1.31 232.76542 53.40535  4881.53  3960.74 3.84 3.64 -25.4 -0.395    19.47 21.37 02a57396o0667c       0  18.540684
57396.637520 19.696897      NaN   -10    16 c    0   1.03 232.76542 53.40535  4587.09  3382.89 4.10 3.76 -21.5 -0.385    19.48 21.44 02a57396o0688c       0  20.093705
57396.648560 19.510313      NaN    13    15 c    0   0.97 232.76542 53.40535  5427.46  4552.29 3.69 3.58 -50.1 -0.407    19.52 21.42 02a57396o0706c       0  19.306915
57396.658375 19.696897      NaN   -21    16 c    0   0.98 232.76542 53.40535  5687.26  2811.08 4.02 3.65  -7.7 -0.406    19.50 21.40 02a57396o0722c       0  20.093705
57448.568841 19.401649      NaN    13    17 c    0   1.47 232.76542 53.40535  5006.29  3497.30 4.13 3.87 -16.4 -0.383    19.11 20.70 02a57448o0542c       0  20.898731
57448.588725 19.287255      NaN    11    20 c    0   0.85 232.76542 53.40535  5282.65  4082.84 3.88 3.70 -26.8 -0.399    19.19 20.77 02a57448o0578c       0  23.404208
57448.610718 19.569016      NaN   -16    18 c    0   1.03 232.76542 53.40535  4151.07  4657.77 3.79 3.58 -39.6 -0.406    19.23 20.79 02a57448o0618c       0  21.719967
57448.628811 19.271854      NaN    21    17 c    0   1.14 232.76542 53.40535  4382.82  4569.79 3.71 3.51 -40.6 -0.416    19.26 20.82 02a57448o0652c       0  20.898731
57449.563448 19.436675      NaN    11    17 c    0   1.03 232.76542 53.40535  5247.38  3458.72 3.83 3.57 -16.0 -0.405    19.35 21.00 02a57449o0697c       0  20.898731
57449.582483 19.696897      NaN     1    16 c    0   0.99 232.76542 53.40535  5541.39  4023.57 3.67 3.54 -27.2 -0.413    19.37 21.02 02a57449o0731c       0  20.093705
57449.602012 19.491430      NaN    11    16 c    0   1.14 232.76542 53.40535  4392.45  4599.20 3.68 3.48 -39.0 -0.420    19.39 21.03 02a57449o0766c       0  20.093705
57449.618734 19.631075      NaN    -3    17 c    0   0.99 232.76542 53.40535  4384.21  4566.71 3.72 3.51 -42.1 -0.416    19.37 21.02 02a57449o0800c       0  20.898731
57458.539301 19.922338      NaN     0    13 c    0   1.08 232.76542 53.40535  5324.05  3299.42 3.97 3.65 -12.1 -0.399    19.63 21.64 02a57458o0658c       0  17.797668
57458.560789 19.922338      NaN     0    13 c    0   1.00 232.76542 53.40535  5616.06  3868.25 3.86 3.72 -22.5 -0.393    19.64 21.68 02a57458o0696c       0  17.797668
57458.581943 19.841877      NaN   -12    14 c    0   0.84 232.76542 53.40535  4481.20  4449.47 3.81 3.62 -43.5 -0.398    19.67 21.72 02a57458o0733c       0  18.540684
57458.603696 19.569016      NaN    13    14 c    0   0.91 232.76542 53.40535  4384.48  4566.73 3.77 3.58 -37.6 -0.402    19.70 21.75 02a57458o0772c       0  18.540684
57488.458570 19.696897      NaN   -11    16 c    0   1.14 232.76542 53.40535  5448.01  3372.26 4.26 3.86  -9.9 -0.410    19.51 21.53 02a57488o0430c       0  20.093705
57488.484780 19.197966      NaN    29    16 c    0   0.74 232.76542 53.40535  5764.63  3951.45 3.82 3.64 -17.7 -0.433    19.61 21.59 02a57488o0479c       0  20.093705
57488.491650 19.696897      NaN     1    16 c    0   0.87 232.76542 53.40535  4623.42  4531.69 3.84 3.58 -32.3 -0.428    19.60 21.59 02a57488o0493c       0  20.093705
57488.509713 19.696897      NaN   -15    16 c    0   1.00 232.76542 53.40535  4372.01  4551.35 3.92 3.62 -30.8 -0.420    19.59 21.58 02a57488o0529c       0  20.093705
57512.400522 19.841877      NaN    -9    14 c    0   1.10 232.76542 53.40535  6685.11  4507.33 3.99 3.91 -87.9 -0.402    19.53 21.58 02a57512o0381c       0  18.540684
57512.413362 19.841877      NaN   -20    14 c    0   1.02 232.76542 53.40535  6713.32  4536.72 3.91 3.79 -82.8 -0.408    19.56 21.59 02a57512o0407c       0  18.540684
57512.425097 19.696897      NaN   -12    16 c    0   0.68 232.76542 53.40535  6645.10  4459.29 3.79 3.71 -86.1 -0.414    19.59 21.58 02a57512o0430c       0  20.093705
57512.429452 19.696897      NaN   -10    16 c    0   0.70 232.76542 53.40535  6634.11  4574.84 3.87 3.78  87.4 -0.404    19.57 21.59 02a57512o0439c       0  20.093705
57512.446548 19.510313      NaN    16    14 c    0   1.06 232.76542 53.40535  3990.63  3585.04 4.10 3.76 -25.4 -0.399    19.61 21.66 02a57512o0474c       0  18.540684
57515.413551 19.631075      NaN     7    15 c    0   1.08 232.76542 53.40535  4468.46  1993.23 4.46 3.63 -10.9 -0.453    19.64 21.66 02a57515o0402c       0  19.306915
57515.415488 19.696897      NaN    -1    16 c    0   1.07 232.76542 53.40535  4498.58  2030.17 4.39 3.60 -10.9 -0.454    19.65 21.67 02a57515o0406c       0  20.093705
57515.427594 19.766969      NaN    -7    15 c    0   0.90 232.76542 53.40535  4434.09  1950.91 4.43 3.61 -10.4 -0.451    19.65 21.67 02a57515o0430c       0  19.306915
57515.442057 19.696897      NaN    -7    16 c    0   0.91 232.76542 53.40535  4428.61  2056.58 4.31 3.61  -9.9 -0.444    19.65 21.66 02a57515o0458c       0  20.093705
57515.449807 19.367717      NaN    21    15 c    0   1.05 232.76542 53.40535  4470.37  1999.69 4.25 3.54  -7.7 -0.452    19.66 21.65 02a57515o0474c       0  19.306915
57541.412081 19.302877      NaN    25    15 c    0   1.31 232.76542 53.40535  6967.52  7316.95 4.11 3.63  89.8 -0.428    19.57 21.68 02a57541o0457c       0  19.306915
57541.424917 19.841877      NaN    -2    14 c    0   0.97 232.76542 53.40535  6986.82  7206.14 3.93 3.46  87.0 -0.441    19.67 21.74 02a57541o0483c       0  18.540684
57541.433845 19.569016      NaN    13    14 c    0   1.01 232.76542 53.40535  6939.43  7267.03 3.97 3.47  86.9 -0.439    19.68 21.77 02a57541o0500c       0  18.540684
57545.368188 19.766969      NaN   -15    15 c    0   1.02 232.76542 53.40535  4003.94  6361.50 4.01 3.73 -65.6 -0.414    19.62 21.79 02a57545o0270c       0  19.306915
57545.376907 18.978793      NaN   -92    31 c    0   1.23 232.76542 53.40535  3979.56  6323.43 4.17 3.91 -68.9 -0.400    18.60 20.70 02a57545o0288c       0  33.298003
57545.393569 19.491430      NaN    17    14 c    0   1.08 232.76542 53.40535  4032.71  6405.03 4.00 3.72 -65.0 -0.413    19.58 21.73 02a57545o0321c       0  18.540684
57545.400079 19.766969      NaN    -2    15 c    0   0.97 232.76542 53.40535  4058.04  6294.67 4.09 3.78 -70.7 -0.401    19.55 21.71 02a57545o0334c       0  19.306915
57545.411908 19.351140      NaN    -6    22 c    0   0.99 232.76542 53.40535  4012.47  6351.83 4.05 3.75 -67.3 -0.413    19.15 21.24 02a57545o0358c       0  25.134776
57549.371464 19.696897      NaN   -46    16 c    0   0.95 232.76542 53.40535  5303.15  7927.90 4.05 3.74 -75.4 -0.428    19.55 21.57 02a57549o0159c       0  20.093705
57549.381163 19.766969      NaN   -27    15 c    0   0.97 232.76542 53.40535  5293.30  7889.96 4.09 3.90 -60.6 -0.418    19.57 21.69 02a57549o0179c       0  19.306915
57549.384551 19.841877      NaN   -22    14 c    0   1.16 232.76542 53.40535  5352.17  7968.72 4.05 3.74 -81.0 -0.427    19.63 21.74 02a57549o0186c       0  18.540684
57549.406879 19.766969      NaN    -5    15 c    0   0.91 232.76542 53.40535  5361.20  7855.11 4.06 3.65 -83.2 -0.427    19.68 21.84 02a57549o0229c       0  19.306915
57549.416485 19.841877      NaN    -1    14 c    0   1.06 232.76542 53.40535  5330.41  7914.03 4.01 3.65 -83.4 -0.427    19.67 21.82 02a57549o0248c       0  18.540684
57581.332968 19.183773      NaN    18    20 c    0   1.02 232.76542 53.40535  6646.01  5254.82 4.10 3.77  78.3 -0.443    19.13 20.80 02a57581o0169c       0  23.404208
57581.343235 19.287255      NaN     5    22 c    0   0.90 232.76542 53.40535  6636.27  5213.86 4.12 3.80 -89.5 -0.438    19.07 20.75 02a57581o0190c       0  25.134776
57581.344684 18.921935      NaN    33    22 c    0   1.04 232.76542 53.40535  6694.10  5292.76 4.15 3.79  87.7 -0.443    19.07 20.73 02a57581o0193c       0  25.134776
57581.365696 19.256669      NaN   -12    24 c    0   0.90 232.76542 53.40535  6705.75  5174.88 4.08 3.73  88.1 -0.444    18.98 20.58 02a57581o0236c       0  26.902732
57581.378459 18.990530      NaN    24    23 c    0   1.36 232.76542 53.40535  6671.34  5233.47 4.00 3.70  87.6 -0.446    18.93 20.53 02a57581o0262c       0  26.014553
57605.296478 19.631075      NaN    -3    17 c    0   0.86 232.76542 53.40535  6917.77  5320.12 4.76 4.55  88.0 -0.331    19.41 21.71 02a57605o0120c       0  20.898731
57605.298520 19.631075      NaN   -16    17 c    0   1.00 232.76542 53.40535  6895.89  5281.28 4.80 4.64  83.6 -0.360    19.40 21.73 02a57605o0124c       0  20.898731
57605.312903 19.287255      NaN    20    17 c    0   0.83 232.76542 53.40535  6951.19  5358.91 4.39 4.17  83.1 -0.371    19.45 21.70 02a57605o0152c       0  20.898731
57605.333445 19.841877      NaN    -5    14 c    0   1.19 232.76542 53.40535  6975.28  5241.75 4.17 4.00  83.6 -0.383    19.48 21.63 02a57605o0192c       0  18.540684
57605.343109 19.609992      NaN     2    17 c    0   1.12 232.76542 53.40535  6926.76  5295.97 4.52 4.38  87.2 -0.358    19.39 21.61 02a57605o0211c       0  20.898731
57609.289139 19.510313      NaN    -2    19 c    0   1.08 232.76542 53.40535  4182.48  8330.59 3.97 3.67 -65.8 -0.444    19.34 21.14 02a57609o0112c       0  22.555642
57609.301673 19.102305      NaN    21    21 c    0   1.16 232.76542 53.40535  4160.04  8288.12 4.02 3.70 -60.3 -0.441    19.32 21.15 02a57609o0134c       0  24.264315
57609.320289 19.226921      NaN    15    20 c    0   1.36 232.76542 53.40535  4215.91  8364.06 4.07 3.79 -59.6 -0.431    19.27 21.10 02a57609o0167c       0  23.404208
57609.331131 19.401649      NaN   -26    21 c    0   0.84 232.76542 53.40535  4236.92  8245.89 4.04 3.74 -62.8 -0.436    19.22 21.03 02a57609o0179c       0  24.264315
57609.340081 19.510313      NaN    -4    19 c    0   1.18 232.76542 53.40535  4202.74  8305.44 4.13 3.82 -60.3 -0.433    19.21 21.10 02a57609o0197c       0  22.555642
57625.268952 19.631075      NaN   -10    17 c    0   1.37 232.76542 53.40535  7436.37  8086.57 4.18 3.64  84.2 -0.431    19.57 21.58 02a57625o0030c       0  20.898731
57625.275406 19.510313      NaN     1    19 c    0   1.25 232.76542 53.40535  7424.58  8044.28 4.36 3.83  85.8 -0.431    19.51 21.58 02a57625o0041c       0  22.555642
57625.290930 19.436675      NaN     2    20 c    0   0.94 232.76542 53.40535  7480.21  8122.09 4.32 3.75  89.6 -0.414    19.48 21.49 02a57625o0068c       0  23.404208
57625.301625 19.419021      NaN     6    19 c    0   1.03 232.76542 53.40535  7490.17  8004.07 4.23 3.73  88.8 -0.409    19.49 21.50 02a57625o0087c       0  22.555642
57625.309686 19.351140      NaN     7    20 c    0   0.87 232.76542 53.40535  7455.63  8059.97 4.30 3.70  88.3 -0.417    19.50 21.52 02a57625o0101c       0  23.404208
57778.614083 19.922338      NaN   -10    13 c    0   1.07 232.76542 53.40535  4973.70  2139.89 3.78 3.66 -10.0 -0.406    19.76 21.78 02a57778o0648c       0  17.797668
57778.626912 19.226921      NaN    30    15 c    0   1.00 232.76542 53.40535  4985.50  2179.77 3.81 3.72 -17.8 -0.405    19.77 21.81 02a57778o0672c       0  19.306915
57778.639743 19.674510      NaN     8    14 c    0   1.27 232.76542 53.40535  4926.33  2102.52 3.88 3.81  -5.9 -0.404    19.77 21.84 02a57778o0696c       0  18.540684
57778.652506 19.922338      NaN     1    13 c    0   1.32 232.76542 53.40535  4914.23  2220.03 3.77 3.73 -16.3 -0.397    19.77 21.79 02a57778o0720c       0  17.797668
57778.665265 19.256669      NaN    28    15 c    0   1.06 232.76542 53.40535  4947.39  2163.62 3.80 3.76  -4.1 -0.394    19.59 21.44 02a57778o0744c       0  19.306915
57782.608992 19.922338      NaN   -18    13 c    0   1.08 232.76542 53.40535  5420.68  3149.08 3.80 3.69 -89.9 -0.380    19.78 21.87 02a57782o0797c       0  17.797668
57782.622902 19.922338      NaN    -4    13 c    0   1.12 232.76542 53.40535  5441.65  3188.69 3.78 3.67  90.0 -0.379    19.82 21.92 02a57782o0823c       0  17.797668
57782.636873 19.922338      NaN   -12    13 c    0   0.95 232.76542 53.40535  5382.77  3112.14 4.02 3.95 -87.5 -0.365    19.73 21.91 02a57782o0849c       0  17.797668
57782.650729 19.841877      NaN    -1    14 c    0   0.98 232.76542 53.40535  5359.33  3229.56 3.91 3.79  89.9 -0.371    19.77 21.90 02a57782o0875c       0  18.540684
57782.664668 19.766969      NaN    -2    15 c    0   1.15 232.76542 53.40535  5394.35  3173.59 3.99 3.90  88.6 -0.362    19.53 21.47 02a57782o0901c       0  19.306915
57786.603681 19.766969      NaN   -28    15 c    0   1.42 232.76542 53.40535  5167.92  1868.02 3.83 3.76 -11.4 -0.394    19.56 21.66 02a57786o0582c       0  19.306915
57786.616510 19.696897      NaN   -20    16 c    0   0.96 232.76542 53.40535  5192.48  1908.93 3.79 3.73 -16.6 -0.399    19.77 21.89 02a57786o0606c       0  20.093705
57786.629330 19.696897      NaN    13    12 c    0   1.08 232.76542 53.40535  5135.87  1834.01 3.84 3.75 -14.3 -0.397    19.85 22.01 02a57786o0630c       0  17.080895
57786.642228 19.696897      NaN    -6    16 c    0   0.87 232.76542 53.40535  5113.15  1953.60 3.77 3.71 -17.3 -0.399    19.74 21.86 02a57786o0654c       0  20.093705
57786.655089 16.841314      NaN  -295   222 c    0   1.27 232.76542 53.40535  5156.58  1895.10 3.76 3.73 -29.0 -0.404    16.92 18.69 02a57786o0678c       2 222.332537
57806.576227 19.922338      NaN   -12    13 c    0   1.29 232.76542 53.40535  6302.12  3083.16 3.72 3.66 -88.0 -0.393    19.77 21.82 02a57806o0666c       0  17.797668
57806.590088 19.510313      NaN    13    15 c    0   0.82 232.76542 53.40535  6324.10  3118.49 3.76 3.68  86.1 -0.388    19.73 21.76 02a57806o0692c       0  19.306915
57806.604013 19.922338      NaN   -14    13 c    0   0.99 232.76542 53.40535  6265.54  3042.34 3.73 3.63 -88.8 -0.390    19.72 21.71 02a57806o0718c       0  17.797668
57806.618068 20.009244      NaN    -3    12 c    0   1.53 232.76542 53.40535  6254.57  3164.34 3.76 3.65  81.8 -0.387    19.69 21.69 02a57806o0744c       0  17.080895
57806.631965 19.609992      NaN    11    14 c    0   1.06 232.76542 53.40535  6291.36  3107.90 3.72 3.62 -89.2 -0.388    19.71 21.68 02a57806o0770c       0  18.540684
57834.537842 19.922338      NaN   -12    13 c    0   1.28 232.76542 53.40535  5188.83  5101.09 3.77 3.60  80.3 -0.396    19.01 20.91 02a57834o0526c       0  17.797668
57834.550243 19.569016      NaN     7    16 c    0   1.06 232.76542 53.40535  5210.53  5143.36 3.90 3.72  77.5 -0.383    18.95 20.82 02a57834o0549c       0  20.093705
57834.564791 19.212347      NaN    22    18 c    0   0.96 232.76542 53.40535  5153.34  5064.65 3.94 3.75  75.7 -0.379    18.91 20.76 02a57834o0575c       0  21.719967
57834.579460 19.631075      NaN    -1    17 c    0   1.02 232.76542 53.40535  5130.76  5181.35 3.80 3.65  73.1 -0.393    18.92 20.73 02a57834o0601c       0  20.898731
57834.594351 19.142275      NaN    21    20 c    0   0.83 232.76542 53.40535  5304.49  5325.07 3.92 3.74  85.0 -0.378    18.91 20.73 02a57834o0627c       0  23.404208
57838.534474 19.841877      NaN   -10    14 c    0   1.11 232.76542 53.40535  6091.90  1843.43 3.94 3.88  82.7 -0.392    19.08 21.18 02a57838o0533c       0  18.540684
57838.537070 19.696897      NaN    -2    16 c    0   1.00 232.76542 53.40535  6118.98  1880.88 4.13 4.03 -90.0 -0.384    19.03 21.16 02a57838o0538c       0  20.093705
57838.557616 19.719755      NaN     3    15 c    0   0.99 232.76542 53.40535  6060.02  1805.56 3.79 3.70  76.4 -0.401    19.12 21.16 02a57838o0575c       0  19.306915
57838.572925 19.652575      NaN     9    14 c    0   1.36 232.76542 53.40535  6049.20  1924.04 3.85 3.75  78.7 -0.395    19.09 21.18 02a57838o0601c       0  18.540684
57838.587988 19.510313      NaN   -36    19 c    0   0.97 232.76542 53.40535  4402.64  8582.76 4.07 3.97  61.6 -0.398    19.04 21.19 02a57838o0627c       0  22.555642
57842.539627 19.367717      NaN    12    18 c    0   1.16 232.76542 53.40535  3730.97  5353.48 3.87 3.71  69.8 -0.387    19.05 21.05 02a57842o0473c    8192  21.719967
57862.535326 19.569016      NaN   -34    18 c    0   0.84 232.76542 53.40535  6442.04  5269.72 3.73 3.52  85.7 -0.396    18.75 20.16 02a57862o0641c       0  21.719967
57862.537747 19.631075      NaN    -5    17 c    0   0.84 232.76542 53.40535  6430.95  5230.89 3.65 3.46  87.0 -0.398    18.77 20.14 02a57862o0646c       0  20.898731
57862.551990 19.510313      NaN   -11    19 c    0   1.22 232.76542 53.40535  6477.66  5307.92 3.68 3.48  88.2 -0.403    18.75 20.13 02a57862o0675c       0  22.555642
57862.559262 19.569016      NaN    -3    18 c    0   1.10 232.76542 53.40535  6497.99  5192.11 3.74 3.50  86.5 -0.395    18.73 20.11 02a57862o0690c       0  21.719967
57862.567538 18.990530      NaN    39    18 c    0   1.17 232.76542 53.40535  6462.19  5249.02 3.71 3.48  88.0 -0.404    18.72 20.08 02a57862o0707c       0  21.719967
57870.536474 19.894850      NaN    14     9 c    0   1.11 232.76542 53.40535  4788.93  6848.05 2.44 2.29  32.8 -0.488    19.56 20.74 02a57870o0524c       0  15.124714
57870.552303 20.449472      NaN    -6     8 c    0   1.84 232.76542 53.40535  4777.94  6806.15 2.40 2.25  40.9 -0.501    19.55 20.72 02a57870o0554c       0  14.551872
57870.560659 20.321591      NaN    -3     9 c    0   1.05 232.76542 53.40535  4835.51  6884.10 2.46 2.33  40.5 -0.494    19.53 20.72 02a57870o0570c       0  15.124714
57870.571732 19.979496      NaN    11     9 c    0   0.86 232.76542 53.40535  4846.16  6768.10 2.47 2.32  45.1 -0.501    19.50 20.67 02a57870o0591c       0  15.124714
57870.588581 20.039830      NaN    12     8 c    0   1.80 232.76542 53.40535  4813.06  6824.02 2.48 2.33  36.0 -0.494    19.49 20.64 02a57870o0623c       0  14.551872
57894.429090 19.922338      NaN    16     8 c    0   1.04 232.76542 53.40535  4219.21  7981.00 2.48 2.31  13.7 -0.497    19.77 21.71 02a57894o0372c       0  14.551872
57894.458851 20.207197      NaN    -5    10 c    0   1.18 232.76542 53.40535  4195.96  7938.44 2.47 2.31  17.9 -0.506    19.62 21.49 02a57894o0428c       0  15.740298
57894.462001 20.103715      NaN   -15    11 c    0   1.48 232.76542 53.40535  4256.12  8019.24 2.47 2.33  13.2 -0.506    19.49 21.29 02a57894o0434c       0  16.393809
57894.485401 19.569016      NaN    19    12 c    0   0.58 232.76542 53.40535  4278.52  7899.38 2.42 2.26  11.0 -0.497    19.61 21.42 02a57894o0478c       0  17.080895
57894.497129 19.979496      NaN    14     8 c    0   1.45 232.76542 53.40535  4243.99  7961.24 2.41 2.25   9.4 -0.506    19.80 21.62 02a57894o0500c       0  14.551872
57898.431524 20.449472      NaN   -12     8 c    0   1.53 232.76542 53.40535  4751.83  6964.71 2.52 2.37  33.1 -0.501    19.82 21.76 02a57898o0218c       0  14.551872
57898.441718 20.449472      NaN   -15     8 c    0   1.42 232.76542 53.40535  4742.41  6927.08 2.52 2.36  31.4 -0.501    19.82 21.75 02a57898o0237c       0  14.551872
57898.460268 20.207197      NaN     4     9 c    0   1.22 232.76542 53.40535  4787.68  7001.31 2.64 2.48  36.8 -0.488    19.76 21.76 02a57898o0272c       0  15.124714
57898.480006 20.321591      NaN    -4     9 c    0   1.20 232.76542 53.40535  4809.08  6880.55 2.55 2.36  50.3 -0.499    19.75 21.73 02a57898o0308c       0  15.124714
57898.489443 20.321591      NaN   -15     9 c    0   1.11 232.76542 53.40535  4774.98  6940.54 2.62 2.41  43.2 -0.490    19.76 21.71 02a57898o0326c       0  15.124714
57902.427457 20.449472      NaN     1     8 c    0   1.53 232.76542 53.40535  7317.46  5874.22 2.71 2.61 -14.7 -0.420    19.79 21.68 02a57902o0377c       0  14.551872
57902.438171 19.743105      NaN    20     9 c    0   1.15 232.76542 53.40535  7304.85  5835.24 2.75 2.67 -21.3 -0.419    19.80 21.66 02a57902o0398c       0  15.124714
57902.440708 20.207197      NaN     1    10 c    0   1.12 232.76542 53.40535  7365.43  5918.63 2.71 2.61 -26.3 -0.422    19.70 21.52 02a57902o0403c       0  15.740298
57902.463378 19.287255      NaN     5    22 c    0   1.38 232.76542 53.40535  7375.91  5799.99 2.77 2.63 -27.2 -0.417    18.61 20.17 02a57902o0447c       0  25.134776
57902.474906 19.766969      NaN   -13    15 c    0   1.02 232.76542 53.40535  7341.87  5858.97 2.65 2.59 -24.2 -0.427    19.04 20.62 02a57902o0469c       0  19.306915
57984.268848 20.495680      NaN     3     7 c    0   1.28 232.76542 53.40535  4793.04  6113.90 2.38 2.27  42.4 -0.445    19.79 21.63 02a57984o0079c       0  14.027009
57984.272235 20.362567      NaN     6     7 c    0   1.44 232.76542 53.40535  4770.55  6073.07 2.33 2.21  41.2 -0.447    19.82 21.65 02a57984o0086c       0  14.027009
57984.283524 20.405150      NaN     5     7 c    0   1.57 232.76542 53.40535  4825.83  6152.03 2.33 2.24  42.6 -0.439    19.83 21.61 02a57984o0109c       0  14.027009
57984.296163 20.449472      NaN   -11     8 c    0   0.98 232.76542 53.40535  4846.52  6033.44 2.36 2.26  42.5 -0.438    19.78 21.58 02a57984o0135c       0  14.551872
57988.268961 20.071303      NaN    14     7 c    0   1.43 232.76542 53.40535  7239.23  8271.07 2.56 2.46  37.8 -0.427    19.80 21.64 02a57988o0077c       0  14.027009
57988.272416 20.321591      NaN    -1     9 c    0   0.96 232.76542 53.40535  7217.35  8232.48 2.60 2.52  36.4 -0.428    19.77 21.64 02a57988o0084c       0  15.124714
57988.284235 20.594452      NaN    -9     7 c    0   1.44 232.76542 53.40535  7272.48  8309.91 2.71 2.60  39.1 -0.410    19.71 21.60 02a57988o0108c       0  14.027009
57988.296995 20.321591      NaN    -4     9 c    0   1.24 232.76542 53.40535  7293.45  8192.14 2.75 2.64  39.4 -0.414    19.65 21.53 02a57988o0134c       0  15.124714
58012.224668 18.990530      NaN    21    24 c    0   0.78 232.76542 53.40535  6947.09   909.27 2.60 2.45  60.0 -0.416    18.89 20.05 02a58012o0023c       0  26.902732
58012.228926 18.944322      NaN    16    27 c    0   1.04 232.76542 53.40535  6924.52   868.41 2.66 2.49  59.5 -0.415    18.52 19.74 02a58012o0032c       0  29.610082
58012.235984 18.582238      NaN    51    28 c    0   1.04 232.76542 53.40535  6981.26   945.58 2.66 2.49  62.4 -0.416    18.48 19.78 02a58012o0047c       0  30.524695
58012.244416 18.649074      NaN   -43    42 c    0   1.11 232.76542 53.40535  7003.09   827.58 2.65 2.50  66.7 -0.408    18.37 19.67 02a58012o0065c       0  43.723643
58020.272344 19.766969      NaN    13    11 c    0   0.97 232.76542 53.40535  8141.44  2175.89 2.54 2.41  48.9 -0.450    19.56 21.04 02a58020o0082c       0  16.393809
58020.280324 20.103715      NaN   -11    11 c    0   1.15 232.76542 53.40535  8115.96  2136.95 2.52 2.41  50.0 -0.447    19.48 20.98 02a58020o0099c       0  16.393809
58020.288279 20.103715      NaN    -5    11 c    0   1.27 232.76542 53.40535  8172.03  2221.96 2.55 2.44  45.5 -0.442    19.48 20.98 02a58020o0116c       0  16.393809
58020.295719 19.894850      NaN    11    10 c    0   1.36 232.76542 53.40535  8194.76  2108.12 2.62 2.50  42.4 -0.440    19.48 20.97 02a58020o0132c       0  15.740298
58196.572526 15.832856      NaN  -315   562 c    0   1.06 232.76542 53.40535   826.85  8201.54 2.64 2.42   5.0 -0.443    15.35 17.30 02a58196o0734c 8388610 562.131441
58224.539937 20.321591      NaN    -7     9 c    0   0.80 232.76542 53.40535  7765.58  2423.10 2.61 2.46 -62.7 -0.403    19.74 21.49 02a58224o0184c       0  15.124714
58224.556119 20.071303      NaN     5    10 c    0   0.83 232.76542 53.40535  7740.86  2383.63 2.63 2.43  55.7 -0.416    19.70 21.41 02a58224o0219c       0  15.740298
58224.558405 20.171596      NaN     2    10 c    0   1.17 232.76542 53.40535  7805.84  2462.20 2.74 2.44 -52.4 -0.396    19.69 21.38 02a58224o0224c       0  15.740298
58224.567240 20.449472      NaN    -3     8 c    0   1.21 232.76542 53.40535  7818.63  2345.89 2.58 2.45  62.1 -0.414    19.71 21.39 02a58224o0243c       0  14.551872
58256.472175 20.449472      NaN   -10     8 c    0   0.88 232.76542 53.40535  7837.31  3807.01 2.63 2.50  64.2 -0.411    19.82 21.82 02a58256o0371c       0  14.551872
58256.474458 20.137125      NaN     9     8 c    0   1.21 232.76542 53.40535  7812.92  3768.04 2.56 2.48  86.8 -0.414    19.82 21.81 02a58256o0376c       0  14.551872
58256.489191 20.449472      NaN    -1     8 c    0   1.11 232.76542 53.40535  7870.31  3848.16 2.66 2.52  53.8 -0.415    19.75 21.77 02a58256o0407c       0  14.551872
58256.496649 20.449472      NaN    -7     8 c    0   1.02 232.76542 53.40535  7892.50  3731.03 2.63 2.52  62.3 -0.407    19.79 21.76 02a58256o0423c       0  14.551872
58280.427747 19.766969      NaN    22     8 c    0   0.85 232.76542 53.40535   173.02  3385.08 2.42 2.31  26.6 -0.411    19.78 21.74 02a58280o0396c       0  14.551872
58280.429120 20.362567      NaN     3     8 c    0   1.64 232.76542 53.40535 10064.95  3469.99 2.62 2.48  69.4 -0.448    19.79 21.76 02a58280o0399c       0  14.551872
58280.430041 20.039830      NaN    15     7 c    0   1.17 232.76542 53.40535   161.35  3347.26 2.45 2.31  43.4 -0.424    19.69 21.64 02a58280o0401c       0  14.027009
58280.451016 18.110074      NaN     4    68 c    0   1.58 232.76542 53.40535 10101.49  3509.74 2.72 2.48  63.5 -0.447    18.04 19.75 02a58280o0446c       2  69.077905
58280.452400 17.033415      NaN   -30   186 c    0   1.30 232.76542 53.40535   242.41  3321.03 2.39 2.27  52.8 -0.429    16.33 17.78 02a58280o0449c       2 186.396773
58280.462524 18.684100      NaN    18    35 c    0   0.92 232.76542 53.40535 10125.25  3395.69 2.87 2.65  61.8 -0.422    18.46 20.23 02a58280o0470c       0  37.050735
58284.427580 20.594452      NaN   -21     7 c    0   1.16 232.76542 53.40535  7463.30  4083.73 2.47 2.40  79.7 -0.418    19.82 21.77 02a58284o0394c       0  14.027009
58284.443450 20.594452      NaN     0     7 c    0   1.44 232.76542 53.40535  7439.94  4043.93 2.46 2.37  60.6 -0.423    19.85 21.74 02a58284o0428c       0  14.027009
58284.447585 20.207197      NaN     7     8 c    0   1.09 232.76542 53.40535  7497.27  4120.83 2.46 2.34  69.5 -0.428    19.80 21.71 02a58284o0437c       0  14.551872
58284.459386 20.449472      NaN    -7     8 c    0   0.93 232.76542 53.40535  7520.94  4007.82 2.49 2.38  59.5 -0.423    19.80 21.66 02a58284o0462c       0  14.551872
58308.370881 20.321591      NaN    -7     9 c    0   0.92 232.76542 53.40535   346.59  2368.48 2.50 2.44  18.6 -0.440    19.76 21.74 02a58308o0027c       0  15.124714
58308.385415 20.405150      NaN     5     7 c    0   1.47 232.76542 53.40535   321.01  2327.94 2.43 2.28  40.9 -0.444    19.74 21.70 02a58308o0058c       0  14.027009
58308.387312 20.594452      NaN    -5     7 c    0   1.46 232.76542 53.40535 10235.16  2453.25 2.70 2.56 -35.7 -0.417    19.74 21.77 02a58308o0062c       0  14.027009
58308.390977 20.207197      NaN     7     8 c    0   1.28 232.76542 53.40535 10210.64  2412.22 2.80 2.59  60.0 -0.432    19.74 21.74 02a58308o0070c       0  14.551872
58308.392348 20.009244      NaN    13     8 c    0   1.25 232.76542 53.40535   378.10  2401.15 2.50 2.31  38.2 -0.443    19.74 21.67 02a58308o0073c       0  14.551872
58308.403217 20.594452      NaN   -17     7 c    0   1.26 232.76542 53.40535   401.42  2283.75 2.65 2.46  40.0 -0.437    19.73 21.65 02a58308o0096c       0  14.027009
58308.413416 20.244005      NaN     6     8 c    0   1.72 232.76542 53.40535 10261.72  2495.93 2.95 2.70  47.5 -0.433    19.68 21.73 02a58308o0114c       0  14.551872
58308.424791 20.321591      NaN    -7     9 c    0   1.37 232.76542 53.40535 10288.62  2377.76 2.89 2.49  51.1 -0.440    19.77 21.68 02a58308o0136c       0  15.124714
58312.374209 20.207197      NaN    10     7 c    0   1.79 232.76542 53.40535  9805.92  2487.06 2.60 2.47  79.4 -0.429    19.80 21.83 02a58312o0280c       0  14.027009
58312.389732 20.321591      NaN     7     7 c    0   1.74 232.76542 53.40535  9782.85  2447.41 2.64 2.54  75.4 -0.423    19.77 21.76 02a58312o0313c       0  14.027009
58312.395696 20.321591      NaN     4     8 c    0   1.43 232.76542 53.40535  9849.68  2526.63 2.61 2.52  69.3 -0.425    19.80 21.74 02a58312o0326c       0  14.551872
58312.406992 20.137125      NaN     6     9 c    0   1.32 232.76542 53.40535  9862.72  2412.54 2.73 2.56  60.1 -0.427    19.71 21.63 02a58312o0350c       0  15.124714
58316.373456 20.103715      NaN    -1    11 c    0   1.26 232.76542 53.40535  7900.52  1868.10 3.59 3.49 -80.0 -0.398    19.52 21.70 02a58316o0280c       0  16.393809
58316.388466 19.979496      NaN     5    11 c    0   1.07 232.76542 53.40535  7877.08  1828.04 3.57 3.50 -88.7 -0.370    19.41 21.65 02a58316o0312c       0  16.393809
58316.393986 20.449472      NaN    -1     8 c    0   1.17 232.76542 53.40535  7944.15  1905.53 2.80 2.69  88.1 -0.396    19.64 21.65 02a58316o0324c       0  14.551872
58344.323224 20.207197      NaN     4     9 c    0   1.24 232.76542 53.40535  8642.34  1147.07 2.72 2.64  42.0 -0.405    19.67 21.60 02a58344o0196c       0  15.124714
58344.332295 20.071303      NaN     8     9 c    0   1.30 232.76542 53.40535  8618.60  1105.54 2.61 2.53  89.5 -0.406    19.67 21.57 02a58344o0215c       0  15.124714
58344.338478 20.449472      NaN    -1     8 c    0   1.68 232.76542 53.40535  8687.55  1184.48 2.73 2.59  55.8 -0.403    19.65 21.60 02a58344o0228c       0  14.551872
58344.349576 19.791368      NaN    15    10 c    0   1.53 232.76542 53.40535  8698.46  1066.96 2.76 2.60  50.1 -0.410    19.65 21.54 02a58344o0252c       0  15.740298
58376.247004 19.841877      NaN    10    11 c    0   1.53 232.76542 53.40535   457.86   631.99 2.81 2.60  46.2 -0.464    19.31 20.73 02a58376o0075c       0  16.393809
58376.252747 19.868040      NaN     6    12 c    0   1.27 232.76542 53.40535  7378.98 10325.81 2.85 2.62  22.2 -0.386    19.40 20.82 02a58376o0087c       0  17.080895
58376.256143 19.922338      NaN   -19    13 c    0   0.85 232.76542 53.40535   446.56   591.59 2.63 2.47  47.4 -0.473    19.31 20.73 02a58376o0094c       0  17.797668
58376.258552 19.841877      NaN    -2    14 c    0   1.45 232.76542 53.40535 10386.44   733.95 2.67 2.66 -37.9 -0.400    19.41 20.89 02a58376o0099c       0  18.540684
58376.261887 20.009244      NaN   -11    12 c    0   0.94 232.76542 53.40535  7365.66 10284.03 2.74 2.54  24.8 -0.403    19.43 20.85 02a58376o0106c       0  17.080895
58376.265226 20.207197      NaN   -19    10 c    0   1.46 232.76542 53.40535   506.62   665.06 2.41 2.25  55.7 -0.493    19.35 20.74 02a58376o0113c       0  15.740298
58376.267606 19.155932      NaN    26    18 c    0   0.95 232.76542 53.40535 10362.47   692.21 2.61 2.44  43.9 -0.402    19.49 20.88 02a58376o0118c       0  21.719967
58376.270971 19.922338      NaN     4    12 c    0   1.06 232.76542 53.40535  7411.71 10363.83 2.76 2.50  21.5 -0.394    19.43 20.82 02a58376o0125c       0  17.080895
58376.274354 19.609992      NaN    14    13 c    0   1.02 232.76542 53.40535   531.68   541.78 2.72 2.35  40.6 -0.474    19.34 20.68 02a58376o0132c       0  17.797668
58376.276663 19.367717 0.317369    66    19 c    0   0.87 232.76542 53.40535 10419.90   772.66 2.55 2.53  16.0 -0.403    19.35 20.71 02a58376o0137c       0  22.555642
58376.279962 19.696897      NaN   -30    16 c    0   1.24 232.76542 53.40535  7436.09 10242.38 2.72 2.47  24.4 -0.414    19.06 20.34 02a58376o0144c       0  20.093705
58376.285796 19.569016      NaN   -42    18 c    0   1.24 232.76542 53.40535 10445.67   652.29 2.59 2.52  26.4 -0.378    19.05 20.31 02a58376o0156c       0  21.719967
58396.225509 20.207197      NaN    -3    10 c    0   1.79 232.76542 53.40535  8847.86  3664.61 2.58 2.46 -48.5 -0.418    19.36 20.88 02a58396o0059c       0  15.740298
58396.234423 19.791368      NaN     3    14 c    0   1.21 232.76542 53.40535  8823.73  3625.42 2.52 2.43 -44.0 -0.429    19.28 20.74 02a58396o0078c       0  18.540684
58396.243243 19.401649      NaN    22    14 c    0   1.25 232.76542 53.40535  8880.36  3706.43 2.73 2.58 -44.4 -0.407    19.23 20.72 02a58396o0097c       0  18.540684
58396.252018 19.472870      NaN     6    18 c    0   0.85 232.76542 53.40535  8904.76  3587.30 2.65 2.58 -38.1 -0.423    19.17 20.66 02a58396o0116c       0  21.719967
58400.205719 19.076453      NaN    14    24 c    0   1.32 232.76542 53.40535   250.97  1429.29 2.46 2.30  67.6 -0.523    18.41 19.26 02a58400o0022c       0  26.902732
58400.210068 19.922338      NaN    -1    13 c    0   1.06 232.76542 53.40535   238.48  1387.07 2.47 2.28  56.0 -0.499    19.05 20.23 02a58400o0031c       0  17.797668
58400.215026 19.510313      NaN    22    12 c    0   1.20 232.76542 53.40535 10157.07  1526.76 2.63 2.54 -11.4 -0.416    19.51 21.02 02a58400o0041c       0  17.080895
58400.216879 19.491430      NaN    23    12 c    0   0.94 232.76542 53.40535   296.73  1481.42 2.56 2.30  45.2 -0.485    19.44 20.95 02a58400o0045c       0  17.080895
58400.223166 19.351140      NaN    28    13 c    0   0.81 232.76542 53.40535 10133.03  1485.99 2.71 2.60  11.6 -0.418    19.48 21.18 02a58400o0058c       0  17.797668
58400.225486 20.103715      NaN    -5    11 c    0   0.96 232.76542 53.40535   318.96  1367.78 2.52 2.34  49.6 -0.502    19.41 21.00 02a58400o0063c       0  16.393809
58400.232046 19.816329      NaN     8    12 c    0   1.04 232.76542 53.40535 10190.34  1565.24 2.79 2.61  25.4 -0.410    19.47 21.13 02a58400o0077c       0  17.080895
58400.240423 19.922338      NaN    -7    13 c    0   1.40 232.76542 53.40535 10214.38  1449.54 2.93 2.75  23.4 -0.413    19.44 21.07 02a58400o0095c       0  17.797668
58576.585343 20.449472      NaN   -20     8 c    0   1.34 232.76542 53.40535   466.18  8166.69 2.54 2.15 -43.3 -0.427    19.76 21.86 02a58576o0779c       0  14.551872
58576.596323 20.321591      NaN     1     8 c    0   1.01 232.76542 53.40535   443.82  8127.38 2.49 2.11 -43.4 -0.415    19.77 21.83 02a58576o0802c       0  14.551872
58576.602567 20.039830      NaN     9     8 c    0   1.63 232.76542 53.40535  9348.02  8125.28 2.78 2.44 -62.5 -0.403    19.76 21.84 02a58576o0815c       0  14.551872
58576.607271 20.594452      NaN    -7     7 c    0   1.11 232.76542 53.40535   499.48  8200.08 2.36 2.06 -42.3 -0.432    19.75 21.79 02a58576o0825c       0  14.027009
58576.613469 20.449472      NaN    -3     8 c    0   1.42 232.76542 53.40535  9321.92  8084.18 2.79 2.46 -60.5 -0.406    19.78 21.82 02a58576o0838c       0  14.551872
58576.618289 19.841877      NaN    16     8 c    0   1.09 232.76542 53.40535   522.88  8082.49 2.57 2.06 -47.9 -0.431    19.77 21.77 02a58576o0848c       0  14.551872
58576.624366 20.321591      NaN   -12     9 c    0   1.05 232.76542 53.40535  9378.70  8163.24 2.72 2.48 -59.6 -0.407    19.77 21.78 02a58576o0861c       0  15.124714
58576.635230 20.244005      NaN     0     9 c    0   1.40 232.76542 53.40535  9397.22  8049.06 2.71 2.50 -65.1 -0.403    19.66 21.36 02a58576o0884c       0  15.124714
58580.566167 20.137125      NaN     6     8 c    0   1.13 232.76542 53.40535   470.18  6221.09 2.39 2.27 -22.1 -0.383    19.70 21.45 02a58580o0736c       0  14.551872
58580.572722 20.244005 0.336953    27     9 c    0   1.40 232.76542 53.40535   446.52  6186.38 2.47 2.27 -42.5 -0.388    19.67 21.43 02a58580o0750c       0  15.124714
58580.573648 20.321591      NaN    -9     9 c    0   1.12 232.76542 53.40535  9533.55  6191.74 2.72 2.38  40.8 -0.399    19.64 21.46 02a58580o0752c       0  15.124714
58580.583683 20.207197      NaN    -7    10 c    0   0.87 232.76542 53.40535   502.27  6259.06 2.47 2.22 -48.0 -0.405    19.63 21.39 02a58580o0773c       0  15.740298
58580.584142 20.207197      NaN    -4    10 c    0   1.07 232.76542 53.40535  9509.54  6150.83 2.64 2.54  87.8 -0.415    19.64 21.43 02a58580o0774c       0  15.740298
58580.594008 20.594452      NaN    -4     7 c    0   1.72 232.76542 53.40535   524.75  6138.74 2.45 2.19 -48.6 -0.414    19.65 21.40 02a58580o0795c       0  14.027009
58580.595005 20.207197      NaN    -6    10 c    0   1.04 232.76542 53.40535  9564.30  6232.46 2.70 2.59 -76.4 -0.411    19.62 21.44 02a58580o0797c       0  15.740298
58580.605451 20.321591      NaN    -7     9 c    0   1.30 232.76542 53.40535  9586.01  6115.90 2.70 2.56 -84.4 -0.409    19.65 21.46 02a58580o0819c       0  15.124714
58604.504989 20.039830      NaN     6     9 c    0   1.32 232.76542 53.40535  1005.60  2307.89 2.46 2.25 -52.4 -0.418    19.67 21.62 02a58604o0512c       0  15.124714
58604.508196 20.449472      NaN   -16     8 c    0   1.53 232.76542 53.40535   991.82  2269.90 2.55 2.25 -50.4 -0.422    19.64 21.62 02a58604o0519c       0  14.551872
58604.521942 20.137125      NaN     0    10 c    0   0.88 232.76542 53.40535  1050.59  2342.19 2.57 2.28 -50.1 -0.418    19.60 21.54 02a58604o0548c       0  15.740298
58604.523314 19.868040      NaN     0    13 c    0   1.05 232.76542 53.40535 10503.75  2354.15 2.65 2.20 -60.1 -0.429    19.64 21.56 02a58604o0551c       0  17.797668
58604.526071 20.207197      NaN   -18    10 c    0   1.32 232.76542 53.40535 10479.09  2314.20 2.62 2.19 -59.9 -0.425    19.62 21.55 02a58604o0557c       0  15.740298
58604.528394 20.321591      NaN    -8     9 c    0   1.83 232.76542 53.40535  1072.39  2224.55 2.58 2.19 -54.5 -0.426    19.61 21.51 02a58604o0562c       0  15.124714
58612.465768 20.449472      NaN    -4     8 c    0   1.27 232.76542 53.40535  3250.58  5060.68 2.48 2.24  31.9 -0.398    19.80 21.70 02a58612o0503c       0  14.551872
58612.467597 20.594452      NaN    -8     7 c    0   1.16 232.76542 53.40535  3231.45  5023.57 2.56 2.23  35.0 -0.397    19.79 21.70 02a58612o0507c       0  14.027009
58612.472184 20.207197      NaN     4     8 c    0   1.21 232.76542 53.40535  3289.36  5098.06 2.64 2.23  35.2 -0.387    19.76 21.69 02a58612o0517c       0  14.551872
58612.495364 20.449472      NaN    -4     8 c    0   1.18 232.76542 53.40535  3300.18  4976.70 2.46 2.22  35.3 -0.406    19.77 21.69 02a58612o0566c       0  14.551872
58636.335164 20.244005      NaN     0     9 c    0   1.12 232.76542 53.40535  6712.89  9301.53 3.08 2.44  50.0 -0.391    19.68 21.77 02a58636o0226c       0  15.124714
58636.352082 19.841877      NaN    10    10 c    0   0.86 232.76542 53.40535  6738.19  9344.05 2.82 2.49  54.1 -0.399    19.78 21.80 02a58636o0262c       0  15.740298
58636.354824 20.207197      NaN   -13    10 c    0   1.06 232.76542 53.40535  6681.76  9263.79 2.76 2.60  53.7 -0.401    19.72 21.78 02a58636o0268c       0  15.740298
58636.359854 20.171596      NaN     2     9 c    0   0.98 232.76542 53.40535  6660.95  9383.42 2.74 2.55  49.8 -0.407    19.73 21.78 02a58636o0279c       0  15.124714
58664.408588 20.207197      NaN     1     9 c    0   0.67 232.76542 53.40535  5848.76  9589.60 2.71 2.31  44.9 -0.398    19.79 21.88 02a58664o0367c       0  15.124714
58664.411982 20.449472      NaN   -20     8 c    0   1.83 232.76542 53.40535  5831.51  9553.17 2.45 2.42  60.3 -0.424    19.86 21.88 02a58664o0374c       0  14.551872
58664.418048 20.071303      NaN     8     8 c    0   1.41 232.76542 53.40535  5885.65  9629.77 2.61 2.39  46.1 -0.408    19.82 21.86 02a58664o0387c       0  14.551872
58664.428705 20.171596      NaN     5     8 c    0   1.60 232.76542 53.40535  5894.71  9509.99 2.90 2.37  45.1 -0.389    19.70 21.85 02a58664o0409c       0  14.551872
58668.375251 20.449472      NaN   -11     8 c    0   1.12 232.76542 53.40535  1568.23  3079.05 2.51 2.30  35.3 -0.407    19.72 21.64 02a58668o0290c       0  14.551872
58668.378472 20.594452      NaN   -15     7 c    0   1.13 232.76542 53.40535  1547.84  3039.82 2.36 2.33 -68.9 -0.412    19.78 21.62 02a58668o0297c       0  14.027009
58668.384071 20.449472      NaN   -11     8 c    0   1.35 232.76542 53.40535  1606.58  3114.36 2.40 2.36  45.1 -0.405    19.72 21.60 02a58668o0309c       0  14.551872
58668.394050 20.449472      NaN    -9     8 c    0   0.78 232.76542 53.40535  1623.27  2997.63 2.35 2.29  57.0 -0.412    19.78 21.62 02a58668o0330c       0  14.551872
58692.339231 20.039830      NaN     6     9 c    0   1.00 232.76542 53.40535  3514.80  3405.36 2.34 2.24  51.5 -0.404    19.80 21.76 02a58692o0220c       0  15.124714
58692.342348 20.362567      NaN     3     7 c    0   1.40 232.76542 53.40535  3489.32  3367.88 2.48 2.27  41.2 -0.399    19.76 21.75 02a58692o0226c       0  14.027009
58692.348656 20.594452      NaN    -7     7 c    0   1.88 232.76542 53.40535  3552.75  3447.43 2.42 2.32 -32.6 -0.403    19.68 21.72 02a58692o0239c       0  14.027009
58692.358543 20.449472      NaN     1     7 c    0   1.63 232.76542 53.40535  3568.17  3332.06 2.38 2.28  50.4 -0.401    19.68 21.65 02a58692o0259c       0  14.027009
58696.308940 20.449472      NaN   -12     8 c    0   1.36 232.76542 53.40535  3521.41  3400.04 2.47 2.38  41.1 -0.396    19.78 21.89 02a58696o0163c       0  14.551872
58696.312154 20.594452      NaN    -4     7 c    0   1.21 232.76542 53.40535  3501.25  3360.68 2.58 2.53  60.2 -0.394    19.73 21.89 02a58696o0170c       0  14.027009
58696.318920 19.979496      NaN    14     7 c    0   1.46 232.76542 53.40535  3562.17  3440.22 2.61 2.32 -55.9 -0.402    19.74 21.87 02a58696o0184c       0  14.027009
58696.328787 20.321591      NaN     4     7 c    0   0.87 232.76542 53.40535  3578.68  3320.51 2.52 2.36 -57.8 -0.395    19.75 21.84 02a58696o0205c       0  14.027009
58700.372571 20.039830      NaN     6     9 c    0   1.04 232.76542 53.40535  7059.30  5337.05 2.69 2.34  37.9 -0.381    19.71 21.70 02a58700o0301c       0  15.124714
58700.375936 20.321591      NaN   -14     9 c    0   0.97 232.76542 53.40535  7043.51  5302.05 2.83 2.48  14.2 -0.392    19.65 21.69 02a58700o0308c       0  15.124714
58700.381071 19.950541      NaN    12     8 c    0   1.26 232.76542 53.40535  7099.95  5379.34 2.58 2.34  37.7 -0.389    19.76 21.70 02a58700o0319c       0  14.551872
58700.392845 20.449472      NaN   -14     8 c    0   1.48 232.76542 53.40535  7117.27  5261.91 2.69 2.35  36.8 -0.383    19.68 21.58 02a58700o0344c       0  14.551872
58704.282334 19.766969      NaN   -23    15 c    0   1.15 232.76542 53.40535  7076.31  5346.29 2.78 2.34  38.3 -0.369    19.07 20.21 02a58704o0114c       0  19.306915
58704.285560 19.454622      NaN   -35    20 c    0   1.17 232.76542 53.40535  7057.33  5307.04 2.70 2.41  41.5 -0.373    18.90 20.14 02a58704o0121c       0  23.404208
58704.292533 19.491430      NaN    11    15 c    0   0.98 232.76542 53.40535  7113.67  5385.96 2.66 2.32  42.2 -0.373    19.18 20.33 02a58704o0136c       0  19.306915
58704.302753 19.652575      NaN     9    13 c    0   1.23 232.76542 53.40535  7130.72  5270.27 2.52 2.29  41.5 -0.382    19.23 20.33 02a58704o0158c       0  17.797668
58708.351795 19.128787      NaN   -45    27 c    0   1.14 232.76542 53.40535  9950.49  1564.03 2.49 2.24 -51.9 -0.425    18.44 19.27 02a58708o0272c       0  29.610082
58708.355101 18.806434      NaN    17    30 c    0   1.19 232.76542 53.40535  9930.10  1523.46 2.48 2.23 -52.0 -0.420    18.46 19.26 02a58708o0279c       0  32.369074
58708.361641 19.014394      NaN   -71    30 c    0   1.10 232.76542 53.40535  9990.07  1601.50 2.47 2.30 -46.0 -0.415    18.45 19.23 02a58708o0293c       0  32.369074
58708.371973 18.542463      NaN    23    38 c    0   0.74 232.76542 53.40535 10011.43  1487.35 2.59 2.29 -49.3 -0.423    18.34 19.16 02a58708o0315c       0  39.896829
58720.235608 19.089302      NaN    28    18 c    0   1.15 232.76542 53.40535  1027.22  7383.40 2.36 2.17 -37.6 -0.424    18.84 19.80 02a58720o0036c       0  21.719967
58720.239699 19.674510      NaN    14    11 c    0   1.26 232.76542 53.40535  1003.48  7351.77 2.58 2.27  23.0 -0.396    19.30 20.71 02a58720o0044c       0  16.393809
58720.244925 20.207197      NaN   -10    10 c    0   1.13 232.76542 53.40535  1060.07  7414.59 2.35 2.13 -41.0 -0.431    19.69 21.32 02a58720o0055c       0  15.740298
58720.255664 20.103715      NaN   -18    11 c    0   0.98 232.76542 53.40535  1074.69  7292.80 2.35 2.27   8.7 -0.412    18.85 20.79 02a58720o0077c       0  16.393809
58720.256577 18.489118      NaN    45    33 c    0   1.03 232.76542 53.40535 10497.53  7439.03 2.61 2.58 -61.5 -0.412    19.75 21.62 02a58720o0079c       0  35.167556
58720.259817 19.419021      NaN    27    11 c    0   0.91 232.76542 53.40535 10478.48  7398.29 2.62 2.60  80.6 -0.405    19.77 21.62 02a58720o0086c       0  16.393809
58724.286779 20.103715      NaN     4     9 c    0   1.16 232.76542 53.40535  9488.81  3200.47 2.52 2.51 -25.6 -0.402    19.74 21.67 02a58724o0151c       0  15.124714
58724.290928 20.321591      NaN    -9     9 c    0   1.15 232.76542 53.40535  9469.33  3162.38 2.52 2.47 -64.2 -0.398    19.72 21.65 02a58724o0160c       0  15.124714
58724.296500 20.171596      NaN     5     8 c    0   1.21 232.76542 53.40535  9529.39  3241.32 2.58 2.49 -66.3 -0.408    19.72 21.62 02a58724o0172c       0  14.551872
58724.307180 20.321591      NaN   -21     9 c    0   1.40 232.76542 53.40535  9551.06  3123.60 2.50 2.49 -27.4 -0.405    19.66 21.54 02a58724o0195c       0  15.124714
58728.230949 19.419021      NaN     6    18 c    0   1.09 232.76542 53.40535  9512.69  3203.65 2.96 2.71  36.3 -0.379    18.88 20.22 02a58728o0016c       0  21.719967
58728.234376 19.922338      NaN    -3    13 c    0   0.85 232.76542 53.40535  9492.03  3163.57 2.87 2.57  29.5 -0.385    19.34 20.88 02a58728o0023c       0  17.797668
58728.239571 20.103715      NaN   -14    11 c    0   0.86 232.76542 53.40535  9549.83  3244.01 2.70 2.47  25.1 -0.391    19.59 21.40 02a58728o0034c       0  16.393809
58728.250394 19.472870      NaN    27    10 c    0   0.98 232.76542 53.40535  9566.38  3125.85 2.63 2.52  28.2 -0.394    19.67 21.58 02a58728o0057c       0  15.740298
58756.221589 19.589310      NaN    12    13 c    0   1.65 232.76542 53.40535  4004.63  9693.26 2.78 2.54 -50.1 -0.385    19.20 20.69 02a58756o0056c       0  17.797668
58756.224882 19.696897      NaN   -15    16 c    0   1.17 232.76542 53.40535  3986.62  9654.95 2.95 2.68 -50.0 -0.397    19.23 20.77 02a58756o0063c       0  20.093705
58756.231203 19.367717      NaN     9    18 c    0   1.02 232.76542 53.40535  4040.33  9735.34 2.78 2.64 -47.6 -0.391    19.31 20.81 02a58756o0076c       0  21.719967
58756.243854 19.128787      NaN    16    21 c    0   1.33 232.76542 53.40535  4060.25  9620.33 3.84 3.75 -57.6 -0.337    18.89 20.71 02a58756o0103c       0  24.264315
58872.562515 19.894850      NaN    11     9 c    0   1.15 232.76542 53.40535  9005.48  7479.31 2.77 2.61  31.2 -0.392    19.75 21.89 02a58872o0781c       0  15.124714
58872.565564 20.137125      NaN     3     9 c    0   1.18 232.76542 53.40535  9025.80  7515.66 2.74 2.60 -48.2 -0.402    19.77 21.89 02a58872o0787c       0  15.124714
58872.571340 20.071303      NaN     8     8 c    0   1.28 232.76542 53.40535  8955.87  7445.40 2.99 2.52  32.8 -0.382    19.72 21.91 02a58872o0798c       0  14.551872
58872.581314 20.449472      NaN    -2     8 c    0   1.32 232.76542 53.40535  8938.10  7562.69 2.79 2.65  34.4 -0.393    19.77 21.96 02a58872o0817c       0  14.551872
58884.626658 20.761819      NaN    -4     6 c    0   1.42 232.76542 53.40535  1957.39  3641.97 2.56 2.23  41.6 -0.400    19.79 21.97 02a58884o0895c       0  13.555699
58884.632122 20.449472      NaN     1     8 c    0   0.77 232.76542 53.40535  1980.00  3678.10 2.56 2.25  47.5 -0.400    19.79 22.00 02a58884o0906c       0  14.551872
58884.635471 20.207197      NaN     7     8 c    0   1.20 232.76542 53.40535  1926.19  3597.72 2.46 2.27 -56.1 -0.413    19.78 21.99 02a58884o0913c       0  14.551872
58884.647061 20.647425      NaN     3     6 c    0   1.44 232.76542 53.40535  1913.31  3716.50 2.42 2.24 -62.1 -0.420    19.83 21.97 02a58884o0937c       0  13.555699
58900.645122 19.529530      NaN    21    12 c    0   1.37 232.76542 53.40535  3517.94  5240.42 2.68 2.61 -77.0 -0.390    19.14 21.12 02a58900o0871c       0  17.080895
58900.649256 19.569016      NaN    -3    18 c    0   1.00 232.76542 53.40535  3538.20  5282.53 2.68 2.63 -72.4 -0.388    18.84 20.79 02a58900o0879c       0  21.719967
58900.655758 19.026525      NaN    45    15 c    0   1.24 232.76542 53.40535  7101.68  5370.14 2.60 2.50 -63.9 -0.423    19.17 20.99 02a58900o0891c       0  19.306915
58900.660630 19.894850      NaN     2    13 c    0   0.98 232.76542 53.40535  7118.59  5255.64 2.59 2.56 -76.1 -0.390    19.22 20.92 02a58900o0900c       0  17.797668
58932.590757 19.841877      NaN    16     9 c    0   0.89 232.76542 53.40535  6696.93  6981.49 2.57 2.43 -61.1 -0.411    19.71 21.68 02a58932o0792c       0  15.124714
58932.594687 20.321591      NaN     4     8 c    0   1.39 232.76542 53.40535  6673.55  6938.92 2.55 2.42 -61.3 -0.410    19.71 21.68 02a58932o0800c       0  14.551872
58932.600960 20.321591      NaN     0     9 c    0   0.80 232.76542 53.40535  6732.45  7017.38 2.49 2.42 -66.9 -0.413    19.78 21.67 02a58932o0813c       0  15.124714
58932.612762 20.321591      NaN     4     8 c    0   1.38 232.76542 53.40535  6746.31  6899.70 2.57 2.51  47.1 -0.402    19.69 21.65 02a58932o0838c       0  14.551872
58956.505630 19.652575      NaN    18    11 c    0   1.05 232.76542 53.40535  3992.34  9701.09 2.56 2.35 -52.6 -0.407    19.73 21.72 02a58956o0583c       0  16.393809
58956.508967 20.321591      NaN    -3     9 c    0   1.21 232.76542 53.40535  3973.84  9662.08 2.50 2.31 -55.3 -0.407    19.73 21.74 02a58956o0590c       0  15.124714
58956.516679 20.171596      NaN     2    10 c    0   1.30 232.76542 53.40535  4026.31  9739.07 2.62 2.31 -52.1 -0.410    19.75 21.72 02a58956o0606c       0  15.740298
58956.531509 20.071303      NaN     2    11 c    0   1.32 232.76542 53.40535  4040.85  9620.23 2.62 2.46 -53.9 -0.396    19.72 21.69 02a58956o0638c       0  16.393809
58960.514295 20.405150      NaN     2     8 c    0   1.53 232.76542 53.40535  3989.03  9706.50 2.46 2.21 -52.1 -0.410    19.83 21.73 02a58960o0549c       0  14.551872
58960.517523 20.207197      NaN     4     9 c    0   1.07 232.76542 53.40535  3970.46  9667.24 2.46 2.19 -50.1 -0.415    19.83 21.73 02a58960o0556c       0  15.124714
58960.523951 20.039830      NaN     3    11 c    0   0.95 232.76542 53.40535  4024.55  9742.05 2.37 2.26 -52.6 -0.406    19.81 21.73 02a58960o0570c       0  16.393809
58960.535196 20.207197      NaN   -16    10 c    0   0.86 232.76542 53.40535  4040.83  9625.54 2.52 2.26 -49.6 -0.407    19.77 21.76 02a58960o0594c       0  15.740298
58964.449161 18.933071      NaN    35    21 c    0   1.79 232.76542 53.40535  9313.74  5337.29 2.70 2.53 -67.5 -0.392    18.80 20.53 02a58964o0466c       0  24.264315
58964.451449 20.009244      NaN     4    11 c    0   1.19 232.76542 53.40535  9335.26  5375.24 2.80 2.65 -71.9 -0.386    19.40 21.29 02a58964o0471c       0  16.393809
58964.455108 19.922338      NaN     0    13 c    0   1.38 232.76542 53.40535  9277.21  5303.17 2.79 2.68 -81.8 -0.382    19.20 21.11 02a58964o0479c       0  17.797668
58964.460193 17.530563      NaN   129    75 c    0   0.94 232.76542 53.40535  9258.12  5421.26 2.77 2.67 -85.6 -0.380    17.66 19.36 02a58964o0490c       2  75.978661
58968.421848 20.449472      NaN    -1     8 c    0   0.88 232.76542 53.40535  9307.65  5340.38 2.81 2.44  38.8 -0.380    19.70 21.56 02a58968o0398c       0  14.551872
58968.423677 20.321591      NaN    -3     9 c    0   1.16 232.76542 53.40535  9335.61  5375.80 2.63 2.52  67.0 -0.394    19.71 21.58 02a58968o0402c       0  15.124714
58968.426466 20.171596      NaN    11     7 c    0   2.20 232.76542 53.40535  9272.62  5303.34 2.86 2.43  38.9 -0.377    19.67 21.61 02a58968o0408c       0  14.027009
58968.436572 20.449472      NaN    -8     8 c    0   1.02 232.76542 53.40535  9258.98  5419.58 2.65 2.52  58.1 -0.391    19.72 21.63 02a58968o0430c       0  14.551872
58984.437198 20.449472      NaN    -5     8 c    0   1.32 232.76542 53.40535  5157.79  4943.13 2.35 2.30  11.2 -0.402    19.80 21.80 02a58984o0361c       0  14.551872
58984.447099 20.594452      NaN    -7     7 c    0   1.09 232.76542 53.40535  5128.06  4900.56 2.38 2.25  31.5 -0.406    19.76 21.77 02a58984o0382c       0  14.027009
58984.451681 20.449472      NaN    -7     8 c    0   1.21 232.76542 53.40535  5193.45  4980.73 2.29 2.26   4.2 -0.411    19.80 21.74 02a58984o0392c       0  14.551872
58984.457628 20.321591      NaN    -4     9 c    0   1.00 232.76542 53.40535  5213.27  4864.35 2.29 2.25  26.0 -0.410    19.79 21.74 02a58984o0405c       0  15.124714
58988.435702 20.449472      NaN   -25     8 c    0   0.97 232.76542 53.40535  1789.46  1412.57 2.37 2.31  53.2 -0.415    19.76 21.67 02a58988o0437c       0  14.551872
58988.438910 20.449472      NaN    -1     8 c    0   1.24 232.76542 53.40535  1770.89  1376.52 2.45 2.31 -63.3 -0.419    19.74 21.68 02a58988o0444c       0  14.551872
58988.444405 20.594452      NaN   -11     7 c    0   1.65 232.76542 53.40535  1832.80  1452.95 2.48 2.29 -60.1 -0.419    19.76 21.69 02a58988o0456c       0  14.027009
58988.479914 20.207197      NaN     7     8 c    0   0.93 232.76542 53.40535  1854.04  1333.93 2.48 2.35 -68.6 -0.415    19.72 21.62 02a58988o0532c       0  14.551872
58992.371988 20.207197      NaN    -4    10 c    0   0.96 232.76542 53.40535  8782.13  9153.04 2.88 2.78  69.9 -0.387    19.70 21.78 02a58992o0298c       0  15.740298
58992.373817 19.674510      NaN    23     9 c    0   1.33 232.76542 53.40535  8806.56  9190.53 2.93 2.84  81.7 -0.379    19.71 21.79 02a58992o0302c       0  15.124714
58992.376567 19.652575      NaN    21    10 c    0   1.06 232.76542 53.40535  8744.45  9115.95 2.87 2.77 -89.7 -0.386    19.73 21.81 02a58992o0308c       0  15.740298
58992.389141 20.171596      NaN     8     8 c    0   1.36 232.76542 53.40535  8725.94  9237.62 2.94 2.88  73.3 -0.377    19.74 21.81 02a58992o0335c       0  14.551872
58996.554445 20.207197      NaN   -10    10 c    0   0.90 232.76542 53.40535  2880.68  7179.08 2.89 2.57  31.2 -0.362    19.53 21.49 02a58996o0011c       0  15.740298
58996.560472 20.207197      NaN   -17    10 c    0   1.09 232.76542 53.40535  2862.43  7139.86 2.77 2.46  34.4 -0.369    19.55 21.49 02a58996o0024c       0  15.740298
58996.570650 20.207197      NaN   -10    10 c    0   1.73 232.76542 53.40535  2919.74  7222.43 2.72 2.48  31.3 -0.368    19.38 21.20 02a58996o0046c       0  15.740298
58996.574312 19.922338      NaN     1    13 c    0   1.22 232.76542 53.40535  2939.55  7106.94 2.68 2.39  33.5 -0.366    19.24 20.98 02a58996o0054c       0  17.797668
59011.377313 20.594452      NaN   -11     7 c    0   1.21 232.76542 53.40535  3212.61  5053.92 2.64 2.46  25.5 -0.391    19.83 22.06 02a59011o0291c       0  14.027009
59011.388344 20.103715      NaN    13     7 c    0   1.20 232.76542 53.40535  3192.34  5021.60 2.59 2.52 -37.8 -0.393    19.75 22.06 02a59011o0314c       0  14.027009
59011.403448 20.449472      NaN    -8     8 c    0   0.94 232.76542 53.40535  3245.88  5091.41 2.57 2.47  34.3 -0.390    19.77 21.88 02a59011o0345c       0  14.551872
59011.407147 20.449472      NaN     1     8 c    0   1.53 232.76542 53.40535  3266.25  4977.35 2.72 2.63 -47.3 -0.386    19.59 21.73 02a59011o0353c       0  14.551872
59015.358273 20.449472      NaN    -5     8 c    0   1.08 232.76542 53.40535  3213.54  5062.18 2.47 2.35  29.9 -0.400    19.83 21.96 02a59015o0253c       0  14.551872
59015.361475 20.103715      NaN    10     8 c    0   0.99 232.76542 53.40535  3194.43  5024.06 2.44 2.30  27.9 -0.403    19.85 21.93 02a59015o0260c       0  14.551872
59015.367460 19.696897      NaN    22     9 c    0   1.05 232.76542 53.40535  3252.15  5097.36 2.43 2.33  25.3 -0.401    19.81 21.91 02a59015o0273c       0  15.124714
59015.377546 20.449472      NaN   -17     8 c    0   1.31 232.76542 53.40535  3272.24  4980.41 2.46 2.32  28.5 -0.400    19.79 21.84 02a59015o0295c       0  14.551872
59020.364272 20.594452      NaN   -18     7 c    0   1.35 232.76542 53.40535   251.65  9569.44 2.56 2.06 -51.6 -0.450    19.75 21.87 02a59020o0204c       0  14.027009
59020.367929 19.766969      NaN   -13    15 c    0   1.17 232.76542 53.40535   231.75  9530.36 2.59 2.07 -48.7 -0.446    18.85 20.78 02a59020o0212c       0  19.306915
59020.372971 20.103715      NaN    -6    11 c    0   1.25 232.76542 53.40535  9551.24  9521.76 2.78 2.67  86.0 -0.376    19.67 21.77 02a59020o0223c       0  16.393809
59020.374343 20.071303      NaN    11     8 c    0   1.61 232.76542 53.40535   289.20  9604.44 2.50 2.11 -47.2 -0.464    19.80 21.89 02a59020o0226c       0  14.551872
59020.376630 20.321591      NaN     4     8 c    0   1.46 232.76542 53.40535  9532.09  9480.89 2.79 2.66 -81.2 -0.375    19.78 21.87 02a59020o0231c       0  14.551872
59020.383033 20.137125      NaN     6     9 c    0   1.18 232.76542 53.40535  9587.17  9561.95 2.75 2.68 -89.4 -0.377    19.75 21.82 02a59020o0245c       0  15.124714
59020.384404 20.321591      NaN   -20     9 c    0   0.86 232.76542 53.40535   303.93  9482.36 2.32 2.15 -42.7 -0.473    19.27 21.30 02a59020o0248c       0  15.124714
59020.394029 16.191243      NaN -1060   404 c    0   1.18 232.76542 53.40535  9603.32  9443.29 2.78 2.66 -79.1 -0.506    16.18 17.64 02a59020o0269c       2 404.182826
59040.334201 20.362567      NaN     6     7 c    0   1.12 232.76542 53.40535  3846.62  1266.79 2.67 2.47 -61.1 -0.408    19.69 21.90 02a59040o0197c       0  14.027009
59040.337899 20.207197      NaN    -7    10 c    0   0.74 232.76542 53.40535  3826.84  1228.13 2.77 2.54 -59.8 -0.404    19.60 21.90 02a59040o0205c       0  15.740298
59040.341674 20.321591      NaN     4     8 c    0   1.86 232.76542 53.40535  3886.55  1301.11 2.71 2.58 -68.0 -0.400    19.63 21.91 02a59040o0213c       0  14.551872
59040.360046 20.594452      NaN   -16     7 c    0   1.35 232.76542 53.40535  3908.15  1183.31 2.76 2.56 -58.9 -0.395    19.69 21.94 02a59040o0252c       0  14.027009
59048.339440 20.449472      NaN   -17     8 c    0   1.01 232.76542 53.40535  5880.04  1154.23 2.41 2.28  71.3 -0.404    19.77 21.89 02a59048o0211c       0  14.551872
59048.342671 20.449472      NaN     4     7 c    0   1.09 232.76542 53.40535  5860.75  1114.36 2.47 2.30  65.6 -0.398    19.75 21.90 02a59048o0218c       0  14.027009
59048.348663 20.071303      NaN    11     8 c    0   1.06 232.76542 53.40535  5921.71  1191.62 2.48 2.34  69.1 -0.397    19.73 21.89 02a59048o0231c       0  14.551872
59048.358787 20.594452      NaN   -11     7 c    0   1.20 232.76542 53.40535  5942.12  1072.92 2.46 2.29  67.2 -0.397    19.77 21.89 02a59048o0253c       0  14.027009
59072.249458 20.207197      NaN   -37    10 c    0   1.36 232.76542 53.40535  1558.20  3090.81 2.30 2.22 -50.8 -0.412    19.45 20.85 02a59072o0044c       0  15.740298
59072.253598 20.207197      NaN     7     8 c    0   1.31 232.76542 53.40535  1536.45  3049.41 2.34 2.24  33.5 -0.406    19.63 21.27 02a59072o0053c       0  14.551872
59072.261003 20.321591      NaN    -9     9 c    0   0.88 232.76542 53.40535  1597.69  3123.62 2.34 2.24 -54.3 -0.406    19.74 21.57 02a59072o0069c       0  15.124714
59072.271177 20.321591      NaN     4     8 c    0   1.22 232.76542 53.40535  1615.00  3004.61 2.33 2.21 -59.4 -0.407    19.76 21.63 02a59072o0091c       0  14.551872
59076.265519 20.009244      NaN   -11    12 c    0   0.82 232.76542 53.40535  2121.76  9371.09 2.55 2.17 -49.0 -0.431    19.10 21.02 02a59076o0033c       0  17.080895
59076.269658 20.321591      NaN     0     9 c    0   1.64 232.76542 53.40535  2103.32  9330.90 2.44 2.09 -49.6 -0.437    19.62 21.53 02a59076o0042c       0  15.124714
59076.276125 19.631075      NaN    10    14 c    0   1.41 232.76542 53.40535  2156.44  9406.48 2.50 2.28 -45.3 -0.419    18.84 20.81 02a59076o0056c       0  18.540684
59076.288586 20.009244      NaN    10     9 c    0   1.59 232.76542 53.40535  2177.91  9284.26 2.36 2.19 -45.4 -0.427    19.70 21.72 02a59076o0083c       0  15.124714
59080.239487 19.351140      NaN   -13    22 c    0   1.49 232.76542 53.40535  2130.98  9374.63 2.47 2.10 -48.2 -0.447    18.72 19.88 02a59080o0024c       0  25.134776
59080.243179 19.454622      NaN    19    14 c    0   1.17 232.76542 53.40535  2113.55  9334.30 2.59 2.17 -49.3 -0.429    19.30 20.67 02a59080o0032c       0  18.540684
59080.251034 20.207197      NaN     4     9 c    0   1.00 232.76542 53.40535  2167.77  9406.91 2.43 2.12 -52.3 -0.444    19.68 21.52 02a59080o0049c       0  15.124714
59080.261267 20.321591      NaN    -8     9 c    0   1.26 232.76542 53.40535  2184.76  9287.73 2.33 2.24 -37.8 -0.422    19.71 21.61 02a59080o0071c       0  15.124714
59100.265873 20.039830      NaN     9     9 c    0   1.45 232.76542 53.40535  7059.95  5336.59 2.66 2.36  36.4 -0.385    19.58 21.30 02a59100o0108c       0  15.124714
59100.275649 20.207197      NaN   -10    10 c    0   1.08 232.76542 53.40535  7042.61  5295.91 2.43 2.40  24.1 -0.400    19.57 21.29 02a59100o0129c       0  15.740298
59100.279789 19.569016      NaN    19    12 c    0   0.78 232.76542 53.40535  7096.16  5373.01 2.95 2.49  36.2 -0.378    19.54 21.32 02a59100o0138c       0  17.080895
59100.289930 20.137125      NaN     3    10 c    0   1.08 232.76542 53.40535  7119.64  5257.37 2.72 2.65  11.9 -0.395    19.50 21.31 02a59100o0160c       0  15.740298
59104.229430 19.841877      NaN   -11    14 c    0   0.94 232.76542 53.40535  7063.62  5344.68 2.43 2.25  35.4 -0.401    19.39 20.83 02a59104o0037c       0  18.540684
59104.232678 20.321591      NaN    -8     9 c    0   1.32 232.76542 53.40535  7042.25  5302.74 2.49 2.29  37.5 -0.400    19.59 21.21 02a59104o0044c       0  15.124714
59104.238252 20.321591      NaN    -1     9 c    0   1.35 232.76542 53.40535  7098.42  5380.00 2.49 2.29  39.8 -0.401    19.66 21.45 02a59104o0056c       0  15.124714
59104.250231 20.009244      NaN     7    10 c    0   0.83 232.76542 53.40535  7117.71  5261.38 2.45 2.26  38.1 -0.401    19.68 21.49 02a59104o0082c       0  15.740298
59108.252415 20.405150      NaN     2     8 c    0   1.77 232.76542 53.40535  9936.05  1559.78 2.56 2.22 -53.0 -0.415    19.61 21.32 02a59108o0071c       0  14.551872
59108.256118 20.449472      NaN   -28     8 c    0   1.89 232.76542 53.40535  9915.61  1518.07 2.58 2.21 -55.0 -0.415    19.57 21.32 02a59108o0079c       0  14.551872
59108.263513 20.137125      NaN     6     9 c    0   1.69 232.76542 53.40535  9976.43  1598.89 2.68 2.28 -52.0 -0.409    19.59 21.32 02a59108o0095c       0  15.124714
59108.276900 20.103715      NaN   -18    11 c    0   1.38 232.76542 53.40535 10000.43  1480.28 2.84 2.37 -51.0 -0.405    19.50 21.30 02a59108o0124c       0  16.393809
59206.635591 20.039830      NaN     6    10 c    0   1.61 232.76542 53.40535  9956.89  1550.93 3.02 2.69 -52.7 -0.354    19.48 21.58 01a59206o0938c       0  15.740298
59206.639751 20.009244      NaN    10     9 c    0   1.27 232.76542 53.40535  9934.96  1516.88 2.96 2.72 -51.9 -0.347    19.58 21.57 01a59206o0947c       0  15.124714
59206.656139 19.791368      NaN    18     9 c    0   1.58 232.76542 53.40535  9994.14  1591.05 2.98 2.74 -54.7 -0.344    19.41 21.15 01a59206o0982c       0  15.124714
59206.664543 19.128787      NaN   -18    27 c    0   1.06 232.76542 53.40535 10015.27  1467.44 3.07 2.76 -64.3 -0.341    18.58 19.54 01a59206o1000c       0  29.610082
59238.618019 20.321591      NaN     7     7 c    0   1.04 232.76542 53.40535  5501.79  3267.07 2.45 2.39 -45.1 -0.364    19.90 22.13 01a59238o0835c       0  14.027009
59238.621241 20.321591      NaN     7     7 c    0   0.88 232.76542 53.40535  5481.20  3230.03 2.40 2.35 -46.8 -0.362    19.93 22.15 01a59238o0842c       0  14.027009
59238.628146 20.761819      NaN    -7     6 c    0   1.04 232.76542 53.40535  5539.54  3307.89 2.42 2.36 -41.7 -0.364    19.96 22.15 01a59238o0857c       0  13.555699
59238.646164 20.282105      NaN    11     6 c    0   0.98 232.76542 53.40535  5558.34  3192.45 2.39 2.34 -35.2 -0.364    19.97 22.16 01a59238o0896c       0  13.555699
59256.571969 20.449472      NaN    -3     8 c    0   0.94 232.76542 53.40535  1564.89  5272.92 2.54 2.43  51.4 -0.407    19.73 21.95 02a59256o0788c       0  14.551872
59256.575188 20.321591      NaN    -8     9 c    0   0.69 232.76542 53.40535  1583.89  5310.92 2.55 2.41  43.7 -0.402    19.73 21.97 02a59256o0795c       0  15.124714
59256.583473 20.137125      NaN     9     8 c    0   0.98 232.76542 53.40535  1524.78  5230.87 2.51 2.37  45.8 -0.405    19.79 22.00 02a59256o0813c       0  14.551872
59256.593610 20.282105      NaN     2     9 c    0   1.13 232.76542 53.40535  1507.25  5347.80 2.57 2.34  43.0 -0.402    19.78 22.04 02a59256o0835c       0  15.124714
59258.605107 20.495680      NaN     3     7 c    0   1.60 232.76542 53.40535  1282.46  5222.82 2.67 2.63 -22.0 -0.355    19.67 21.98 01a59258o0861c       0  14.027009
59258.608334 20.171596      NaN    11     7 c    0   1.42 232.76542 53.40535  1263.41  5185.76 2.60 2.56 -75.6 -0.363    19.71 21.99 01a59258o0868c       0  14.027009
59258.615635 20.405150      NaN     5     7 c    0   1.34 232.76542 53.40535  1322.28  5261.06 2.67 2.57 -57.4 -0.369    19.67 22.02 01a59258o0883c       0  14.027009
59258.628138 20.039830      NaN    12     8 c    0   1.08 232.76542 53.40535  1338.34  5147.00 2.47 2.41 -38.3 -0.371    19.73 22.08 01a59258o0910c       0  14.551872
59262.535982 20.594452      NaN    -7     7 c    0   1.34 232.76542 53.40535  1281.90  5207.95 2.38 2.28 -71.6 -0.398    19.72 21.73 01a59262o0697c       0  14.027009
59262.537823 20.321591      NaN   -10     9 c    0   0.88 232.76542 53.40535  1263.50  5169.73 2.40 2.31 -50.1 -0.394    19.70 21.74 01a59262o0701c       0  15.124714
59262.542441 20.321591      NaN   -10     9 c    0   0.82 232.76542 53.40535  1323.42  5245.34 2.41 2.26 -77.2 -0.404    19.74 21.79 01a59262o0711c       0  15.124714
59262.548899 20.362567      NaN     3     8 c    0   1.19 232.76542 53.40535  1342.16  5134.52 2.31 2.19 -59.6 -0.402    19.79 21.82 01a59262o0725c       0  14.551872
59288.562756 20.449472      NaN     1     8 c    0   0.85 232.76542 53.40535  1985.72  3642.61 2.57 2.33  50.9 -0.401    19.73 21.78 02a59288o0744c       0  14.551872
59288.564584 20.594452      NaN   -17     7 c    0   1.32 232.76542 53.40535  2004.92  3681.43 2.60 2.28  45.5 -0.395    19.73 21.78 02a59288o0748c       0  14.027009
59288.574699 20.449472      NaN    -1     8 c    0   1.17 232.76542 53.40535  1949.16  3601.45 2.62 2.32  45.0 -0.394    19.71 21.81 02a59288o0770c       0  14.551872
59288.582894 20.405150      NaN     5     7 c    0   1.23 232.76542 53.40535  1933.14  3719.35 2.54 2.31  43.2 -0.401    19.76 21.80 02a59288o0787c       0  14.027009
59292.480602 20.321591      NaN    -4     9 c    0   1.37 232.76542 53.40535  7072.73  7161.10 2.79 2.55  45.6 -0.388    19.70 21.77 02a59292o0556c       0  15.124714
59292.484756 20.321591      NaN    -9     9 c    0   1.13 232.76542 53.40535  7094.41  7201.19 2.83 2.55  43.6 -0.385    19.66 21.76 02a59292o0565c       0  15.124714
59292.487498 20.137125      NaN     9     8 c    0   1.15 232.76542 53.40535  7034.04  7123.48 2.75 2.50  46.8 -0.384    19.70 21.77 02a59292o0571c       0  14.551872
59292.494357 20.009244      NaN    10     9 c    0   0.89 232.76542 53.40535  7015.47  7241.74 2.90 2.51  44.1 -0.379    19.67 21.79 02a59292o0586c       0  15.124714
59310.484318 20.171596      NaN    11     7 c    0   0.98 232.76542 53.40535  3223.22  5052.91 2.57 2.46  60.9 -0.381    19.89 22.03 01a59310o0499c       0  14.027009
59310.486621 20.594452      NaN   -25     7 c    0   1.24 232.76542 53.40535  3201.16  5015.70 2.47 2.38 -82.1 -0.394    19.91 22.04 01a59310o0504c       0  14.027009
59310.492979 20.321591      NaN     7     7 c    0   1.24 232.76542 53.40535  3259.29  5090.97 2.49 2.40 -78.6 -0.392    19.92 22.04 01a59310o0517c       0  14.027009
59310.506424 20.449472      NaN     4     7 c    0   0.92 232.76542 53.40535  3274.29  4979.19 2.29 2.21 -78.3 -0.399    20.01 22.01 01a59310o0546c       0  14.027009
59314.489898 20.207197      NaN   -20    10 c    0   1.03 232.76542 53.40535   280.17  9579.57 2.42 2.11 -60.3 -0.429    19.31 21.10 01a59314o0580c       0  15.740298
59314.493128 19.652575      NaN     9    14 c    0   1.07 232.76542 53.40535   261.69  9540.92 2.41 2.08 -63.0 -0.425    19.03 20.80 01a59314o0587c       0  18.540684
59314.495888 20.449472      NaN   -23     8 c    0   1.26 232.76542 53.40535   318.25  9614.71 2.36 2.06 -64.6 -0.421    19.81 21.68 01a59314o0593c       0  14.551872
59314.500995 19.922338      NaN    19     7 c    0   1.16 232.76542 53.40535   341.06  9496.14 2.30 2.03 -66.8 -0.413    19.98 21.83 01a59314o0604c       0  14.027009
59314.510774 20.405150      NaN     2     8 c    0   1.04 232.76542 53.40535  9575.36  9477.96 2.68 2.36  28.5 -0.359    19.92 21.78 01a59314o0625c       0  14.551872
59314.512616 19.979496      NaN    17     7 c    0   1.40 232.76542 53.40535  9553.59  9440.33 2.46 2.31  71.5 -0.365    20.00 21.77 01a59314o0629c       0  14.027009
59314.515381 20.449472      NaN   -20     8 c    0   0.98 232.76542 53.40535  9609.50  9522.59 2.51 2.32  83.0 -0.365    19.99 21.76 01a59314o0635c       0  14.551872
59314.525334 20.449472      NaN     4     7 c    0   1.21 232.76542 53.40535  9624.81  9404.83 2.50 2.33  82.8 -0.365    20.00 21.76 01a59314o0656c       0  14.027009
59318.463195 20.449472      NaN   -24     8 c    0   1.28 232.76542 53.40535   280.39  9578.29 2.59 2.26 -64.9 -0.416    19.83 21.54 01a59318o0519c       0  14.551872
59318.485433 20.594452      NaN    -6     7 c    0   1.01 232.76542 53.40535   259.35  9545.42 2.47 2.17 -63.4 -0.425    19.87 21.57 01a59318o0566c       0  14.027009
59318.487275 20.449472      NaN    -2     8 c    0   1.08 232.76542 53.40535   320.32  9617.56 2.51 2.21 -63.1 -0.416    19.86 21.59 01a59318o0570c       0  14.551872
59318.490506 20.594452      NaN    -8     7 c    0   1.43 232.76542 53.40535   338.13  9500.88 2.35 2.04 -63.5 -0.422    19.91 21.58 01a59318o0577c       0  14.027009
59318.496040 19.922338      NaN    16     8 c    0   1.21 232.76542 53.40535  9573.24  9479.09 2.66 2.47  44.0 -0.349    19.86 21.57 01a59318o0589c       0  14.551872
59318.497882 20.207197      NaN     7     8 c    0   0.98 232.76542 53.40535  9551.65  9442.45 2.60 2.47  62.3 -0.345    19.87 21.59 01a59318o0593c       0  14.551872
59318.501105 19.816329      NaN    17     9 c    0   0.76 232.76542 53.40535  9608.76  9523.96 2.57 2.43  57.6 -0.353    19.92 21.60 01a59318o0600c       0  15.124714
59318.506169 20.594452      NaN    -1     7 c    0   1.26 232.76542 53.40535  9625.85  9406.54 2.67 2.55  56.1 -0.344    19.85 21.61 01a59318o0611c       0  14.027009
59322.447812 20.594452      NaN   -10     7 c    0   1.46 232.76542 53.40535  7465.11  3199.54 2.48 2.38 -79.9 -0.398    19.91 21.79 01a59322o0468c       0  14.027009
59322.450580 20.282105      NaN     8     7 c    0   1.06 232.76542 53.40535  7445.48  3158.93 2.38 2.34 -56.5 -0.391    19.95 21.83 01a59322o0474c       0  14.027009
59322.453804 20.594452      NaN    -2     7 c    0   1.06 232.76542 53.40535  7505.07  3236.99 2.45 2.37  89.2 -0.391    19.97 21.83 01a59322o0481c       0  14.027009
59322.458868 20.039830      NaN    15     7 c    0   1.15 232.76542 53.40535  7523.58  3123.08 2.43 2.34 -57.5 -0.395    19.98 21.85 01a59322o0492c       0  14.027009
59344.463884 20.449472      NaN    -4     8 c    0   1.37 232.76542 53.40535  5487.32  3298.57 2.62 2.31  37.3 -0.399    19.70 21.75 02a59344o0478c       0  14.551872
59344.467102 20.321591      NaN    -9     9 c    0   1.01 232.76542 53.40535  5467.57  3259.37 2.64 2.30  35.6 -0.400    19.70 21.75 02a59344o0485c       0  15.124714
59344.502369 20.449472      NaN   -12     8 c    0   1.13 232.76542 53.40535  5523.15  3335.92 2.65 2.30  34.9 -0.402    19.71 21.70 02a59344o0561c       0  14.551872
59344.530590 20.009244      NaN    10     9 c    0   1.04 232.76542 53.40535  5542.89  3216.03 2.69 2.40  37.2 -0.402    19.65 21.62 02a59344o0621c       0  15.124714
59350.537671 20.321591      NaN   -11     9 c    0   1.12 232.76542 53.40535  6311.52  2091.84 2.78 2.74 -83.2 -0.377    19.51 21.53 02a59350o0508c       0  15.124714
59350.538129 20.321591      NaN   -22     9 c    0   1.08 232.76542 53.40535  6291.16  2052.39 2.84 2.75  73.6 -0.378    19.47 21.54 02a59350o0509c       0  15.124714
59350.538587 20.321591      NaN    -2     9 c    0   1.03 232.76542 53.40535  6351.85  2130.88 2.72 2.66  68.0 -0.379    19.52 21.54 02a59350o0510c       0  15.124714
59350.539045 20.321591      NaN    -3     9 c    0   1.58 232.76542 53.40535  6372.13  2014.09 2.82 2.73  60.2 -0.375    19.50 21.53 02a59350o0511c       0  15.124714
59350.539502 20.321591      NaN    -7     9 c    0   0.99 232.76542 53.40535  6331.57  2071.82 2.80 2.73  70.7 -0.371    19.47 21.53 02a59350o0512c       0  15.124714
59370.367007 20.594452      NaN   -27     7 c    0   0.89 232.76542 53.40535  8349.42  1174.41 2.50 2.41 -49.2 -0.386    20.04 22.15 01a59370o0284c       0  14.027009
59370.370232 20.449472      NaN     0     8 c    0   0.89 232.76542 53.40535  8368.37  1211.56 2.44 2.32 -61.7 -0.394    20.03 22.14 01a59370o0291c       0  14.551872
59370.375759 20.594452      NaN    -1     7 c    0   1.12 232.76542 53.40535  8313.87  1138.17 2.48 2.35 -57.9 -0.387    20.04 22.13 01a59370o0303c       0  14.027009
59370.408580 20.321591      NaN     7     7 c    0   1.15 232.76542 53.40535  8302.23  1250.59 2.58 2.50 -64.9 -0.386    19.99 22.10 01a59370o0368c       0  14.027009
59374.365819 20.594452      NaN    -7     7 c    0   1.13 232.76542 53.40535  8352.41  1175.21 2.43 2.31 -59.7 -0.393    20.08 22.15 01a59374o0279c       0  14.027009
59374.369504 20.761819      NaN    -4     6 c    0   1.41 232.76542 53.40535  8372.21  1212.42 2.52 2.43 -53.5 -0.382    20.03 22.14 01a59374o0287c       0  13.555699
59374.375029 20.362567      NaN     3     8 c    0   0.76 232.76542 53.40535  8317.09  1136.51 2.55 2.45 -53.7 -0.384    20.02 22.15 01a59374o0299c       0  14.551872
59374.406425 20.321591      NaN    -2     9 c    0   0.85 232.76542 53.40535  8307.19  1248.24 2.73 2.61 -43.3 -0.388    19.93 22.12 01a59374o0361c       0  15.124714
59378.366872 20.761819      NaN     0     6 c    0   1.31 232.76542 53.40535  1923.60  3694.31 2.16 2.03  76.8 -0.411    20.04 22.04 01a59378o0280c       0  13.555699
59378.370102 20.594452      NaN     1     7 c    0   0.88 232.76542 53.40535  1945.18  3732.73 2.18 2.18 -75.7 -0.394    20.01 22.04 01a59378o0287c       0  14.027009
59378.375634 20.449472      NaN   -14     8 c    0   0.77 232.76542 53.40535  1886.11  3652.21 2.21 2.08  71.9 -0.413    20.02 22.07 01a59378o0299c       0  14.551872
59378.409427 20.594452      NaN   -15     7 c    0   1.32 232.76542 53.40535  1876.30  3762.03 2.27 2.18  71.6 -0.409    20.02 22.10 01a59378o0366c       0  14.027009
59404.328675 20.449472      NaN    -1     8 c    0   1.20 232.76542 53.40535  4795.72  7062.32 2.40 2.23 -55.1 -0.409    19.71 21.64 02a59404o0185c       0  14.551872
59404.331897 20.594452      NaN   -14     7 c    0   1.63 232.76542 53.40535  4776.34  7022.94 2.37 2.29 -55.6 -0.403    19.76 21.63 02a59404o0192c       0  14.027009
59404.337438 20.321591      NaN    -2     9 c    0   1.08 232.76542 53.40535  4831.65  7099.60 2.38 2.18 -53.2 -0.416    19.74 21.60 02a59404o0204c       0  15.124714
59404.347565 20.009244      NaN    10     9 c    0   1.16 232.76542 53.40535  4850.36  6982.98 2.55 2.40 -47.1 -0.404    19.65 21.57 02a59404o0226c       0  15.124714
59408.312223 20.449472      NaN    -6     8 c    0   1.15 232.76542 53.40535  4799.06  7063.78 2.32 2.22 -55.9 -0.408    19.81 21.77 02a59408o0150c       0  14.551872
59408.315424 20.449472      NaN    -2     8 c    0   1.04 232.76542 53.40535  4779.26  7024.83 2.37 2.29 -58.5 -0.407    19.80 21.78 02a59408o0157c       0  14.551872
59408.322783 20.449472      NaN    -2     8 c    0   1.16 232.76542 53.40535  4834.21  7100.52 2.36 2.33 -62.5 -0.403    19.79 21.84 02a59408o0173c       0  14.551872
59408.335159 20.405150      NaN     2     8 c    0   1.01 232.76542 53.40535  4851.68  6980.93 2.38 2.35 -33.5 -0.399    19.77 21.87 02a59408o0200c       0  14.551872
59426.298657 20.543943      NaN     2     7 c    0   0.89 232.76542 53.40535  3831.94  3606.93 2.16 2.08  85.5 -0.400    19.95 21.86 01a59426o0137c       0  14.027009
59426.302838 20.449472      NaN     0     8 c    0   0.94 232.76542 53.40535  3851.99  3645.23 2.20 2.09  89.0 -0.398    19.93 21.88 01a59426o0146c       0  14.551872
59426.308373 20.449472      NaN     0     8 c    0   1.08 232.76542 53.40535  3792.95  3565.25 2.43 2.23  85.1 -0.546    19.85 21.88 01a59426o0158c       0  14.551872
59426.322192 20.703116      NaN     2     6 c    0   1.15 232.76542 53.40535  3780.72  3682.02 2.27 2.16  87.6 -0.395    19.91 21.89 01a59426o0188c       0  13.555699
59430.287620 20.594452      NaN   -12     7 c    0   0.98 232.76542 53.40535  3835.59  3605.15 2.36 2.17  82.8 -0.397    19.87 21.90 01a59430o0118c       0  14.027009
59430.290842 20.761819      NaN    -1     6 c    0   1.54 232.76542 53.40535  3855.28  3643.45 2.31 2.12  80.9 -0.398    19.91 21.90 01a59430o0125c       0  13.555699
59430.298808 20.543943      NaN     2     7 c    0   1.07 232.76542 53.40535  3799.99  3567.52 2.26 2.19  -4.9 -0.384    19.91 21.89 01a59430o0142c       0  14.027009
59430.308970 20.449472      NaN    -1     8 c    0   1.10 232.76542 53.40535  3783.98  3682.80 2.28 2.18 -89.2 -0.393    19.90 21.89 01a59430o0164c       0  14.551872
59434.299604 20.244005      NaN    12     6 c    0   1.80 232.76542 53.40535  5091.66  7272.77 2.17 2.02 -69.8 -0.389    19.94 21.95 01a59434o0148c       0  13.555699
59434.302385 20.594452      NaN    -9     7 c    0   1.12 232.76542 53.40535  5110.28  7309.24 2.24 2.01 -80.8 -0.396    19.93 21.94 01a59434o0154c       0  14.027009
59434.307481 20.449472      NaN     7     6 c    0   1.81 232.76542 53.40535  5050.71  7234.64 2.23 2.02 -71.8 -0.395    19.90 21.91 01a59434o0165c       0  13.555699
59434.319067 20.405150      NaN     2     8 c    0   1.00 232.76542 53.40535  5034.71  7351.89 2.28 2.10 -71.8 -0.381    19.84 21.87 01a59434o0190c       0  14.551872
59456.234070 19.014394      NaN    34    19 c    0   1.23 232.76542 53.40535  9006.80  5300.20 2.49 2.42  86.9 -0.398    18.98 20.18 02a59456o0027c       0  22.555642
59456.236836 20.103715      NaN    -8    11 c    0   1.61 232.76542 53.40535  8987.72  5260.22 2.49 2.32 -67.3 -0.408    19.32 20.68 02a59456o0033c       0  16.393809
59456.243319 20.207197      NaN   -19    10 c    0   1.34 232.76542 53.40535  9045.24  5342.88 2.52 2.31 -65.2 -0.406    19.46 21.03 02a59456o0047c       0  15.740298
59456.253877 20.321591      NaN     0     9 c    0   0.72 232.76542 53.40535  9062.53  5220.49 2.53 2.41 -75.7 -0.400    19.63 21.34 02a59456o0070c       0  15.124714
59468.230175 19.922338      NaN   -21    13 c    0   1.04 232.76542 53.40535  1562.16  3072.06 2.29 2.24 -61.3 -0.410    19.28 20.60 02a59468o0036c       0  17.797668
59468.233411 19.529530      NaN    21    12 c    0   0.96 232.76542 53.40535  1540.22  3029.93 2.29 2.24 -81.9 -0.409    19.40 20.84 02a59468o0043c       0  17.080895
59468.239422 19.922338      NaN     7    11 c    0   1.14 232.76542 53.40535  1600.97  3105.27 2.34 2.18 -55.2 -0.413    19.54 21.05 02a59468o0056c       0  16.393809
59468.249503 19.868040      NaN    18     8 c    0   1.76 232.76542 53.40535  1619.49  2986.33 2.37 2.18 -56.3 -0.411    19.53 21.08 02a59468o0078c       0  14.551872
59592.602424 19.816329      NaN     8    12 c    0   0.98 232.76542 53.40535  8769.31  9160.67 2.88 2.82  -6.9 -0.386    19.51 21.65 02a59592o0806c       0  17.080895
59592.605625 19.922338      NaN    -1    13 c    0   0.85 232.76542 53.40535  8789.87  9198.66 2.95 2.89 -19.7 -0.387    19.50 21.66 02a59592o0813c       0  17.797668
59592.611652 20.009244      NaN    -6    12 c    0   0.98 232.76542 53.40535  8725.88  9122.54 2.90 2.75  17.3 -0.383    19.46 21.60 02a59592o0826c       0  17.080895
59592.624076 19.510313      NaN    10    16 c    0   0.84 232.76542 53.40535  8705.39  9239.19 2.99 2.90  10.0 -0.382    19.30 21.49 02a59592o0853c       0  20.093705
59615.580305 20.207197      NaN     0    10 c    0   1.03 232.76542 53.40535  7341.06  5521.05 2.53 2.41  40.5 -0.403    19.63 21.48 02a59615o0822c       0  15.740298
59615.583557 20.171596      NaN     2    10 c    0   0.91 232.76542 53.40535  7360.35  5559.27 2.56 2.42  41.4 -0.403    19.62 21.50 02a59615o0829c       0  15.740298
59615.589061 19.841877      NaN    10    11 c    0   0.96 232.76542 53.40535  7300.67  5482.61 2.55 2.41  39.0 -0.404    19.67 21.54 02a59615o0841c       0  16.393809
59615.602876 20.171596      NaN     5     9 c    0   1.14 232.76542 53.40535  7284.30  5599.33 2.61 2.38  39.9 -0.407    19.62 21.57 02a59615o0871c       0  15.124714
59619.617127 20.207197      NaN    -9    10 c    0   1.16 232.76542 53.40535 10307.45  1007.99 2.44 2.12 -60.6 -0.433    19.61 21.62 02a59619o0873c       0  15.740298
59619.620355 19.631075      NaN    19    11 c    0   0.91 232.76542 53.40535 10326.90  1045.71 2.48 2.08 -59.6 -0.433    19.64 21.62 02a59619o0880c       0  16.393809
59619.623559 20.321591      NaN    -4     9 c    0   1.45 232.76542 53.40535  1008.31  1071.12 2.37 2.25 -71.1 -0.471    19.66 21.59 02a59619o0887c       0  15.124714
59619.626346 19.719755      NaN    12    12 c    0   1.37 232.76542 53.40535 10272.99   972.11 2.39 2.16 -65.2 -0.435    19.60 21.62 02a59619o0893c       0  17.080895
59619.626803 20.103715      NaN     7     9 c    0   0.91 232.76542 53.40535  1029.77  1110.67 2.38 2.23 -72.7 -0.467    19.66 21.60 02a59619o0894c       0  15.124714
59619.647926 20.103715      NaN   -18    11 c    0   0.95 232.76542 53.40535 10257.11  1093.78 2.39 2.23 -74.3 -0.432    19.62 21.59 02a59619o0939c       0  16.393809
59619.648383 20.594452      NaN    -7     7 c    0   2.40 232.76542 53.40535   974.96  1028.40 2.38 2.22 -70.8 -0.471    19.65 21.58 02a59619o0940c       0  14.027009
59619.659547 20.321591      NaN    -1     9 c    0   1.28 232.76542 53.40535   959.77  1146.61 2.43 2.18  51.6 -0.457    19.52 21.49 02a59619o0964c       0  15.124714
59638.411036 19.816329      NaN     2    14 c    0   1.27 232.76542 53.40535  2535.94  5591.92 2.98 2.87 -44.7 -0.403    19.10 21.09 02a59638o0439c       0  18.540684
59638.411491 19.841877      NaN    -4    14 c    0   1.18 232.76542 53.40535  2555.06  5630.69 3.10 2.88  34.5 -0.373    19.12 21.10 02a59638o0440c       0  18.540684
59638.411948 19.696897      NaN    -8    16 c    0   0.99 232.76542 53.40535  2496.18  5551.10 3.12 2.93  33.9 -0.369    19.10 21.09 02a59638o0441c       0  20.093705
59638.412406 19.569016      NaN     7    16 c    0   0.83 232.76542 53.40535  2476.48  5666.33 3.33 2.99  34.4 -0.365    19.02 21.09 02a59638o0442c       0  20.093705
59638.412862 19.841877      NaN   -21    14 c    0   1.08 232.76542 53.40535  2515.35  5609.25 2.97 2.74  29.7 -0.381    19.13 21.10 02a59638o0443c       0  18.540684
59639.535442 20.449472      NaN   -13     8 c    0   1.55 232.76542 53.40535  6724.55  9324.53 2.61 2.58  43.1 -0.407    19.71 21.71 02a59639o0708c       0  14.551872
59639.538640 20.207197      NaN   -19    10 c    0   1.08 232.76542 53.40535  6745.20  9363.40 2.68 2.55  39.2 -0.402    19.70 21.71 02a59639o0715c       0  15.740298
59639.541854 20.207197      NaN    -2    10 c    0   1.16 232.76542 53.40535  6683.80  9286.10 2.66 2.58  38.8 -0.404    19.70 21.71 02a59639o0722c       0  15.740298
59639.548262 19.719755      NaN    18    10 c    0   1.01 232.76542 53.40535  6664.52  9403.85 2.61 2.54  41.3 -0.410    19.67 21.72 02a59639o0736c       0  15.740298
59643.592522 19.318728      NaN    21    16 c    0   1.08 232.76542 53.40535  4694.76  9439.55 2.60 2.21  79.4 -0.433    19.15 21.72 02a59643o0772c       0  20.093705
59643.595417 19.696897      NaN   -16    16 c    0   0.91 232.76542 53.40535  4715.95  9479.35 2.61 2.20  78.9 -0.427    19.20 21.75 02a59643o0778c       0  20.093705
59643.598332 19.454622      NaN   -18    20 c    0   0.72 232.76542 53.40535  4655.15  9400.80 2.61 2.22  77.8 -0.429    19.20 21.76 02a59643o0784c       0  23.404208
59643.604228 19.454622      NaN   -26    20 c    0   0.68 232.76542 53.40535  4635.37  9518.61 2.63 2.23  78.2 -0.424    19.18 21.72 02a59643o0796c       0  23.404208
59647.552317 19.241693      NaN     8    22 c    0   0.84 232.76542 53.40535  4692.33  9439.97 2.73 2.40  81.0 -0.423    18.89 21.77 02a59647o0513c       0  25.134776
59647.555276 19.569016      NaN   -15    18 c    0   1.66 232.76542 53.40535  4713.61  9479.36 2.67 2.33  81.4 -0.429    18.96 21.77 02a59647o0519c       0  21.719967
59647.558703 19.051202      NaN    22    22 c    0   1.10 232.76542 53.40535  4651.60  9401.08 2.70 2.34  76.2 -0.429    18.94 21.77 02a59647o0526c       0  25.134776
59671.484207 19.491430 0.224635    59    12 c    0   1.05 232.76542 53.40535  9031.14  7517.72 3.05 2.71  33.6 -0.384    19.43 21.58 02a59671o0491c       0  17.080895
59671.486035 19.419021 0.227654    63    13 c    0   1.01 232.76542 53.40535  9052.34  7557.14 3.06 2.69  35.9 -0.387    19.46 21.58 02a59671o0495c       0  17.797668
59671.489232 19.384550 0.220540    65    13 c    0   1.21 232.76542 53.40535  8991.42  7482.53 3.01 2.74  36.7 -0.387    19.43 21.58 02a59671o0502c       0  17.797668
59671.495628 19.652575 0.260577    51    12 c    0   1.44 232.76542 53.40535  8972.03  7600.49 3.27 2.81  36.7 -0.377    19.39 21.57 02a59671o0516c       0  17.080895
59675.476079 19.384550      NaN    29    12 c    0   1.48 232.76542 53.40535  8448.85  1234.47 2.44 2.22 -69.1 -0.415    19.27 21.37 02a59675o0567c       0  17.080895
59675.478820 19.197966      NaN     2    25 c    0   0.68 232.76542 53.40535  8469.45  1271.57 2.44 2.28 -74.2 -0.412    18.50 20.56 02a59675o0573c       0  27.798507
59675.485002 19.652575      NaN     9    14 c    0   1.27 232.76542 53.40535  8413.82  1196.77 2.38 2.19 -68.3 -0.425    19.21 21.31 02a59675o0586c       0  18.540684
59675.491029 18.900000      NaN    14    29 c    0   1.12 232.76542 53.40535  8392.25  1315.43 2.56 2.47 -84.6 -0.399    18.39 20.51 02a59675o0599c       0  31.444506
59679.454941 19.696897      NaN     1    16 c    0   1.07 232.76542 53.40535  8448.12  1230.44 2.47 2.27 -70.6 -0.416    19.08 20.86 02a59679o0488c       0  20.093705
59679.457684 19.841877 0.361912    43    14 c    0   1.23 232.76542 53.40535  8464.36  1267.31 2.47 2.30 -71.2 -0.415    19.11 20.86 02a59679o0494c       0  18.540684
59679.460427 19.491430      NaN    14    15 c    0   1.00 232.76542 53.40535  8410.84  1192.95 2.47 2.32 -75.0 -0.411    19.09 20.90 02a59679o0500c       0  19.306915
59679.465553 19.841877      NaN    -5    14 c    0   1.27 232.76542 53.40535  8391.57  1311.16 2.43 2.27 -75.6 -0.417    19.16 20.96 02a59679o0511c       0  18.540684
59679.640112 18.389700      NaN    47    38 c    0   1.05 232.76542 53.40535  2139.00  9327.24 2.36 2.29  -9.7 -0.450    18.35 20.00 02a59679o0884c       0  39.896829
59695.415875 19.436675      NaN    29    11 c    0   1.33 232.76542 53.40535  7089.34  7184.88 2.92 2.50  40.3 -0.395    19.47 21.36 02a59695o0410c       0  16.393809
59695.419082 19.472870      NaN    24    12 c    0   1.37 232.76542 53.40535  7110.20  7224.54 2.95 2.51  40.9 -0.392    19.43 21.37 02a59695o0417c       0  17.080895
59695.424194 19.384550      NaN    26    13 c    0   1.08 232.76542 53.40535  7048.41  7149.82 2.95 2.45  40.6 -0.393    19.47 21.37 02a59695o0428c       0  17.797668
59695.429247 19.868040      NaN     9    11 c    0   1.35 232.76542 53.40535  7030.22  7265.86 2.87 2.47  42.1 -0.396    19.47 21.37 02a59695o0439c       0  16.393809
59699.439977 18.729535      NaN    52    22 c    0   1.24 232.76542 53.40535  3540.76  5257.27 2.73 2.31  38.6 -0.395    18.67 20.18 02a59699o0462c       0  25.134776
59699.443175 18.857417      NaN    45    20 c    0   1.20 232.76542 53.40535  3560.33  5297.98 2.77 2.32  38.9 -0.393    18.91 20.48 02a59699o0469c       0  23.404208
59699.446384 18.356290      NaN    46    40 c    0   0.89 232.76542 53.40535  3502.66  5220.71 2.76 2.32  39.4 -0.390    18.16 19.66 02a59699o0476c       0  41.806183
59699.451490 15.892418      NaN  -187   532 c    0   1.17 232.76542 53.40535  3482.50  5335.56 2.88 2.40  38.7 -0.389    15.23 16.60 02a59699o0487c       2 532.138851
59723.427482 19.743105 0.236030    47    10 c    0   1.01 232.76542 53.40535  9477.29  3193.25 2.72 2.45  20.8 -0.393    19.55 21.26 02a59723o0417c       0  15.740298
59723.461759 19.212347      NaN    37    13 c    0   0.60 232.76542 53.40535  9450.75  3149.64 2.76 2.45  24.0 -0.390    19.50 21.25 02a59723o0491c       0  17.797668
59723.464970 19.351140 0.197407    67    12 c    0   0.88 232.76542 53.40535  9513.30  3232.06 2.67 2.48  15.5 -0.395    19.52 21.25 02a59723o0498c       0  17.080895
59723.470923 19.367717 0.167036    66    10 c    0   1.22 232.76542 53.40535  9532.49  3116.32 2.62 2.45  16.2 -0.392    19.54 21.22 02a59723o0511c       0  15.740298
59727.378067 19.128787 0.227871    82    17 c    0   1.19 232.76542 53.40535  1130.01  7400.19 2.45 2.28  21.9 -0.439    18.90 20.56 02a59727o0308c       0  20.898731
59727.379896 19.318728 0.175634    69    11 c    0   1.55 232.76542 53.40535  1150.24  7438.86 2.46 2.29  20.4 -0.441    19.28 20.98 02a59727o0312c       0  16.393809
59727.382637 19.102305 0.156974    84    12 c    0   1.04 232.76542 53.40535  1089.99  7359.95 2.47 2.29  22.4 -0.435    19.48 21.24 02a59727o0318c       0  17.080895
59727.387744 19.142275 0.312149    81    23 c    0   1.35 232.76542 53.40535  1070.06  7475.52 2.45 2.28  20.7 -0.440    18.72 20.27 02a59727o0329c       0  26.014553
59731.454524 19.038793 0.135717    89    11 c    0   1.05 232.76542 53.40535  6685.76  6972.54 2.86 2.38  32.0 -0.395    19.62 21.41 02a59731o0306c       0  16.393809
59731.458186 19.334813 0.145845    68     9 c    0   1.22 232.76542 53.40535  6667.75  6937.22 2.75 2.40  32.5 -0.403    19.62 21.39 02a59731o0314c       0  15.124714
59731.463696 19.454622 0.199052    61    11 c    0   0.92 232.76542 53.40535  6724.54  7014.52 2.73 2.37  32.0 -0.404    19.66 21.38 02a59731o0326c       0  16.393809
59731.475136 18.978793 0.140095    94    12 c    0   1.27 232.76542 53.40535  6742.91  6895.56 3.42 3.13  27.8 -0.374    19.37 21.33 02a59731o0351c       0  17.080895
59751.348702 18.729535 0.111358   118    12 c    0   0.83 232.76542 53.40535  7702.72  9536.02 2.66 2.53  44.6 -0.407    19.67 21.58 02a59751o0230c       0  17.080895
59751.351903 18.526952 0.092403   142    12 c    0   1.01 232.76542 53.40535  7683.56  9497.29 2.63 2.51  47.0 -0.405    19.69 21.58 02a59751o0237c       0  17.080895
59751.357394 18.438271 0.078059   154    11 c    0   1.05 232.76542 53.40535  7738.29  9577.48 2.67 2.49  38.4 -0.404    19.67 21.57 02a59751o0249c       0  16.393809
59751.390209 18.438271 0.085156   154    12 c    0   0.88 232.76542 53.40535  7747.92  9457.57 2.74 2.56  36.9 -0.405    19.65 21.56 02a59751o0320c       0  17.080895
59779.358401 17.949472 0.054287   241    12 c    0   0.85 232.76542 53.40535  5147.67  4932.39 2.43 2.20  32.6 -0.409    19.67 21.35 02a59779o0022c       0  17.080895
59779.365223 17.995680 0.051927   231    11 c    0   1.39 232.76542 53.40535  5126.73  4892.52 2.63 2.35  34.0 -0.402    19.59 21.38 02a59779o0037c       0  16.393809
59779.368881 17.805624 0.043588   275    11 c    0   1.18 232.76542 53.40535  5184.77  4968.59 2.60 2.31  32.8 -0.401    19.60 21.38 02a59779o0045c       0  16.393809
59779.378907 18.039019 0.049128   222    10 c    0   1.85 232.76542 53.40535  5204.47  4851.95 2.55 2.23  32.3 -0.402    19.64 21.36 02a59779o0067c       0  15.740298
59783.316155 17.986280 0.046799   233    10 c    0   1.66 232.76542 53.40535  5151.61  4934.28 2.43 2.22  29.5 -0.408    19.63 21.25 02a59783o0164c       0  15.740298
59783.319350 17.817577 0.044070   272    11 c    0   1.50 232.76542 53.40535  5131.79  4895.38 2.37 2.19  27.4 -0.411    19.65 21.25 02a59783o0171c       0  16.393809
59783.325689 17.935984 0.044681   244    10 c    0   1.51 232.76542 53.40535  5188.19  4969.84 2.57 2.19  30.0 -0.403    19.63 21.26 02a59783o0185c       0  15.740298
59783.337936 17.896499 0.047393   253    11 c    0   1.25 232.76542 53.40535  5206.23  4852.27 2.43 2.19  28.9 -0.408    19.67 21.33 02a59783o0212c       0  16.393809
59787.321914 17.879400 0.046653   257    11 c    0   1.53 232.76542 53.40535  1795.53  1407.01 2.70 2.47 -72.5 -0.427    19.61 21.42 02a59787o0180c       0  16.393809
59787.325993 17.821591 0.052276   271    13 c    0   1.01 232.76542 53.40535  1774.72  1368.04 2.91 2.69 -75.4 -0.424    19.48 21.40 02a59787o0189c       0  17.797668
59787.334135 17.883650 0.055351   256    13 c    0   1.28 232.76542 53.40535  1834.13  1440.51 2.94 2.79 -79.5 -0.408    19.44 21.36 02a59787o0207c       0  17.797668
59787.344172 17.954005 0.054514   240    12 c    0   1.26 232.76542 53.40535  1856.83  1323.38 2.89 2.67 -74.5 -0.412    19.46 21.30 02a59787o0229c       0  17.080895
59791.281012 17.967720 0.059808   237    13 c    0   1.08 232.76542 53.40535  1797.45  1410.27 2.40 2.26  54.5 -0.427    19.38 21.08 02a59791o0033c       0  17.797668
59791.283836 17.931525 0.062296   245    14 c    0   1.01 232.76542 53.40535  1776.74  1371.17 2.36 2.27  68.6 -0.431    19.36 21.01 02a59791o0039c       0  18.540684
59791.293865 17.913871 0.052536   249    12 c    0   1.24 232.76542 53.40535  1843.34  1447.16 2.47 2.27 -75.5 -0.430    19.48 21.16 02a59791o0061c       0  17.080895
59791.299322 17.927085 0.053179   246    12 c    0   0.94 232.76542 53.40535  1862.38  1325.95 2.47 2.28 -77.1 -0.434    19.59 21.35 02a59791o0073c       0  17.080895
59811.253372 17.954005 0.059057   240    13 c    0   0.93 232.76542 53.40535  3218.22  5050.84 2.32 2.28  33.9 -0.421    19.58 21.29 02a59811o0053c       0  17.797668
59811.257020 17.922662 0.044136   247    10 c    0   1.76 232.76542 53.40535  3198.48  5011.86 2.41 2.24  27.7 -0.415    19.59 21.33 02a59811o0061c       0  15.740298
59811.262488 17.972330 0.055442   236    12 c    0   0.92 232.76542 53.40535  3256.95  5086.33 2.40 2.29  24.4 -0.414    19.57 21.35 02a59811o0073c       0  17.080895
59811.274778 17.913871 0.052536   249    12 c    0   0.83 232.76542 53.40535  3274.03  4969.01 2.39 2.25  29.6 -0.417    19.56 21.34 02a59811o0100c       0  17.080895
59819.266323 17.972330 0.064682   236    14 c    0   0.98 232.76542 53.40535   260.25  9563.32 2.69 2.08 -54.6 -0.479    19.53 21.33 02a59819o0092c       0  18.540684
59819.269525 18.094452 0.062042   211    12 c    0   2.02 232.76542 53.40535   240.03  9525.67 2.61 2.02 -53.0 -0.447    19.52 21.33 02a59819o0099c       0  17.080895
59819.275020 17.854247 0.053872   263    13 c    0   1.17 232.76542 53.40535   294.88  9597.52 2.52 1.98 -54.5 -0.473    19.54 21.32 02a59819o0111c       0  17.797668
59819.278231 18.110074 0.062941   208    12 c    0   1.45 232.76542 53.40535  9553.35  9515.93 2.68 2.61 -52.3 -0.399    19.58 21.43 02a59819o0118c       0  17.080895
59819.281893 18.009935 0.062179   228    13 c    0   0.92 232.76542 53.40535  9531.68  9475.58 2.75 2.68 -37.0 -0.389    19.57 21.42 02a59819o0126c       0  17.797668
59819.288792 18.005163 0.061906   229    13 c    0   1.68 232.76542 53.40535   314.25  9473.58 2.60 1.95 -55.6 -0.465    19.52 21.29 02a59819o0141c       0  17.797668
59819.289244 17.976960 0.060319   235    13 c    0   1.34 232.76542 53.40535  9587.65  9558.27 2.76 2.64 -40.1 -0.393    19.58 21.42 02a59819o0142c       0  17.797668
59819.302079 18.142010 0.070222   202    13 c    0   1.24 232.76542 53.40535  9604.29  9439.43 2.75 2.57 -44.6 -0.391    19.57 21.36 02a59819o0170c       0  17.797668
59841.254447 17.972330 0.055442   236    12 c    0   1.08 232.76542 53.40535  3755.18  1172.26 3.08 2.82  40.9 -0.369    19.37 21.39 01a59841o0100c       0  17.080895
59841.258142 18.125925 0.063867   205    12 c    0   1.25 232.76542 53.40535  3775.45  1211.97 3.03 2.78  42.4 -0.374    19.39 21.38 01a59841o0108c       0  17.080895
59841.264632 18.084160 0.066578   213    13 c    0   1.33 232.76542 53.40535  3722.22  1136.35 3.02 2.77  40.2 -0.372    19.39 21.39 01a59841o0122c       0  17.797668
59841.280995 18.089294 0.066894   212    13 c    0   1.43 232.76542 53.40535  3710.87  1253.86 3.10 2.85  37.3 -0.364    19.31 21.32 01a59841o0157c       0  17.797668
59867.202784 18.043943 0.241823   221    49 c    0   1.16 232.76542 53.40535  1580.80  3067.21 2.65 2.35  32.0 -0.403    17.64 18.52 02a59867o0021c       0  50.485215
59867.205956 18.068904 0.146448   216    29 c    0   0.97 232.76542 53.40535  1564.45  3027.08 2.41 2.31  31.4 -0.409    18.44 19.30 02a59867o0028c       0  31.444506
59867.211385 18.039019 0.083518   222    17 c    0   1.21 232.76542 53.40535  1625.52  3099.05 2.37 2.34 -68.3 -0.420    18.94 20.09 02a59867o0040c       0  20.898731
59867.222698 18.186107 0.095635   194    17 c    0   1.03 232.76542 53.40535  1644.13  2983.45 2.47 2.24 -66.4 -0.419    19.06 20.32 02a59867o0065c       0  20.898731
60048.450383 18.776955 0.096941   113    10 c    0   1.41 232.76542 53.40535   477.11  9021.94 2.30 2.13 -60.3 -0.449    19.58 21.52 02a60048o0456c       0  15.740298
60048.453238 18.836735 0.112671   107    11 c    0   1.32 232.76542 53.40535   496.50  9062.01 2.33 2.15 -54.9 -0.449    19.62 21.47 02a60048o0462c       0  16.393809
60048.484280 18.847027 0.113744   106    11 c    0   1.23 232.76542 53.40535   436.08  8980.24 2.30 2.21 -42.9 -0.452    19.63 21.52 02a60048o0521c       0  16.393809
60048.490326 19.102305 0.130812    84    10 c    0   1.06 232.76542 53.40535   419.29  9099.17 2.33 2.23 -36.8 -0.458    19.61 21.53 02a60048o0534c       0  15.740298
60050.463262 19.063754 0.176748    87    14 c    0   1.02 232.76542 53.40535  9422.14  3211.00 2.44 2.30 -68.8 -0.409    19.24 20.92 02a60050o0484c       0  18.540684
60050.465556 18.816441 0.140744   109    14 c    0   1.43 232.76542 53.40535  9440.57  3248.76 2.42 2.37 -76.1 -0.403    19.11 20.81 02a60050o0489c       0  18.540684
60050.489591 18.900000 0.119431   101    11 c    0   1.44 232.76542 53.40535  9387.29  3177.25 2.43 2.40  76.7 -0.395    19.43 21.21 02a60050o0540c       0  16.393809
60050.492758 18.738855 0.112318   117    12 c    0   1.10 232.76542 53.40535  9369.62  3296.32 2.43 2.39 -65.5 -0.405    19.44 21.19 02a60050o0547c       0  17.080895
60052.484632 19.014394 0.180956    91    15 c    0   0.95 232.76542 53.40535   943.15  7382.04 2.40 2.37  15.4 -0.429    19.24 21.00 02a60052o0540c       0  19.306915
60052.486446 19.051202 0.162236    88    13 c    0   1.41 232.76542 53.40535   962.55  7424.44 2.42 2.36  19.4 -0.426    19.30 21.01 02a60052o0544c       0  17.797668
60052.491215 18.757738 0.123812   115    13 c    0   1.13 232.76542 53.40535   902.42  7345.77 2.36 2.28  24.0 -0.434    19.45 21.15 02a60052o0554c       0  17.797668
60052.518199 18.857417 0.125277   105    12 c    0   1.14 232.76542 53.40535  9742.70  3115.92 2.42 2.29 -53.7 -0.408    19.42 21.04 02a60052o0610c       0  17.080895
60056.449897 18.720295 0.119615   119    13 c    0   1.04 232.76542 53.40535  4931.12  7287.05 2.75 2.39  40.4 -0.390    19.41 21.03 02a60056o0476c       0  17.797668
60056.451716 18.889197 0.128998   102    12 c    0   1.25 232.76542 53.40535  4950.29  7326.69 2.86 2.53  43.4 -0.384    19.36 21.04 02a60056o0480c       0  17.080895
60056.476036 18.955691 0.137146    96    12 c    0   1.25 232.76542 53.40535  4892.72  7250.40 2.71 2.32  37.1 -0.395    19.50 21.13 02a60056o0531c       0  17.080895
60056.481136 18.944322 0.124407    97    11 c    0   1.79 232.76542 53.40535  4869.32  7368.35 2.76 2.33  36.3 -0.393    19.46 21.14 02a60056o0541c       0  16.393809
60058.450927 19.038793 0.135717    89    11 c    0   1.01 232.76542 53.40535  2724.84  1044.79 2.39 2.27  88.8 -0.443    19.47 21.12 02a60058o0476c       0  16.393809
60058.452734 19.076453 0.127734    86    10 c    0   1.30 232.76542 53.40535  2743.60  1083.49 2.36 2.23  84.6 -0.449    19.48 21.12 02a60058o0480c       0  15.740298
60058.468352 19.241693 0.148731    74    10 c    0   1.56 232.76542 53.40535  2687.98  1003.22 2.37 2.24  74.3 -0.443    19.48 21.19 02a60058o0511c       0  15.740298
60058.471367 18.720295 0.110414   119    12 c    0   0.77 232.76542 53.40535  2669.84  1121.61 2.36 2.24  76.2 -0.451    19.51 21.19 02a60058o0517c       0  17.080895